0.023	0.000
0.033	0.000
0.043	0.000
0.053	0.000
0.063	0.000
0.073	0.000
0.083	0.000
0.093	0.000
0.103	0.000
0.113	0.000
0.123	0.000
0.133	0.000
0.143	0.000
0.153	0.000
0.163	0.000
0.173	0.000
0.183	0.000
0.193	0.000
0.203	0.000
0.213	0.000
0.223	0.000
0.233	0.000
0.243	0.000
0.253	0.000
0.263	0.000
0.273	0.000
0.283	0.000
0.293	0.000
0.303	0.000
0.313	0.000
0.323	0.000
0.333	0.000
0.343	0.000
0.353	0.000
0.363	0.000
0.373	0.000
0.383	0.000
0.393	0.000
0.403	0.000
0.413	0.000
0.423	0.000
0.433	0.000
0.443	0.000
0.453	0.000
0.463	0.000
0.473	0.000
0.483	0.000
0.493	0.000
0.503	0.000
0.513	0.000
0.523	0.000
0.533	0.000
0.543	0.000
0.553	0.000
0.563	0.000
0.573	0.000
0.583	0.000
0.593	0.000
0.603	0.000
0.613	0.000
0.623	0.000
0.633	0.000
0.643	0.000
0.653	0.000
0.663	0.000
0.673	0.000
0.683	0.000
0.693	0.000
0.703	0.000
0.713	0.000
0.723	0.000
0.733	0.000
0.743	0.000
0.753	0.000
0.763	0.000
0.773	0.000
0.783	0.000
0.793	0.000
0.803	0.000
0.813	0.000
0.823	0.000
0.833	0.000
0.843	0.000
0.853	0.000
0.863	0.000
0.873	0.000
0.883	0.000
0.893	0.000
0.903	0.000
0.913	0.000
0.923	0.000
0.933	0.000
0.943	0.000
0.953	0.000
0.963	0.000
0.973	0.000
0.983	0.000
0.993	0.000
1.003	0.000
1.013	0.000
1.023	0.000
1.033	0.000
1.043	0.000
1.053	0.000
1.063	0.000
1.073	0.000
1.083	0.000
1.093	0.000
1.103	0.000
1.113	0.000
1.123	0.000
1.133	0.000
1.143	0.000
1.153	0.000
1.163	0.000
1.173	0.000
1.183	0.000
1.193	0.000
1.203	0.000
1.213	0.000
1.223	0.000
1.233	0.000
1.243	0.000
1.253	0.000
1.263	0.000
1.273	0.000
1.283	0.000
1.293	0.000
1.303	0.000
1.313	0.000
1.323	0.000
1.333	0.000
1.343	0.000
1.353	0.000
1.363	0.000
1.373	0.000
1.383	0.000
1.393	0.000
1.403	0.000
1.413	0.000
1.423	0.000
1.433	0.000
1.443	0.000
1.453	0.000
1.463	0.000
1.473	0.000
1.483	0.000
1.493	0.000
1.503	0.000
1.513	0.000
1.523	0.000
1.533	0.000
1.543	0.000
1.553	0.000
1.563	0.000
1.573	0.000
1.583	0.000
1.593	0.000
1.603	0.000
1.613	0.000
1.623	0.000
1.633	0.000
1.643	0.000
1.653	0.000
1.663	0.000
1.673	0.000
1.683	0.000
1.693	0.000
1.703	0.000
1.713	0.000
1.723	0.000
1.733	0.000
1.743	0.000
1.753	259.684
1.763	259.974
1.773	260.000
1.783	259.926
1.793	259.730
1.803	259.563
1.813	259.506
1.823	259.597
1.833	259.566
1.843	259.593
1.853	259.524
1.863	259.269
1.873	258.842
1.883	258.519
1.893	258.036
1.903	257.391
1.913	256.632
1.923	256.360
1.933	255.669
1.943	255.107
1.953	255.008
1.963	255.261
1.973	255.299
1.983	252.959
1.993	251.572
2.003	252.511
2.013	0.000
2.023	0.000
2.033	0.000
2.043	0.000
2.053	0.000
2.063	0.000
2.073	0.000
2.083	0.000
2.093	516.276
2.103	517.867
2.113	519.923
2.123	520.139
2.133	519.856
2.143	519.433
2.153	518.805
2.163	518.247
2.173	518.132
2.183	517.974
2.193	518.112
2.203	518.205
2.213	518.240
2.223	518.152
2.233	518.613
2.243	518.404
2.253	518.608
2.263	518.548
2.273	519.207
2.283	519.381
2.293	521.084
2.303	520.222
2.313	519.198
2.323	517.921
2.333	512.801
2.343	512.972
2.353	513.325
2.363	513.775
2.373	514.211
2.383	514.526
2.393	514.573
2.403	514.217
2.413	512.802
2.423	512.593
2.433	513.034
2.443	514.225
2.453	515.419
2.463	516.200
2.473	517.882
2.483	518.638
2.493	518.850
2.503	518.994
2.513	518.789
2.523	518.389
2.533	518.455
2.543	518.249
2.553	518.441
2.563	518.719
2.573	518.892
2.583	519.579
2.593	517.475
2.603	518.574
2.613	515.854
2.623	519.052
2.633	519.260
2.643	519.187
2.653	519.108
2.663	519.314
2.673	519.422
2.683	519.623
2.693	519.879
2.703	520.134
2.713	520.282
2.723	520.345
2.733	520.113
2.743	519.657
2.753	519.449
2.763	518.928
2.773	518.595
2.783	518.797
2.793	518.221
2.803	517.630
2.813	515.902
2.823	516.900
2.833	516.320
2.843	0.000
2.853	0.000
2.863	0.000
2.873	0.000
2.883	0.000
2.893	0.000
2.903	388.630
2.913	390.029
2.923	390.970
2.933	390.850
2.943	389.956
2.953	388.865
2.963	388.472
2.973	388.276
2.983	388.679
2.993	389.331
3.003	389.687
3.013	390.060
3.023	389.961
3.033	390.009
3.043	389.624
3.053	389.104
3.063	388.482
3.073	387.944
3.083	387.249
3.093	387.384
3.103	389.845
3.113	392.623
3.123	395.267
3.133	413.740
3.143	432.416
3.153	0.000
3.163	0.000
3.173	0.000
3.183	0.000
3.193	636.225
3.203	643.554
3.213	648.212
3.223	653.784
3.233	654.387
3.243	653.866
3.253	653.675
3.263	651.783
3.273	649.566
3.283	647.863
3.293	647.461
3.303	647.328
3.313	647.799
3.323	648.223
3.333	649.373
3.343	651.050
3.353	653.389
3.363	654.644
3.373	657.802
3.383	659.720
3.393	660.077
3.403	660.450
3.413	659.927
3.423	658.428
3.433	657.005
3.443	653.052
3.453	649.889
3.463	647.561
3.473	646.889
3.483	646.330
3.493	646.435
3.503	646.579
3.513	647.538
3.523	649.862
3.533	653.731
3.543	655.656
3.553	659.162
3.563	660.120
3.573	660.078
3.583	659.995
3.593	658.856
3.603	655.956
3.613	653.721
3.623	649.219
3.633	646.353
3.643	644.739
3.653	644.334
3.663	644.110
3.673	644.295
3.683	644.448
3.693	645.660
3.703	648.099
3.713	653.014
3.723	656.290
3.733	659.284
3.743	659.529
3.753	659.301
3.763	659.088
3.773	657.890
3.783	654.715
3.793	651.605
3.803	646.901
3.813	644.242
3.823	642.681
3.833	642.193
3.843	641.987
3.853	642.935
3.863	643.885
3.873	646.589
3.883	650.147
3.893	651.491
3.903	651.513
3.913	650.977
3.923	649.987
3.933	649.019
3.943	649.034
3.953	648.802
3.963	647.116
3.973	646.898
3.983	0.000
3.993	0.000
4.003	0.000
4.013	0.000
4.023	0.000
4.033	0.000
4.043	0.000
4.053	646.699
4.063	649.357
4.073	650.575
4.083	650.590
4.093	650.819
4.103	650.841
4.113	650.940
4.123	651.124
4.133	651.660
4.143	651.892
4.153	652.003
4.163	651.659
4.173	650.615
4.183	648.627
4.193	646.808
4.203	637.344
4.213	609.796
4.223	598.693
4.233	593.803
4.243	593.073
4.253	592.392
4.263	591.968
4.273	591.615
4.283	591.695
4.293	591.668
4.303	591.782
4.313	592.173
4.323	592.031
4.333	590.892
4.343	588.169
4.353	585.611
4.363	0.000
4.373	0.000
4.383	524.916
4.393	525.814
4.403	525.679
4.413	525.273
4.423	524.588
4.433	523.718
4.443	523.427
4.453	522.772
4.463	522.622
4.473	522.597
4.483	522.581
4.493	522.951
4.503	523.495
4.513	523.883
4.523	524.929
4.533	526.026
4.543	527.447
4.553	527.990
4.563	528.924
4.573	529.144
4.583	528.911
4.593	528.657
4.603	528.164
4.613	527.609
4.623	527.418
4.633	520.681
4.643	519.663
4.653	519.573
4.663	519.831
4.673	520.053
4.683	520.628
4.693	521.049
4.703	521.975
4.713	523.220
4.723	524.445
4.733	525.060
4.743	526.210
4.753	527.297
4.763	528.053
4.773	528.176
4.783	527.786
4.793	526.660
4.803	525.891
4.813	524.251
4.823	522.927
4.833	521.988
4.843	521.534
4.853	520.763
4.863	521.175
4.873	521.411
4.883	521.563
4.893	520.626
4.903	517.245
4.913	519.379
4.923	526.122
4.933	527.228
4.943	527.301
4.953	527.185
4.963	526.027
4.973	524.692
4.983	524.254
4.993	523.185
5.003	522.865
5.013	523.212
5.023	523.448
5.033	524.361
5.043	525.229
5.053	525.594
5.063	526.114
5.073	526.335
5.083	526.141
5.093	525.933
5.103	525.429
5.113	524.952
5.123	525.191
5.133	525.112
5.143	525.744
5.153	529.162
5.163	0.000
5.173	0.000
5.183	0.000
5.193	393.375
5.203	392.723
5.213	392.057
5.223	392.695
5.233	393.279
5.243	393.148
5.253	391.987
5.263	391.457
5.273	391.612
5.283	392.290
5.293	392.833
5.303	393.475
5.313	393.589
5.323	393.621
5.333	393.563
5.343	393.371
5.353	393.164
5.363	392.935
5.373	392.447
5.383	392.124
5.393	392.060
5.403	392.111
5.413	391.967
5.423	391.806
5.433	391.206
5.443	389.334
5.453	0.000
5.463	0.000
5.473	0.000
5.483	0.000
5.493	0.000
5.503	0.000
5.513	669.981
5.523	670.381
5.533	670.547
5.543	670.087
5.553	668.616
5.563	667.618
5.573	665.445
5.583	662.374
5.593	661.034
5.603	659.047
5.613	657.630
5.623	657.297
5.633	657.597
5.643	658.510
5.653	660.237
5.663	662.829
5.673	664.425
5.683	667.409
5.693	668.905
5.703	669.160
5.713	668.918
5.723	668.296
5.733	667.798
5.743	667.490
5.753	665.758
5.763	662.422
5.773	660.771
5.783	658.169
5.793	656.167
5.803	656.583
5.813	657.454
5.823	659.339
5.833	661.036
5.843	662.922
5.853	663.899
5.863	666.172
5.873	668.556
5.883	669.543
5.893	671.270
5.903	671.736
5.913	669.544
5.923	667.716
5.933	664.112
5.943	661.428
5.953	660.347
5.963	658.783
5.973	657.334
5.983	656.520
5.993	656.465
6.003	657.283
6.013	659.191
6.023	661.725
6.033	663.331
6.043	667.119
6.053	669.948
6.063	671.044
6.073	673.101
6.083	673.339
6.093	671.404
6.103	670.078
6.113	666.676
6.123	662.147
6.133	659.133
6.143	657.977
6.153	655.687
6.163	655.058
6.173	655.534
6.183	656.520
6.193	658.055
6.203	659.897
6.213	660.572
6.223	661.716
6.233	662.373
6.243	662.267
6.253	662.898
6.263	662.803
6.273	661.138
6.283	661.997
6.293	661.558
6.303	659.390
6.313	658.952
6.323	657.116
6.333	658.508
6.343	659.029
6.353	658.959
6.363	658.898
6.373	658.424
6.383	657.733
6.393	657.273
6.403	656.251
6.413	655.156
6.423	654.859
6.433	653.727
6.443	652.701
6.453	651.955
6.463	651.400
6.473	647.427
6.483	638.387
6.493	608.112
6.503	595.439
6.513	593.198
6.523	593.513
6.533	592.834
6.543	591.786
6.553	591.176
6.563	590.792
6.573	590.639
6.583	590.768
6.593	590.443
6.603	590.147
6.613	589.103
6.623	586.791
6.633	582.421
6.643	577.310
6.653	569.190
6.663	568.705
6.673	542.207
6.683	532.126
6.693	529.956
6.703	529.388
6.713	528.587
6.723	527.122
6.733	525.710
6.743	524.731
6.753	524.422
6.763	524.999
6.773	526.157
6.783	526.818
6.793	528.066
6.803	529.308
6.813	530.237
6.823	530.581
6.833	531.226
6.843	531.867
6.853	532.754
6.863	533.235
6.873	535.519
6.883	538.604
6.893	546.051
6.903	563.180
6.913	565.787
6.923	586.001
6.933	588.635
6.943	591.224
6.953	591.915
6.963	591.851
6.973	591.552
6.983	591.170
6.993	590.427
7.003	589.916
7.013	587.936
7.023	586.136
7.033	585.781
7.043	588.002
7.053	599.210
7.063	617.760
7.073	629.103
7.083	655.681
7.093	663.267
7.103	666.011
7.113	667.071
7.123	668.354
7.133	669.099
7.143	669.059
7.153	668.578
7.163	667.420
7.173	666.060
7.183	664.769
7.193	662.105
7.203	656.337
7.213	609.049
7.223	596.844
7.233	580.987
7.243	588.537
7.253	591.115
7.263	591.984
7.273	590.437
7.283	587.339
7.293	585.762
7.303	583.068
7.313	581.340
7.323	581.043
7.333	581.527
7.343	583.279
7.353	585.549
7.363	586.610
7.373	588.079
7.383	588.378
7.393	587.959
7.403	587.547
7.413	587.527
7.423	591.054
7.433	592.089
7.443	588.164
7.453	585.563
7.463	585.951
7.473	587.105
7.483	574.563
7.493	542.234
7.503	528.962
7.513	528.512
7.523	526.670
7.533	525.789
7.543	525.187
7.553	524.205
7.563	524.370
7.573	524.034
7.583	524.085
7.593	524.441
7.603	524.199
7.613	524.894
7.623	524.426
7.633	524.455
7.643	525.339
7.653	524.621
7.663	526.270
7.673	527.686
7.683	528.341
7.693	531.787
7.703	531.762
7.713	532.096
7.723	531.725
7.733	532.159
7.743	540.901
7.753	539.580
7.763	528.063
7.773	516.489
7.783	500.340
7.793	489.035
7.803	489.695
7.813	490.072
7.823	490.037
7.833	490.113
7.843	490.059
7.853	489.625
7.863	488.912
7.873	488.613
7.883	488.275
7.893	488.549
7.903	488.702
7.913	489.311
7.923	490.026
7.933	490.848
7.943	491.342
7.953	492.270
7.963	493.535
7.973	494.030
7.983	494.734
7.993	494.824
8.003	494.623
8.013	493.909
8.023	492.663
8.033	494.679
8.043	0.000
8.053	0.000
8.063	0.000
8.073	0.000
8.083	398.052
8.093	398.387
8.103	398.721
8.113	398.360
8.123	397.833
8.133	396.357
8.143	394.791
8.153	394.514
8.163	394.514
8.173	394.434
8.183	394.350
8.193	394.366
8.203	394.020
8.213	393.680
8.223	393.343
8.233	393.080
8.243	392.662
8.253	392.134
8.263	391.950
8.273	396.407
8.283	399.210
8.293	392.076
8.303	389.618
8.313	389.573
8.323	389.247
8.333	0.000
8.343	0.000
8.353	0.000
8.363	0.000
8.373	0.000
8.383	0.000
8.393	0.000
8.403	0.000
8.413	0.000
8.423	191.056
8.433	191.907
8.443	192.231
8.453	193.071
8.463	193.572
8.473	193.803
8.483	193.890
8.493	194.139
8.503	194.293
8.513	194.207
8.523	193.945
8.533	193.890
8.543	194.035
8.553	194.140
8.563	194.185
8.573	194.193
8.583	194.249
8.593	194.272
8.603	194.326
8.613	194.182
8.623	194.235
8.633	0.000
8.643	0.000
8.653	0.000
8.663	0.000
8.673	255.353
8.683	259.526
8.693	260.462
8.703	260.040
8.713	259.624
8.723	259.265
8.733	258.969
8.743	258.592
8.753	258.542
8.763	258.443
8.773	258.549
8.783	258.564
8.793	258.341
8.803	257.802
8.813	258.183
8.823	255.033
8.833	258.693
8.843	256.638
8.853	260.241
8.863	0.000
8.873	0.000
8.883	0.000
8.893	0.000
8.903	0.000
8.913	0.000
8.923	0.000
8.933	0.000
8.943	0.000
8.953	0.000
8.963	0.000
8.973	527.205
8.983	525.976
8.993	524.811
9.003	524.807
9.013	524.727
9.023	524.319
9.033	522.829
9.043	521.075
9.053	519.376
9.063	518.822
9.073	517.817
9.083	517.368
9.093	517.206
9.103	517.103
9.113	517.134
9.123	517.843
9.133	518.183
9.143	519.981
9.153	522.572
9.163	523.864
9.173	526.366
9.183	527.704
9.193	536.363
9.203	540.471
9.213	538.238
9.223	525.680
9.233	518.612
9.243	516.833
9.253	516.192
9.263	516.428
9.273	516.810
9.283	517.545
9.293	518.681
9.303	520.115
9.313	520.880
9.323	522.673
9.333	524.610
9.343	525.599
9.353	527.135
9.363	528.110
9.373	528.307
9.383	527.985
9.393	526.933
9.403	525.409
9.413	523.558
9.423	522.810
9.433	521.564
9.443	520.713
9.453	520.235
9.463	519.940
9.473	520.311
9.483	520.681
9.493	521.195
9.503	521.817
9.513	523.131
9.523	523.535
9.533	525.777
9.543	526.799
9.553	526.060
9.563	525.991
9.573	525.457
9.583	524.578
9.593	522.780
9.603	521.937
9.613	520.643
9.623	520.527
9.633	520.844
9.643	521.838
9.653	522.946
9.663	524.188
9.673	524.695
9.683	525.568
9.693	526.657
9.703	527.044
9.713	527.392
9.723	527.384
9.733	527.751
9.743	0.000
9.753	0.000
9.763	0.000
9.773	0.000
9.783	0.000
9.793	0.000
9.803	0.000
9.813	0.000
9.823	387.664
9.833	388.603
9.843	390.822
9.853	391.588
9.863	392.035
9.873	390.692
9.883	389.383
9.893	389.079
9.903	389.282
9.913	389.838
9.923	389.891
9.933	390.650
9.943	390.858
9.953	390.602
9.963	390.387
9.973	390.235
9.983	390.044
9.993	389.839
10.003	389.175
10.013	388.463
10.023	387.897
10.033	387.804
10.043	387.592
10.053	387.283
10.063	386.904
10.073	386.712
10.083	386.460
10.093	0.000
10.103	0.000
10.113	0.000
10.123	0.000
10.133	0.000
10.143	0.000
10.153	0.000
10.163	657.721
10.173	658.588
10.183	658.531
10.193	657.635
10.203	655.714
10.213	654.041
10.223	650.279
10.233	647.532
10.243	645.907
10.253	645.348
10.263	644.524
10.273	644.087
10.283	644.242
10.293	645.027
10.303	646.760
10.313	649.924
10.323	651.822
10.333	655.746
10.343	657.979
10.353	658.404
10.363	658.237
10.373	657.614
10.383	656.166
10.393	654.683
10.403	650.003
10.413	645.680
10.423	643.820
10.433	643.492
10.443	643.727
10.453	644.882
10.463	645.525
10.473	647.292
10.483	648.955
10.493	651.854
10.503	653.826
10.513	657.700
10.523	659.635
10.533	659.614
10.543	658.294
10.553	656.239
10.563	653.969
10.573	652.608
10.583	648.881
10.593	645.890
10.603	644.281
10.613	644.075
10.623	644.029
10.633	644.721
10.643	645.365
10.653	646.795
10.663	648.921
10.673	653.260
10.683	655.575
10.693	659.107
10.703	660.589
10.713	660.977
10.723	660.984
10.733	659.977
10.743	657.699
10.753	656.138
10.763	652.262
10.773	648.692
10.783	647.102
10.793	646.817
10.803	646.202
10.813	646.103
10.823	646.328
10.833	647.720
10.843	650.501
10.853	653.669
10.863	655.376
10.873	658.154
10.883	659.164
10.893	659.206
10.903	659.132
10.913	658.578
10.923	657.754
10.933	656.648
10.943	658.798
10.953	657.435
10.963	645.458
10.973	645.359
10.983	650.491
10.993	653.061
11.003	653.582
11.013	653.789
11.023	651.963
11.033	650.855
11.043	650.674
11.053	650.156
11.063	649.604
11.073	649.432
11.083	648.749
11.093	646.809
11.103	643.618
11.113	642.344
11.123	636.254
11.133	609.693
11.143	595.860
11.153	594.012
11.163	592.278
11.173	591.136
11.183	590.624
11.193	589.611
11.203	588.610
11.213	587.939
11.223	587.578
11.233	586.501
11.243	585.217
11.253	583.178
11.263	581.389
11.273	577.952
11.283	573.801
11.293	573.334
11.303	572.601
11.313	540.570
11.323	523.133
11.333	522.687
11.343	520.000
11.353	518.515
11.363	518.568
11.373	517.357
11.383	516.564
11.393	516.459
11.403	516.161
11.413	516.085
11.423	516.482
11.433	517.061
11.443	516.428
11.453	518.971
11.463	521.616
11.473	522.281
11.483	528.071
11.493	530.371
11.503	535.929
11.513	540.170
11.523	554.247
11.533	0.000
11.543	0.000
11.553	535.586
11.563	519.335
11.573	516.415
11.583	516.311
11.593	515.378
11.603	515.356
11.613	515.949
11.623	516.252
11.633	517.017
11.643	518.616
11.653	519.138
11.663	521.063
11.673	522.815
11.683	524.003
11.693	524.546
11.703	524.672
11.713	524.470
11.723	524.344
11.733	523.537
11.743	522.876
11.753	520.739
11.763	519.121
11.773	518.571
11.783	517.546
11.793	516.279
11.803	516.967
11.813	516.523
11.823	516.576
11.833	517.488
11.843	517.673
11.853	518.177
11.863	518.186
11.873	519.710
11.883	520.676
11.893	521.565
11.903	522.011
11.913	522.425
11.923	521.991
11.933	520.930
11.943	520.180
11.953	518.985
11.963	518.872
11.973	519.445
11.983	519.692
11.993	520.158
12.003	520.632
12.013	520.811
12.023	521.919
12.033	522.613
12.043	522.930
12.053	523.437
12.063	523.460
12.073	527.005
12.083	529.820
12.093	0.000
12.103	0.000
12.113	0.000
12.123	0.000
12.133	0.000
12.143	0.000
12.153	393.366
12.163	394.055
12.173	393.086
12.183	391.754
12.193	391.481
12.203	390.413
12.213	390.419
12.223	391.079
12.233	391.410
12.243	391.826
12.253	391.893
12.263	391.854
12.273	391.463
12.283	391.226
12.293	391.257
12.303	391.169
12.313	390.997
12.323	390.600
12.333	390.331
12.343	390.571
12.353	389.858
12.363	388.978
12.373	388.948
12.383	388.939
12.393	391.109
12.403	0.000
12.413	0.000
12.423	0.000
12.433	0.000
12.443	0.000
12.453	0.000
12.463	0.000
12.473	664.571
12.483	664.587
12.493	663.284
12.503	661.170
12.513	658.561
12.523	657.268
12.533	654.981
12.543	653.017
12.553	652.564
12.563	652.249
12.573	652.556
12.583	653.658
12.593	654.651
12.603	657.419
12.613	660.426
12.623	663.502
12.633	665.344
12.643	667.892
12.653	668.871
12.663	668.970
12.673	668.529
12.683	666.990
12.693	664.134
12.703	662.027
12.713	658.483
12.723	655.299
12.733	653.622
12.743	652.576
12.753	652.251
12.763	652.611
12.773	652.829
12.783	653.671
12.793	655.329
12.803	658.413
12.813	660.143
12.823	663.040
12.833	664.860
12.843	665.156
12.853	664.980
12.863	663.888
12.873	662.211
12.883	661.135
12.893	657.987
12.903	654.651
12.913	653.278
12.923	651.854
12.933	651.806
12.943	651.644
12.953	651.675
12.963	651.788
12.973	653.317
12.983	655.859
12.993	657.395
13.003	660.609
13.013	663.261
13.023	664.481
13.033	667.011
13.043	668.145
13.053	667.378
13.063	666.343
13.073	662.717
13.083	659.471
13.093	658.201
13.103	655.711
13.113	652.665
13.123	651.834
13.133	651.981
13.143	652.532
13.153	653.670
13.163	655.668
13.173	656.738
13.183	658.727
13.193	660.348
13.203	660.750
13.213	661.668
13.223	662.029
13.233	662.419
13.243	662.760
13.253	663.270
13.263	664.063
13.273	662.802
13.283	656.028
13.293	654.378
13.303	657.327
13.313	657.217
13.323	657.678
13.333	657.507
13.343	657.131
13.353	656.988
13.363	656.702
13.373	656.268
13.383	655.853
13.393	655.057
13.403	654.067
13.413	652.716
13.423	651.656
13.433	647.580
13.443	637.768
13.453	629.026
13.463	599.639
13.473	594.675
13.483	593.895
13.493	593.407
13.503	591.725
13.513	590.944
13.523	590.588
13.533	590.637
13.543	590.288
13.553	589.522
13.563	589.051
13.573	587.646
13.583	586.021
13.593	582.108
13.603	577.746
13.613	573.735
13.623	555.887
13.633	530.956
13.643	527.382
13.653	526.408
13.663	525.153
13.673	524.407
13.683	522.693
13.693	521.198
13.703	520.770
13.713	520.939
13.723	521.847
13.733	522.822
13.743	522.883
13.753	523.821
13.763	524.850
13.773	525.380
13.783	526.425
13.793	526.899
13.803	527.345
13.813	530.384
13.823	532.172
13.833	544.782
13.843	561.409
13.853	564.764
13.863	569.613
13.873	580.031
13.883	589.366
13.893	591.790
13.903	591.932
13.913	591.242
13.923	591.154
13.933	590.137
13.943	588.744
13.953	587.597
13.963	587.292
13.973	587.118
13.983	587.424
13.993	587.377
14.003	587.199
14.013	587.155
14.023	601.137
14.033	606.339
14.043	625.402
14.053	654.073
14.063	660.401
14.073	662.135
14.083	663.504
14.093	663.247
14.103	663.047
14.113	661.413
14.123	659.214
14.133	654.761
14.143	649.665
14.153	630.762
14.163	606.762
14.173	598.460
14.183	597.656
14.193	582.447
14.203	588.125
14.213	591.101
14.223	591.859
14.233	589.619
14.243	586.488
14.253	584.547
14.263	582.214
14.273	580.925
14.283	580.883
14.293	581.551
14.303	583.105
14.313	584.269
14.323	584.479
14.333	584.234
14.343	583.750
14.353	583.499
14.363	583.223
14.373	583.813
14.383	581.936
14.393	581.111
14.403	582.479
14.413	586.842
14.423	588.475
14.433	587.214
14.443	580.090
14.453	559.389
14.463	541.748
14.473	531.620
14.483	526.835
14.493	522.882
14.503	523.133
14.513	519.472
14.523	518.810
14.533	520.111
14.543	518.258
14.553	519.501
14.563	521.264
14.573	518.695
14.583	520.860
14.593	521.655
14.603	519.675
14.613	521.861
14.623	522.391
14.633	521.692
14.643	527.092
14.653	527.804
14.663	527.160
14.673	532.201
14.683	538.512
14.693	545.420
14.703	519.146
14.713	509.608
14.723	505.784
14.733	491.477
14.743	490.823
14.753	491.147
14.763	490.944
14.773	489.679
14.783	488.005
14.793	487.277
14.803	486.545
14.813	486.277
14.823	486.480
14.833	486.869
14.843	487.551
14.853	488.196
14.863	488.599
14.873	489.517
14.883	490.292
14.893	491.248
14.903	491.790
14.913	492.901
14.923	493.248
14.933	493.227
14.943	492.547
14.953	491.439
14.963	490.494
14.973	491.807
14.983	0.000
14.993	0.000
15.003	0.000
15.013	0.000
15.023	0.000
15.033	0.000
15.043	393.073
15.053	392.479
15.063	391.916
15.073	391.327
15.083	391.358
15.093	391.970
15.103	392.760
15.113	393.266
15.123	393.541
15.133	393.602
15.143	393.171
15.153	392.905
15.163	392.126
15.173	391.516
15.183	390.983
15.193	390.952
15.203	390.641
15.213	389.468
15.223	389.384
15.233	391.275
15.243	391.554
15.253	389.530
15.263	389.618
15.273	388.774
15.283	386.774
15.293	388.100
15.303	0.000
15.313	0.000
15.323	0.000
15.333	0.000
15.343	0.000
15.353	192.646
15.363	193.606
15.373	193.796
15.383	194.008
15.393	193.806
15.403	193.968
15.413	193.715
15.423	193.992
15.433	194.151
15.443	194.457
15.453	194.182
15.463	194.097
15.473	193.918
15.483	194.682
15.493	193.676
15.503	193.939
15.513	194.006
15.523	194.254
15.533	194.189
15.543	194.115
15.553	193.885
15.563	193.738
15.573	193.967
15.583	193.729
15.593	194.493
15.603	193.931
15.613	193.877
15.623	193.924
15.633	193.696
15.643	194.129
15.653	0.000
15.663	520.129
15.673	519.676
15.683	519.092
15.693	519.299
15.703	519.138
15.713	519.301
15.723	519.689
15.733	519.680
15.743	519.775
15.753	520.759
15.763	521.186
15.773	520.318
15.783	522.475
15.793	522.495
15.803	521.698
15.813	519.955
15.823	521.474
15.833	521.627
15.843	522.565
15.853	522.013
15.863	519.882
15.873	519.921
15.883	519.062
15.893	0.000
15.903	0.000
15.913	0.000
15.923	0.000
15.933	634.525
15.943	637.490
15.953	647.204
15.963	655.187
15.973	656.474
15.983	656.165
15.993	654.156
16.003	651.789
16.013	651.215
16.023	650.924
16.033	651.134
16.043	651.694
16.053	651.823
16.063	652.518
16.073	653.620
16.083	654.601
16.093	654.595
16.103	654.766
16.113	655.629
16.123	655.003
16.133	653.121
16.143	652.767
16.153	653.297
16.163	0.000
16.173	0.000
16.183	0.000
16.193	0.000
16.203	584.301
16.213	582.244
16.223	583.539
16.233	583.692
16.243	582.195
16.253	580.111
16.263	579.648
16.273	579.808
16.283	580.470
16.293	580.666
16.303	580.516
16.313	579.068
16.323	576.484
16.333	572.657
16.343	570.349
16.353	562.361
16.363	558.048
16.373	544.641
16.383	533.804
16.393	525.134
16.403	522.174
16.413	522.553
16.423	520.139
16.433	520.228
16.443	520.573
16.453	519.693
16.463	520.091
16.473	519.745
16.483	519.626
16.493	521.076
16.503	539.666
16.513	555.688
16.523	559.516
16.533	572.997
16.543	578.392
16.553	580.123
16.563	580.693
16.573	579.757
16.583	577.787
16.593	576.670
16.603	575.221
16.613	575.337
16.623	576.457
16.633	577.350
16.643	578.849
16.653	578.918
16.663	578.823
16.673	577.873
16.683	578.173
16.693	579.865
16.703	580.387
16.713	582.154
16.723	581.524
16.733	578.651
16.743	576.004
16.753	580.978
16.763	589.804
16.773	590.676
16.783	596.387
16.793	638.132
16.803	650.397
16.813	655.161
16.823	659.667
16.833	661.530
16.843	661.858
16.853	662.000
16.863	661.592
16.873	661.180
16.883	660.988
16.893	660.989
16.903	661.222
16.913	661.586
16.923	661.603
16.933	662.006
16.943	661.975
16.953	662.118
16.963	661.113
16.973	659.688
16.983	657.340
16.993	656.839
17.003	651.794
17.013	646.660
17.023	645.678
17.033	643.384
17.043	647.723
17.053	657.252
17.063	668.740
17.073	686.713
17.083	692.320
17.093	695.159
17.103	696.794
17.113	698.666
17.123	699.543
17.133	698.770
17.143	697.952
17.153	696.953
17.163	695.925
17.173	696.006
17.183	696.007
17.193	695.904
17.203	695.961
17.213	696.130
17.223	696.509
17.233	696.536
17.243	696.507
17.253	695.972
17.263	695.442
17.273	695.239
17.283	695.307
17.293	695.921
17.303	695.359
17.313	694.405
17.323	687.364
17.333	0.000
17.343	0.000
17.353	0.000
17.363	0.000
17.373	647.929
17.383	650.416
17.393	656.283
17.403	659.181
17.413	656.546
17.423	654.844
17.433	652.460
17.443	651.359
17.453	649.184
17.463	647.358
17.473	644.753
17.483	644.742
17.493	645.186
17.503	647.096
17.513	650.397
17.523	654.665
17.533	657.069
17.543	661.835
17.553	665.972
17.563	667.862
17.573	668.086
17.583	667.564
17.593	666.256
17.603	665.042
17.613	661.471
17.623	658.401
17.633	653.815
17.643	651.698
17.653	650.500
17.663	650.509
17.673	651.066
17.683	653.777
17.693	657.920
17.703	661.718
17.713	663.251
17.723	664.812
17.733	665.254
17.743	664.995
17.753	664.580
17.763	662.949
17.773	660.820
17.783	659.742
17.793	657.625
17.803	656.372
17.813	656.533
17.823	656.616
17.833	657.594
17.843	0.000
17.853	0.000
17.863	0.000
17.873	0.000
17.883	0.000
17.893	0.000
17.903	0.000
17.913	0.000
17.923	0.000
17.933	0.000
17.943	0.000
17.953	518.669
17.963	521.156
17.973	521.243
17.983	522.119
17.993	523.690
18.003	524.344
18.013	525.769
18.023	526.991
18.033	527.571
18.043	528.535
18.053	529.136
18.063	529.455
18.073	529.509
18.083	529.359
18.093	529.067
18.103	528.699
18.113	528.579
18.123	528.416
18.133	528.740
18.143	528.936
18.153	529.490
18.163	529.632
18.173	530.107
18.183	530.379
18.193	527.405
18.203	0.000
18.213	0.000
18.223	0.000
18.233	0.000
18.243	668.118
18.253	669.274
18.263	670.185
18.273	670.028
18.283	668.556
18.293	667.344
18.303	664.318
18.313	660.931
18.323	659.785
18.333	658.009
18.343	657.454
18.353	658.073
18.363	658.406
18.373	659.098
18.383	660.018
18.393	660.611
18.403	661.308
18.413	661.650
18.423	661.488
18.433	661.157
18.443	660.577
18.453	660.167
18.463	660.034
18.473	660.449
18.483	0.000
18.493	0.000
18.503	0.000
18.513	0.000
18.523	586.375
18.533	585.036
18.543	586.787
18.553	588.333
18.563	585.942
18.573	584.041
18.583	581.728
18.593	580.818
18.603	580.853
18.613	580.832
18.623	579.884
18.633	576.893
18.643	574.318
18.653	570.962
18.663	561.316
18.673	557.344
18.683	557.884
18.693	541.930
18.703	531.165
18.713	525.993
18.723	525.853
18.733	522.711
18.743	522.719
18.753	521.951
18.763	521.632
18.773	522.986
18.783	524.302
18.793	528.285
18.803	552.339
18.813	559.162
18.823	557.568
18.833	548.769
18.843	564.855
18.853	573.550
18.863	575.246
18.873	576.246
18.883	574.012
18.893	571.369
18.903	570.752
18.913	569.497
18.923	568.879
18.933	569.071
18.943	569.278
18.953	570.253
18.963	571.322
18.973	571.934
18.983	573.106
18.993	573.940
19.003	574.666
19.013	574.865
19.023	574.500
19.033	574.393
19.043	574.830
19.053	575.251
19.063	0.000
19.073	0.000
19.083	0.000
19.093	0.000
19.103	654.600
19.113	658.856
19.123	662.067
19.133	665.967
19.143	668.320
19.153	668.578
19.163	668.109
19.173	667.454
19.183	666.970
19.193	666.834
19.203	666.699
19.213	666.736
19.223	666.624
19.233	666.338
19.243	666.190
19.253	666.077
19.263	666.160
19.273	666.038
19.283	665.426
19.293	664.544
19.303	664.253
19.313	662.657
19.323	660.827
19.333	659.128
19.343	650.490
19.353	644.813
19.363	644.028
19.373	644.720
19.383	683.478
19.393	696.138
19.403	698.397
19.413	701.213
19.423	702.611
19.433	703.412
19.443	703.529
19.453	702.886
19.463	702.051
19.473	700.847
19.483	700.595
19.493	699.904
19.503	699.459
19.513	699.357
19.523	699.559
19.533	699.734
19.543	700.192
19.553	700.439
19.563	700.923
19.573	700.972
19.583	700.839
19.593	700.412
19.603	699.835
19.613	699.286
19.623	698.726
19.633	698.606
19.643	0.000
19.653	0.000
19.663	0.000
19.673	0.000
19.683	0.000
19.693	663.037
19.703	670.030
19.713	672.404
19.723	672.779
19.733	672.537
19.743	671.592
19.753	669.640
19.763	668.271
19.773	664.637
19.783	661.165
19.793	659.281
19.803	658.777
19.813	658.420
19.823	659.276
19.833	661.083
19.843	662.281
19.853	665.999
19.863	669.537
19.873	670.800
19.883	673.395
19.893	675.292
19.903	674.810
19.913	674.214
19.923	672.313
19.933	669.162
19.943	667.093
19.953	662.732
19.963	659.687
19.973	658.225
19.983	657.989
19.993	659.347
20.003	661.626
20.013	664.426
20.023	665.812
20.033	668.024
20.043	668.893
20.053	669.142
20.063	669.054
20.073	668.090
20.083	666.215
20.093	664.967
20.103	662.585
20.113	661.564
20.123	660.771
20.133	660.255
20.143	660.026
20.153	660.779
20.163	661.223
20.173	0.000
20.183	0.000
20.193	0.000
20.203	0.000
20.213	0.000
20.223	0.000
20.233	0.000
20.243	0.000
20.253	0.000
20.263	0.000
20.273	0.000
20.283	0.000
20.293	515.116
20.303	517.329
20.313	518.692
20.323	521.349
20.333	523.330
20.343	524.091
20.353	525.645
20.363	527.186
20.373	527.775
20.383	527.650
20.393	526.503
20.403	524.484
20.413	523.922
20.423	523.865
20.433	524.150
20.443	524.070
20.453	523.574
20.463	525.320
20.473	0.000
20.483	0.000
20.493	0.000
20.503	0.000
20.513	0.000
20.523	0.000
20.533	0.000
20.543	0.000
20.553	0.000
20.563	0.000
20.573	679.205
20.583	698.113
20.593	701.708
20.603	703.292
20.613	703.749
20.623	703.596
20.633	703.400
20.643	702.833
20.653	701.861
20.663	701.519
20.673	702.039
20.683	702.233
20.693	702.815
20.703	703.293
20.713	703.964
20.723	704.313
20.733	704.692
20.743	704.682
20.753	704.434
20.763	703.429
20.773	703.031
20.783	701.505
20.793	701.495
20.803	0.000
20.813	0.000
20.823	0.000
20.833	0.000
20.843	0.000
20.853	0.000
20.863	653.104
20.873	666.054
20.883	668.401
20.893	669.324
20.903	668.684
20.913	667.047
20.923	665.896
20.933	662.170
20.943	658.341
20.953	656.786
20.963	654.164
20.973	654.016
20.983	655.377
20.993	656.265
21.003	658.364
21.013	661.241
21.023	665.322
21.033	667.215
21.043	669.961
21.053	671.290
21.063	671.594
21.073	670.781
21.083	667.859
21.093	662.742
21.103	660.469
21.113	656.689
21.123	652.514
21.133	651.752
21.143	651.895
21.153	652.846
21.163	654.637
21.173	655.967
21.183	659.296
21.193	662.620
21.203	665.795
21.213	666.693
21.223	667.276
21.233	666.845
21.243	666.126
21.253	663.870
21.263	661.979
21.273	660.198
21.283	658.970
21.293	658.262
21.303	0.000
21.313	0.000
21.323	0.000
21.333	0.000
21.343	0.000
21.353	0.000
21.363	0.000
21.373	0.000
21.383	0.000
21.393	0.000
21.403	0.000
21.413	586.639
21.423	586.958
21.433	589.103
21.443	591.491
21.453	592.349
21.463	592.019
21.473	591.904
21.483	591.687
21.493	591.415
21.503	591.335
21.513	591.578
21.523	592.095
21.533	592.118
21.543	592.388
21.553	592.449
21.563	592.401
21.573	592.378
21.583	592.451
21.593	593.065
21.603	593.156
21.613	593.397
21.623	593.941
21.633	593.974
21.643	593.591
21.653	594.365
21.663	0.000
21.673	0.000
21.683	0.000
21.693	0.000
21.703	671.242
21.713	673.084
21.723	676.175
21.733	677.425
21.743	677.241
21.753	676.917
21.763	675.562
21.773	672.503
21.783	670.761
21.793	667.218
21.803	664.358
21.813	663.647
21.823	663.333
21.833	662.891
21.843	663.895
21.853	664.797
21.863	664.979
21.873	665.365
21.883	665.680
21.893	664.837
21.903	663.922
21.913	660.838
21.923	652.069
21.933	649.604
21.943	0.000
21.953	0.000
21.963	0.000
21.973	528.701
21.983	526.991
21.993	526.598
22.003	526.278
22.013	525.606
22.023	524.672
22.033	523.805
22.043	523.602
22.053	523.424
22.063	524.024
22.073	524.466
22.083	525.256
22.093	525.896
22.103	526.341
22.113	526.450
22.123	526.751
22.133	526.898
22.143	527.032
22.153	527.346
22.163	527.696
22.173	528.266
22.183	528.709
22.193	529.346
22.203	530.010
22.213	530.449
22.223	530.457
22.233	530.237
22.243	529.731
22.253	528.923
22.263	527.011
22.273	523.357
22.283	507.768
22.293	0.000
22.303	488.216
22.313	497.993
22.323	498.521
22.333	499.536
22.343	499.429
22.353	498.512
22.363	497.869
22.373	496.025
22.383	493.994
22.393	492.592
22.403	492.467
22.413	492.763
22.423	493.205
22.433	493.377
22.443	494.496
22.453	496.145
22.463	498.488
22.473	499.828
22.483	502.573
22.493	504.283
22.503	504.667
22.513	505.034
22.523	503.974
22.533	502.125
22.543	501.112
22.553	499.232
22.563	497.890
22.573	497.145
22.583	496.841
22.593	496.084
22.603	495.940
22.613	496.550
22.623	497.932
22.633	499.116
22.643	499.836
22.653	500.176
22.663	501.182
22.673	501.982
22.683	502.342
22.693	502.289
22.703	501.584
22.713	500.326
22.723	499.809
22.733	499.359
22.743	499.054
22.753	498.546
22.763	498.319
22.773	498.728
22.783	499.223
22.793	499.276
22.803	499.259
22.813	499.514
22.823	499.841
22.833	500.039
22.843	500.439
22.853	501.115
22.863	501.341
22.873	501.197
22.883	502.430
22.893	506.235
22.903	511.767
22.913	522.226
22.923	530.944
22.933	531.858
22.943	532.083
22.953	532.261
22.963	531.947
22.973	531.453
22.983	529.936
22.993	527.677
23.003	525.416
23.013	524.315
23.023	522.485
23.033	521.347
23.043	520.949
23.053	521.089
23.063	522.022
23.073	523.807
23.083	525.024
23.093	527.120
23.103	528.931
23.113	530.361
23.123	530.942
23.133	531.659
23.143	531.683
23.153	531.399
23.163	530.215
23.173	528.269
23.183	526.121
23.193	525.045
23.203	522.895
23.213	521.871
23.223	521.524
23.233	521.514
23.243	521.931
23.253	522.716
23.263	523.226
23.273	524.350
23.283	525.501
23.293	526.887
23.303	527.500
23.313	528.301
23.323	529.028
23.333	529.229
23.343	529.327
23.353	528.647
23.363	527.347
23.373	526.617
23.383	525.241
23.393	524.208
23.403	524.061
23.413	524.138
23.423	524.673
23.433	525.125
23.443	525.340
23.453	525.707
23.463	526.509
23.473	526.961
23.483	527.059
23.493	527.365
23.503	527.194
23.513	527.135
23.523	526.988
23.533	0.000
23.543	0.000
23.553	0.000
23.563	0.000
23.573	0.000
23.583	0.000
23.593	0.000
23.603	0.000
23.613	0.000
23.623	0.000
23.633	0.000
23.643	0.000
23.653	0.000
23.663	0.000
23.673	0.000
23.683	0.000
23.693	0.000
23.703	0.000
23.713	0.000
23.723	0.000
23.733	0.000
23.743	0.000
23.753	0.000
23.763	0.000
23.773	0.000
23.783	0.000
23.793	0.000
23.803	0.000
23.813	0.000
23.823	0.000
23.833	0.000
23.843	0.000
23.853	0.000
23.863	0.000
23.873	0.000
23.883	523.852
23.893	525.033
23.903	525.982
23.913	526.106
23.923	526.153
23.933	525.806
23.943	525.505
23.953	525.465
23.963	525.842
23.973	526.250
23.983	526.019
23.993	525.405
24.003	524.937
24.013	524.037
24.023	523.608
24.033	524.327
24.043	526.145
24.053	528.988
24.063	529.937
24.073	529.153
24.083	0.000
24.093	0.000
24.103	0.000
24.113	0.000
24.123	0.000
24.133	0.000
24.143	666.113
24.153	666.974
24.163	667.482
24.173	668.392
24.183	668.625
24.193	667.228
24.203	665.651
24.213	661.971
24.223	659.584
24.233	658.334
24.243	657.918
24.253	657.892
24.263	658.532
24.273	658.801
24.283	659.167
24.293	659.294
24.303	659.269
24.313	659.117
24.323	658.876
24.333	658.850
24.343	658.335
24.353	656.558
24.363	655.381
24.373	0.000
24.383	0.000
24.393	0.000
24.403	0.000
24.413	587.502
24.423	587.198
24.433	588.273
24.443	588.016
24.453	587.671
24.463	585.869
24.473	585.782
24.483	585.482
24.493	585.325
24.503	584.025
24.513	581.638
24.523	579.999
24.533	577.277
24.543	573.030
24.553	564.859
24.563	564.025
24.573	560.499
24.583	540.635
24.593	528.893
24.603	527.026
24.613	524.584
24.623	523.818
24.633	522.689
24.643	522.268
24.653	523.114
24.663	521.926
24.673	524.408
24.683	534.470
24.693	545.569
24.703	553.997
24.713	574.880
24.723	577.499
24.733	579.997
24.743	580.726
24.753	581.429
24.763	580.259
24.773	578.183
24.783	577.304
24.793	576.376
24.803	576.361
24.813	576.514
24.823	576.958
24.833	577.519
24.843	578.107
24.853	578.065
24.863	578.150
24.873	578.357
24.883	578.536
24.893	579.643
24.903	580.539
24.913	580.898
24.923	581.067
24.933	581.736
24.943	581.037
24.953	0.000
24.963	0.000
24.973	0.000
24.983	654.976
24.993	657.509
25.003	662.100
25.013	663.466
25.023	663.105
25.033	662.816
25.043	662.474
25.053	662.267
25.063	662.339
25.073	662.042
25.083	661.661
25.093	661.319
25.103	661.101
25.113	661.046
25.123	661.117
25.133	661.192
25.143	660.961
25.153	660.275
25.163	659.831
25.173	659.325
25.183	660.282
25.193	0.000
25.203	0.000
25.213	0.000
25.223	0.000
25.233	0.000
25.243	0.000
25.253	0.000
25.263	0.000
25.273	703.457
25.283	704.423
25.293	705.204
25.303	705.808
25.313	705.441
25.323	704.849
25.333	703.183
25.343	701.501
25.353	700.943
25.363	700.140
25.373	700.124
25.383	700.495
25.393	700.416
25.403	700.372
25.413	700.420
25.423	700.543
25.433	700.662
25.443	701.105
25.453	701.294
25.463	701.439
25.473	701.911
25.483	700.050
25.493	698.416
25.503	697.814
25.513	697.110
25.523	700.623
25.533	0.000
25.543	0.000
25.553	0.000
25.563	0.000
25.573	0.000
25.583	664.535
25.593	663.953
25.603	666.212
25.613	667.445
25.623	667.087
25.633	663.681
25.643	661.168
25.653	656.483
25.663	652.831
25.673	651.417
25.683	651.381
25.693	651.387
25.703	651.792
25.713	652.503
25.723	655.151
25.733	658.391
25.743	660.922
25.753	662.074
25.763	663.871
25.773	665.497
25.783	666.076
25.793	665.585
25.803	664.124
25.813	661.493
25.823	660.144
25.833	657.471
25.843	655.075
25.853	654.271
25.863	654.334
25.873	655.112
25.883	656.401
25.893	657.224
25.903	658.809
25.913	661.306
25.923	663.818
25.933	664.875
25.943	665.466
25.953	664.454
25.963	662.690
25.973	661.742
25.983	660.010
25.993	658.589
26.003	658.192
26.013	658.952
26.023	660.046
26.033	0.000
26.043	0.000
26.053	0.000
26.063	0.000
26.073	0.000
26.083	0.000
26.093	0.000
26.103	0.000
26.113	0.000
26.123	0.000
26.133	0.000
26.143	0.000
26.153	0.000
26.163	521.952
26.173	523.318
26.183	523.917
26.193	524.162
26.203	524.619
26.213	525.498
26.223	525.848
26.233	526.268
26.243	526.622
26.253	526.854
26.263	527.336
26.273	527.789
26.283	528.292
26.293	528.539
26.303	528.454
26.313	528.096
26.323	528.011
26.333	528.159
26.343	528.213
26.353	528.272
26.363	528.829
26.373	529.844
26.383	0.000
26.393	0.000
26.403	0.000
26.413	0.000
26.423	0.000
26.433	0.000
26.443	658.655
26.453	662.666
26.463	666.651
26.473	668.080
26.483	669.071
26.493	667.732
26.503	665.027
26.513	663.510
26.523	661.438
26.533	660.763
26.543	660.742
26.553	661.429
26.563	662.901
26.573	663.717
26.583	663.828
26.593	663.787
26.603	663.161
26.613	662.765
26.623	661.805
26.633	660.556
26.643	661.853
26.653	0.000
26.663	0.000
26.673	0.000
26.683	594.294
26.693	592.798
26.703	593.687
26.713	595.016
26.723	595.012
26.733	593.388
26.743	591.835
26.753	590.599
26.763	590.475
26.773	590.105
26.783	589.868
26.793	589.223
26.803	588.519
26.813	585.803
26.823	581.603
26.833	579.802
26.843	570.023
26.853	562.251
26.863	550.913
26.873	540.960
26.883	534.327
26.893	529.114
26.903	527.934
26.913	525.028
26.923	523.090
26.933	523.741
26.943	523.961
26.953	523.262
26.963	525.879
26.973	539.366
26.983	549.348
26.993	558.180
27.003	562.694
27.013	564.315
27.023	571.459
27.033	576.479
27.043	578.481
27.053	579.309
27.063	578.801
27.073	577.576
27.083	577.128
27.093	576.700
27.103	576.336
27.113	576.610
27.123	576.734
27.133	577.485
27.143	578.484
27.153	579.163
27.163	579.208
27.173	579.192
27.183	579.353
27.193	579.334
27.203	579.968
27.213	580.379
27.223	578.819
27.233	581.224
27.243	582.071
27.253	584.750
27.263	586.039
27.273	619.193
27.283	655.898
27.293	662.138
27.303	664.181
27.313	667.405
27.323	667.381
27.333	665.761
27.343	664.722
27.353	663.170
27.363	662.197
27.373	661.835
27.383	661.757
27.393	661.618
27.403	660.825
27.413	660.469
27.423	660.247
27.433	659.974
27.443	659.657
27.453	658.244
27.463	656.024
27.473	653.870
27.483	650.474
27.493	649.663
27.503	647.595
27.513	643.528
27.523	640.399
27.533	684.199
27.543	698.224
27.553	700.304
27.563	705.169
27.573	706.980
27.583	707.388
27.593	707.224
27.603	706.091
27.613	704.532
27.623	704.068
27.633	703.005
27.643	702.562
27.653	701.979
27.663	701.838
27.673	701.825
27.683	701.478
27.693	701.650
27.703	701.444
27.713	701.524
27.723	701.332
27.733	701.256
27.743	700.264
27.753	698.360
27.763	697.080
27.773	695.705
27.783	696.366
27.793	0.000
27.803	0.000
27.813	0.000
27.823	0.000
27.833	660.708
27.843	660.528
27.853	663.091
27.863	668.019
27.873	670.462
27.883	669.987
27.893	667.380
27.903	664.264
27.913	663.286
27.923	662.585
27.933	660.967
27.943	658.832
27.953	658.039
27.963	658.265
27.973	660.009
27.983	662.672
27.993	664.616
28.003	667.939
28.013	669.953
28.023	670.950
28.033	672.787
28.043	673.972
28.053	672.756
28.063	671.701
28.073	668.848
28.083	664.788
28.093	662.800
28.103	660.097
28.113	659.212
28.123	659.354
28.133	659.597
28.143	661.057
28.153	662.798
28.163	664.739
28.173	665.720
28.183	667.369
28.193	668.124
28.203	668.287
28.213	668.124
28.223	667.094
28.233	665.519
28.243	664.404
28.253	663.285
28.263	662.770
28.273	662.614
28.283	662.620
28.293	663.073
28.303	664.862
28.313	0.000
28.323	0.000
28.333	0.000
28.343	0.000
28.353	0.000
28.363	0.000
28.373	0.000
28.383	0.000
28.393	0.000
28.403	0.000
28.413	525.561
28.423	523.513
28.433	524.446
28.443	524.754
28.453	524.810
28.463	524.755
28.473	524.952
28.483	525.262
28.493	525.480
28.503	526.019
28.513	526.145
28.523	525.815
28.533	525.607
28.543	524.928
28.553	524.356
28.563	524.006
28.573	523.412
28.583	523.030
28.593	522.830
28.603	522.409
28.613	521.823
28.623	522.583
28.633	523.600
28.643	0.000
28.653	0.000
28.663	0.000
28.673	0.000
28.683	694.648
28.693	698.832
28.703	699.728
28.713	700.318
28.723	701.347
28.733	702.749
28.743	703.565
28.753	704.508
28.763	703.865
28.773	703.006
28.783	702.805
28.793	702.676
28.803	702.265
28.813	702.427
28.823	702.560
28.833	702.544
28.843	702.580
28.853	702.469
28.863	702.466
28.873	702.368
28.883	701.783
28.893	701.435
28.903	700.509
28.913	698.691
28.923	697.682
28.933	696.496
28.943	688.996
28.953	0.000
28.963	0.000
28.973	0.000
28.983	0.000
28.993	669.504
29.003	670.900
29.013	672.019
29.023	672.255
29.033	671.977
29.043	670.202
29.053	667.443
29.063	663.711
29.073	661.939
29.083	659.441
29.093	657.797
29.103	657.254
29.113	657.091
29.123	657.592
29.133	659.208
29.143	660.550
29.153	663.885
29.163	667.951
29.173	671.083
29.183	672.734
29.193	675.814
29.203	675.188
29.213	674.337
29.223	672.107
29.233	668.942
29.243	664.536
29.253	662.533
29.263	660.085
29.273	658.642
29.283	658.479
29.293	659.280
29.303	660.665
29.313	662.888
29.323	664.348
29.333	667.756
29.343	670.554
29.353	672.461
29.363	673.187
29.373	672.430
29.383	669.832
29.393	668.295
29.403	665.209
29.413	663.898
29.423	663.611
29.433	663.429
29.443	663.381
29.453	663.720
29.463	663.876
29.473	664.888
29.483	0.000
29.493	0.000
29.503	0.000
29.513	0.000
29.523	0.000
29.533	0.000
29.543	0.000
29.553	0.000
29.563	0.000
29.573	0.000
29.583	0.000
29.593	0.000
29.603	0.000
29.613	594.002
29.623	593.192
29.633	593.895
29.643	593.996
29.653	593.981
29.663	593.926
29.673	594.286
29.683	594.355
29.693	594.431
29.703	594.735
29.713	594.795
29.723	594.786
29.733	594.779
29.743	594.925
29.753	594.898
29.763	594.891
29.773	595.192
29.783	595.272
29.793	595.415
29.803	595.841
29.813	596.052
29.823	596.014
29.833	595.937
29.843	595.963
29.853	595.400
29.863	595.031
29.873	594.299
29.883	593.882
29.893	593.729
29.903	593.592
29.913	593.805
29.923	594.292
29.933	593.077
29.943	592.621
29.953	0.000
29.963	0.000
29.973	670.783
29.983	676.843
29.993	679.052
30.003	678.999
30.013	678.719
30.023	677.859
30.033	676.424
30.043	675.392
30.053	673.638
30.063	671.633
30.073	669.928
30.083	669.264
30.093	668.555
30.103	668.820
30.113	669.078
30.123	669.603
30.133	670.447
30.143	671.477
30.153	672.207
30.163	672.815
30.173	673.035
30.183	673.190
30.193	673.519
30.203	673.372
30.213	672.725
30.223	672.529
30.233	673.061
30.243	669.019
30.253	0.000
30.263	0.000
30.273	0.000
30.283	531.195
30.293	531.866
30.303	532.083
30.313	531.206
30.323	529.499
30.333	528.607
30.343	527.021
30.353	525.956
30.363	525.217
30.373	525.071
30.383	525.037
30.393	525.277
30.403	525.453
30.413	525.875
30.423	526.177
30.433	526.526
30.443	526.866
30.453	527.498
30.463	528.124
30.473	528.438
30.483	529.136
30.493	529.623
30.503	529.920
30.513	530.008
30.523	530.391
30.533	530.736
30.543	531.163
30.553	531.455
30.563	531.951
30.573	532.139
30.583	532.148
30.593	531.984
30.603	531.603
30.613	531.420
30.623	531.435
30.633	531.750
30.643	531.898
30.653	532.070
30.663	532.594
30.673	532.945
30.683	533.080
30.693	533.010
30.703	532.947
30.713	532.380
30.723	531.052
30.733	530.064
30.743	527.326
30.753	517.213
30.763	514.216
30.773	510.895
30.783	501.430
30.793	501.976
30.803	501.514
30.813	500.725
30.823	500.032
30.833	499.961
30.843	499.695
30.853	499.293
30.863	498.742
30.873	498.472
30.883	497.808
30.893	497.107
30.903	496.574
30.913	496.610
30.923	496.973
30.933	497.736
30.943	498.080
30.953	499.051
30.963	500.064
30.973	501.316
30.983	501.857
30.993	502.852
31.003	503.444
31.013	503.756
31.023	503.675
31.033	502.899
31.043	501.656
31.053	500.981
31.063	499.549
31.073	497.917
31.083	495.918
31.093	494.835
31.103	493.821
31.113	493.916
31.123	494.062
31.133	494.422
31.143	495.387
31.153	496.707
31.163	497.290
31.173	499.024
31.183	500.437
31.193	501.189
31.203	502.577
31.213	503.453
31.223	503.222
31.233	502.737
31.243	501.162
31.253	499.549
31.263	498.457
31.273	498.251
31.283	498.107
31.293	498.511
31.303	498.993
31.313	500.018
31.323	500.973
31.333	501.810
31.343	502.047
31.353	502.247
31.363	502.288
31.373	502.293
31.383	502.332
31.393	502.147
31.403	501.738
31.413	501.479
31.423	501.261
31.433	501.243
31.443	501.012
31.453	500.803
31.463	500.730
31.473	501.078
31.483	501.270
31.493	501.577
31.503	501.462
31.513	501.433
31.523	501.650
31.533	501.928
31.543	501.633
31.553	501.467
31.563	501.665
31.573	502.065
31.583	502.374
31.593	502.211
31.603	502.136
31.613	502.385
31.623	502.116
31.633	502.259
31.643	502.315
31.653	502.513
31.663	502.656
31.673	502.939
31.683	502.783
31.693	502.987
31.703	503.050
31.713	503.242
31.723	503.375
31.733	503.604
31.743	503.761
31.753	504.001
31.763	504.188
31.773	504.258
31.783	504.223
31.793	504.098
31.803	503.977
31.813	503.950
31.823	504.127
31.833	503.775
31.843	503.781
31.853	503.618
31.863	503.825
31.873	504.744
31.883	506.549
31.893	512.283
31.903	529.433
31.913	530.571
31.923	530.634
31.933	531.034
31.943	530.972
31.953	530.665
31.963	529.294
31.973	527.347
31.983	525.263
31.993	524.287
32.003	522.569
32.013	521.433
32.023	521.278
32.033	521.636
32.043	522.737
32.053	524.729
32.063	525.788
32.073	527.657
32.083	529.473
32.093	531.013
32.103	531.676
32.113	532.583
32.123	532.703
32.133	532.541
32.143	531.602
32.153	530.132
32.163	528.329
32.173	527.411
32.183	525.376
32.193	523.521
32.203	522.536
32.213	521.086
32.223	520.751
32.233	520.942
32.243	521.259
32.253	521.934
32.263	523.317
32.273	524.944
32.283	525.578
32.293	527.193
32.303	528.649
32.313	529.131
32.323	529.855
32.333	529.776
32.343	528.392
32.353	527.489
32.363	525.910
32.373	524.614
32.383	523.643
32.393	522.144
32.403	520.470
32.413	519.489
32.423	519.461
32.433	519.420
32.443	519.539
32.453	519.814
32.463	519.981
32.473	520.762
32.483	521.710
32.493	522.588
32.503	524.617
32.513	526.275
32.523	527.180
32.533	527.485
32.543	528.013
32.553	527.123
32.563	526.653
32.573	525.794
32.583	524.440
32.593	523.060
32.603	522.377
32.613	521.327
32.623	520.602
32.633	520.669
32.643	520.644
32.653	520.591
32.663	520.981
32.673	521.038
32.683	521.477
32.693	522.295
32.703	523.041
32.713	523.755
32.723	525.250
32.733	526.606
32.743	527.281
32.753	528.070
32.763	528.197
32.773	527.522
32.783	527.166
32.793	525.860
32.803	524.438
32.813	523.291
32.823	522.694
32.833	521.708
32.843	520.936
32.853	520.686
32.863	520.302
32.873	520.096
32.883	519.957
32.893	519.725
32.903	520.336
32.913	521.182
32.923	522.123
32.933	522.775
32.943	524.162
32.953	525.625
32.963	526.310
32.973	526.988
32.983	527.342
32.993	527.098
33.003	526.824
33.013	526.004
33.023	524.807
33.033	524.198
33.043	523.354
33.053	522.692
33.063	522.308
33.073	522.119
33.083	521.508
33.093	521.160
33.103	521.111
33.113	520.925
33.123	520.836
33.133	521.034
33.143	521.039
33.153	521.851
33.163	522.355
33.173	523.370
33.183	524.042
33.193	524.668
33.203	525.225
33.213	525.302
33.223	525.483
33.233	525.109
33.243	524.523
33.253	524.430
33.263	523.636
33.273	522.738
33.283	522.147
33.293	521.902
33.303	521.088
33.313	520.940
33.323	521.071
33.333	521.478
33.343	521.474
33.353	521.442
33.363	521.326
33.373	521.693
33.383	522.216
33.393	522.286
33.403	522.963
33.413	523.876
33.423	524.637
33.433	524.843
33.443	525.306
33.453	525.208
33.463	525.197
33.473	524.999
33.483	524.762
33.493	524.352
33.503	524.174
33.513	523.726
33.523	523.107
33.533	522.524
33.543	522.441
33.553	521.938
33.563	521.742
33.573	522.109
33.583	522.863
33.593	524.045
33.603	524.566
33.613	524.728
33.623	525.012
33.633	525.085
33.643	524.926
33.653	524.997
33.663	525.042
33.673	524.704
33.683	524.784
33.693	524.644
33.703	524.773
33.713	524.802
33.723	524.822
33.733	524.995
33.743	525.238
33.753	525.325
33.763	525.226
33.773	525.442
33.783	525.306
33.793	525.032
33.803	524.900
33.813	524.775
33.823	524.715
33.833	524.526
33.843	524.705
33.853	525.242
33.863	525.629
33.873	526.082
33.883	526.650
33.893	526.807
33.903	526.648
33.913	526.547
33.923	526.748
33.933	526.827
33.943	526.133
33.953	526.057
33.963	526.183
33.973	525.992
33.983	526.147
33.993	526.495
34.003	526.984
34.013	526.967
34.023	526.714
34.033	526.773
34.043	526.652
34.053	526.545
34.063	526.258
34.073	526.501
34.083	526.380
34.093	527.177
34.103	527.604
34.113	527.399
34.123	527.184
34.133	527.283
34.143	527.013
34.153	526.846
34.163	0.000
34.173	0.000
34.183	0.000
34.193	0.000
34.203	0.000
34.213	0.000
34.223	0.000
34.233	0.000
34.243	0.000
34.253	0.000
34.263	0.000
34.273	0.000
34.283	0.000
34.293	0.000
34.303	0.000
34.313	0.000
34.323	0.000
34.333	0.000
34.343	0.000
34.353	0.000
34.363	0.000
34.373	0.000
34.383	0.000
34.393	0.000
34.403	0.000
34.413	0.000
34.423	0.000
34.433	0.000
34.443	0.000
34.453	0.000
34.463	0.000
34.473	0.000
34.483	0.000
34.493	0.000
34.503	0.000
34.513	0.000
34.523	0.000
34.533	0.000
34.543	0.000
34.553	0.000
34.563	0.000
34.573	0.000
34.583	0.000
34.593	0.000
34.603	0.000
34.613	0.000
34.623	0.000
34.633	0.000
34.643	0.000
34.653	0.000
34.663	0.000
34.673	0.000
34.683	0.000
34.693	0.000
34.703	0.000
34.713	0.000
34.723	0.000
34.733	0.000
34.743	0.000
34.753	0.000
34.763	0.000
34.773	0.000
34.783	0.000
34.793	0.000
34.803	0.000
34.813	0.000
34.823	0.000
34.833	0.000
34.843	0.000
34.853	0.000
34.863	0.000
34.873	0.000
34.883	0.000
34.893	0.000
34.903	0.000
34.913	0.000
34.923	0.000
34.933	0.000
34.943	0.000
34.953	0.000
34.963	0.000
34.973	0.000
34.983	0.000
34.993	0.000
35.003	0.000
35.013	0.000
35.023	0.000
35.033	0.000
