5.486		392.855		0.273
5.764		436.977		0.308
6.078		494.239		0.337
6.432		591.124		0.255
6.693		526.255		0.341
7.034		526.657		0.246
7.297		656.602		0.302
7.610		588.775		0.305
7.915		590.796		0.270
8.208		775.674		0.272
8.481		739.684		0.317
8.798		782.953		0.316
9.137		591.808		0.221
9.387		492.983		0.290
9.694		392.969		0.250
9.956		439.421		0.313
10.275		493.960		0.308
10.588		525.424		0.325
10.919		591.016		0.244
11.169		657.236		0.331
11.505		586.901		0.308
11.819		522.870		0.273
12.098		491.794		0.342
12.446		439.985		0.342
12.794		491.311		0.308
13.119		391.082		0.301
13.420		368.816		0.306
13.727		389.523		0.293
14.025		439.111		0.372
14.443		292.923		0.221
14.681		368.566		0.273
14.971		439.469		0.319
15.314		525.116		0.293
15.606		492.476		0.305
15.917		439.595		0.290
16.213		493.575		0.319
16.550		389.568		0.261
16.817		439.332		0.313
17.136		492.619		0.290
17.438		591.556		0.279
17.723		525.058		0.345
18.067		527.392		0.305
18.396		652.539		0.308
18.709		585.313		0.291
19.000		590.516		0.267
19.290		778.439		0.305
19.595		738.482		0.380
19.974		784.140		0.326
20.323		590.922		0.279
20.613		492.591		0.296
20.933		392.731		0.313
21.252		439.148		0.296
21.554		493.719		0.302
21.891		329.508		0.267
22.210		582.242		0.238
22.454		524.239		0.290
22.750		491.427		0.296
23.052		439.441		0.273
23.330		393.526		0.290
23.655		293.116		0.308
24.009		388.484		0.278
24.288		370.148		0.308
24.619		388.868		0.342
24.973		492.292		0.255
25.246		590.103		0.302
25.571		783.170		0.308
25.913		586.814		0.238
26.175		490.913		0.302
26.494		392.407		0.267
26.778		491.516		0.273
27.098		293.011		0.319
27.440		393.450		0.569
28.363		369.346		0.586
29.246		327.638		0.633
30.157		368.337		0.610
31.057		327.818		0.563
31.974		292.950		0.801
32.874		326.889		0.610
33.773		369.525		0.662
34.569		391.084		0.784
35.387		292.956		0.575
35.968		328.306		0.238
36.212		369.854		0.290
36.513		442.221		0.302
36.821		392.165		0.273
37.100		439.321		0.290
37.396		524.325		0.253
37.648		495.042		0.319
37.968		525.448		0.293
38.272		439.074		0.296
38.580		367.113		0.244
38.847		293.157		0.308
39.178		367.848		0.215
39.404		439.406		0.331
39.747		523.869		0.293
40.040		491.547		0.282
40.327		439.190		0.337
40.670		392.066		0.743
41.471		369.251		0.598
42.400		326.871		0.586
43.270		491.229		0.598
44.141		244.738		0.546
44.983		328.420		0.627
45.900		260.614		0.644
46.777		292.252		0.877
47.653		291.296		0.604
48.385		390.861		0.319
48.721		489.163		0.238
48.965		439.802		0.296
49.267		492.704		0.279
49.557		587.055		0.244
49.807		525.490		0.302
50.109		524.842		0.267
50.393		653.444		0.284
50.695		591.168		0.264
50.959		587.537		0.281
51.264		781.040		0.260
51.523		738.954		0.290
51.813		777.097		0.257
52.100		584.791		0.255
52.373		493.768		0.296
52.686		392.973		0.255
52.947		439.363		0.284
53.238		491.068		0.267
53.510		525.813		0.302
53.818		584.204		0.238
54.062		661.499		0.308
54.381		587.734		0.302
54.689		527.544		0.290
54.985		493.498		0.342
55.333		439.631		0.348
55.687		492.035		0.279
55.983		391.553		0.274
56.257		370.771		0.281
56.538		390.268		0.270
56.813		441.822		0.313
57.162		293.330		0.250
57.435		371.000		0.232
57.678		439.612		0.273
57.957		524.547		0.309
58.266		493.373		0.265
58.538		439.771		0.319
58.863		495.284		0.296
59.182		391.774		0.261
59.449		439.716		0.261
59.716		492.201		0.308
60.029		586.396		0.267
60.302		524.588		0.310
60.612		526.164		0.288
60.918		653.846		0.296
61.219		586.820		0.627
61.881		782.119		0.197
62.079		741.847		0.259
62.338		778.697		0.205
62.682		595.484		0.290
62.996		495.129		0.250
63.286		393.434		0.284
63.576		439.224		0.296
63.878		493.620		0.273
64.186		330.384		0.244
64.476		585.732		0.273
64.755		527.113		0.296
65.057		492.654		0.279
65.341		439.628		0.279
65.625		391.445		0.302
65.956		293.303		0.261
66.299		389.884		0.266
66.564		371.284		0.323
66.888		390.853		0.816
67.779		367.965		0.580
68.760		327.392		0.563
69.677		368.986		0.546
70.554		329.286		0.569
71.454		292.921		0.766
72.313		328.338		0.621
73.178		369.818		0.633
74.089		390.213		0.935
75.029		438.859		0.360
75.430		293.116		0.203
75.645		331.849		0.302
75.958		371.852		0.279
76.249		442.421		0.296
76.550		392.839		0.319
76.875		439.697		0.290
77.172		526.000		0.292
77.463		495.973		0.338
77.801		523.593		0.276
78.089		439.865		0.308
78.402		368.205		0.279
78.710		293.244		0.290
79.018		368.668		0.261
79.296		439.758		0.313
79.621		525.281		0.293
79.914		494.486		0.258
80.184		439.691		0.337
80.527		390.772		0.726
81.386		368.480		0.522
82.326		328.722		0.662
83.226		490.803		0.592
84.126		245.711		0.639
85.060		327.151		0.586
85.989		259.364		0.586
86.848		292.145		0.893
87.742		293.274		0.703
88.752		393.920		0.267
89.037		491.845		0.267
89.310		439.452		0.290
89.606		495.054		0.284
89.896		584.101		0.290
90.192		524.931		0.311
90.503		525.504		0.275
90.802		654.692		0.290
91.098		588.111		0.615
91.736		781.156		0.252
91.988		741.065		0.322
92.310		780.534		0.326
92.665		587.170		0.215
92.915		492.737		0.302
93.234		393.552		0.255
93.495		438.922		0.319
93.820		493.627		0.296
94.122		526.691		0.308
94.436		587.935		0.290
94.732		665.209		0.273
95.010		584.019		0.279
95.295		524.784		0.296
95.597		492.086		0.325
95.927		439.770		0.313
96.247		493.113		0.284
96.554		390.680		0.316
96.870		369.578		0.316
97.187		389.194		0.250
97.443		438.992		0.372
97.849		293.275		0.302
98.186		369.566		0.192
98.389		439.717		0.337
98.731		526.536		0.325
99.062		491.429		0.290
99.358		439.814		0.284
99.648		492.956		0.342
100.014		391.619		0.232
100.252		439.205		0.325
100.583		494.448		0.302
100.891		589.343		0.261
101.158		527.160		0.331
101.489		525.426		0.307
101.814		654.547		0.273
102.098		589.103		0.586
102.725		783.217		0.309
103.034		736.008		0.303
103.337		782.790		0.317
103.683		587.905		0.267
103.962		491.988		0.302
104.281		392.067		0.267
104.554		439.349		0.302
104.861		490.309		0.296
105.198		327.471		0.244
105.494		583.849		0.261
105.761		524.689		0.290
106.057		492.681		0.290
106.353		439.166		0.319
106.678		391.984		0.325
107.032		293.007		0.255
107.311		392.302		0.271
107.582		372.320		0.366
107.948		390.936		0.309
108.269		493.914		0.255
108.530		591.925		0.302
108.855		786.867		0.267
109.198		588.174		0.255
109.465		491.752		0.319
109.801		391.509		0.354
110.167		490.708		0.250
110.422		556.123		0.313
110.742		588.642		0.882
111.682		524.331		0.598
112.605		492.886		0.760
113.546		523.767		1.881
115.450		523.233		0.848
116.367		490.236		1.300
117.673		523.986		0.221
117.899		587.876		0.221
118.132		491.228		0.848
118.991		440.031		0.308
119.304		521.560		0.285
119.589		495.864		0.326
119.914		524.921		0.284
120.221		657.461		0.250
120.483		588.116		0.297
120.780		587.516		0.278
121.069		696.102		0.241
121.310		656.443		0.346
121.656		656.757		0.312
121.992		876.260		0.254
122.246		830.719		0.319
122.565		879.105		0.280
122.874		656.692		0.232
123.130		527.943		0.290
123.426		439.544		0.302
123.733		498.558		0.284
124.024		528.481		0.296
124.343		700.634		0.249
124.592		655.594		0.285
124.889		586.205		0.267
125.161		522.934		0.296
125.463		491.960		0.273
125.742		439.015		0.302
126.067		329.621		0.244
126.334		439.360		0.279
126.613		415.548		0.296
126.909		438.980		0.563
127.762		437.398		0.755
128.714		490.228		0.662
129.614		522.041		0.610
130.485		435.863		0.772
131.425		328.469		0.691
132.371		350.326		0.644
133.259		292.968		0.749
134.182		392.570		0.772
135.100		525.999		0.290
135.419		781.001		0.250
135.674		702.239		0.308
135.988		782.975		0.296
136.301		657.472		0.250
136.597		524.096		0.279
136.899		391.635		0.267
137.172		439.038		0.273
137.445		468.707		0.302
137.747		439.477		0.296
138.048		524.813		0.266
138.315		497.628		0.299
138.614		525.492		0.247
138.867		439.057		0.308
139.192		350.777		0.261
139.471		292.984		0.290
139.773		329.594		0.281
140.053		346.898		0.288
140.359		329.252		0.267
140.649		261.048		0.232
140.904		293.115		0.255
141.206		325.557		0.284
141.508		390.896		0.273
141.781		370.521		0.336
142.117		391.870		0.227
142.396		490.767		0.279
142.681		439.824		0.325
143.018		389.083		0.569
143.871		195.219		0.679
144.655		325.889		0.551
145.508		245.840		0.557
146.338		326.824		0.580
147.209		327.205		0.644
148.120		218.024		0.679
148.973		245.601		0.656
149.821		260.026		0.697
150.698		438.828		0.342
151.075		293.227		0.203
151.313		328.532		0.244
151.562		368.476		0.296
151.870		441.078		0.313
152.189		392.834		0.215
152.410		439.426		0.313
152.729		521.766		0.270
152.999		493.870		0.292
153.292		521.285		0.262
153.565		439.598		0.261
153.844		365.133		0.284
154.146		293.284		0.284
154.448		368.968		0.238
154.703		439.627		0.273
154.982		521.063		0.296
155.278		492.638		0.261
155.545		439.426		0.284
155.835		390.708		0.766
156.648		368.410		0.522
157.518		327.438		0.575
158.389		490.963		0.586
159.300		245.962		0.517
160.183		326.236		0.493
161.088		259.884		0.586
161.965		293.291		0.900
162.871		292.267		0.807
163.886		392.493		0.348
164.252		493.640		0.255
164.519		587.976		0.319
164.862		784.546		0.313
165.204		582.568		0.267
165.477		491.917		0.354
165.849		393.179		0.273
166.139		491.565		0.273
166.417		590.772		0.377
166.806		697.842		0.284
167.097		587.738		0.273
167.381		495.950		0.273
167.677		391.600		0.273
167.967		495.618		0.279
168.252		585.005		0.313
168.571		656.234		0.308
168.896		528.660		0.250
169.157		439.487		0.325
169.494		368.280		0.244
169.749		439.464		0.284
170.040		525.859		0.267
170.313		581.554		0.337
170.661		490.421		0.279
170.957		393.772		0.279
171.247		326.392		0.250
171.514		391.402		0.313
171.839		492.022		0.301
172.140		521.749		0.285
172.437		438.907		0.302
172.751		370.080		0.232
173.000		293.121		0.319
173.343		369.254		0.209
173.563		439.045		0.302
173.871		522.411		0.303
174.174		491.940		0.272
174.452		439.406		0.261
174.719		493.540		0.383
175.119		391.584		0.255
175.380		439.236		0.279
175.665		493.074		0.313
175.984		586.235		0.255
176.245		524.870		0.332
176.578		523.482		0.289
176.884		655.459		0.250
177.145		584.261		0.290
177.435		590.257		0.297
177.755		782.943		0.265
178.019		739.006		0.288
178.307		784.103		0.312
178.643		589.677		0.255
178.910		491.366		0.302
179.229		391.026		0.273
179.508		439.392		0.296
179.810		491.051		0.284
180.100		527.416		0.232
180.338		587.750		0.325
180.669		658.450		0.290
180.965		584.856		0.290
181.261		529.397		0.279
181.545		490.761		0.308
181.859		439.637		0.302
182.166		492.283		0.273
182.462		390.033		0.289
182.751		369.871		0.327
183.078		389.898		0.290
183.374		439.596		0.308
183.716		293.087		0.238
183.978		369.103		0.255
184.250		439.610		0.296
184.552		526.972		0.355
184.907		494.909		0.260
185.173		439.598		0.290
185.469		495.129		0.290
185.777		392.932		0.267
186.050		439.599		0.308
186.363		493.535		0.279
186.648		587.343		0.284
186.938		524.258		0.295
187.233		523.556		0.297
187.553		656.688		0.250
187.820		584.124		0.289
188.109		584.432		0.280
188.413		778.135		0.267
188.680		742.807		0.310
188.989		783.176		0.311
189.324		582.959		0.215
189.573		493.068		0.302
189.893		391.583		0.226
190.125		439.294		0.296
190.427		492.392		0.337
190.798		329.647		0.255
191.106		585.460		0.255
191.367		523.268		0.319
191.692		492.017		0.354
192.058		439.413		0.406
192.470		390.624		0.441
192.940		293.016		0.412
193.382		390.265		0.438
193.819		369.653		0.584
194.409		390.166		2.444
