0.023	0.000
0.033	0.000
0.043	0.000
0.053	0.000
0.063	0.000
0.073	0.000
0.083	0.000
0.093	0.000
0.103	0.000
0.113	0.000
0.123	0.000
0.133	0.000
0.143	0.000
0.153	0.000
0.163	0.000
0.173	0.000
0.183	0.000
0.193	0.000
0.203	0.000
0.213	0.000
0.223	0.000
0.233	0.000
0.243	0.000
0.253	0.000
0.263	0.000
0.273	0.000
0.283	0.000
0.293	0.000
0.303	0.000
0.313	0.000
0.323	0.000
0.333	0.000
0.343	0.000
0.353	0.000
0.363	0.000
0.373	0.000
0.383	0.000
0.393	0.000
0.403	0.000
0.413	0.000
0.423	0.000
0.433	0.000
0.443	0.000
0.453	0.000
0.463	0.000
0.473	0.000
0.483	0.000
0.493	0.000
0.503	0.000
0.513	0.000
0.523	0.000
0.533	0.000
0.543	0.000
0.553	0.000
0.563	0.000
0.573	0.000
0.583	0.000
0.593	0.000
0.603	0.000
0.613	0.000
0.623	0.000
0.633	0.000
0.643	0.000
0.653	0.000
0.663	0.000
0.673	0.000
0.683	0.000
0.693	0.000
0.703	0.000
0.713	0.000
0.723	0.000
0.733	0.000
0.743	0.000
0.753	0.000
0.763	0.000
0.773	0.000
0.783	0.000
0.793	0.000
0.803	0.000
0.813	0.000
0.823	0.000
0.833	0.000
0.843	0.000
0.853	0.000
0.863	0.000
0.873	0.000
0.883	0.000
0.893	0.000
0.903	0.000
0.913	0.000
0.923	0.000
0.933	0.000
0.943	0.000
0.953	0.000
0.963	0.000
0.973	0.000
0.983	0.000
0.993	0.000
1.003	0.000
1.013	0.000
1.023	0.000
1.033	0.000
1.043	0.000
1.053	0.000
1.063	0.000
1.073	0.000
1.083	0.000
1.093	0.000
1.103	0.000
1.113	0.000
1.123	0.000
1.133	0.000
1.143	0.000
1.153	0.000
1.163	0.000
1.173	0.000
1.183	0.000
1.193	0.000
1.203	0.000
1.213	0.000
1.223	0.000
1.233	0.000
1.243	0.000
1.253	0.000
1.263	0.000
1.273	0.000
1.283	0.000
1.293	0.000
1.303	0.000
1.313	0.000
1.323	0.000
1.333	0.000
1.343	0.000
1.353	0.000
1.363	0.000
1.373	0.000
1.383	0.000
1.393	0.000
1.403	0.000
1.413	0.000
1.423	0.000
1.433	0.000
1.443	0.000
1.453	0.000
1.463	0.000
1.473	0.000
1.483	0.000
1.493	0.000
1.503	0.000
1.513	0.000
1.523	0.000
1.533	0.000
1.543	0.000
1.553	0.000
1.563	0.000
1.573	0.000
1.583	0.000
1.593	0.000
1.603	0.000
1.613	0.000
1.623	0.000
1.633	0.000
1.643	0.000
1.653	0.000
1.663	0.000
1.673	0.000
1.683	0.000
1.693	0.000
1.703	0.000
1.713	0.000
1.723	0.000
1.733	0.000
1.743	0.000
1.753	0.000
1.763	0.000
1.773	0.000
1.783	0.000
1.793	0.000
1.803	0.000
1.813	0.000
1.823	0.000
1.833	0.000
1.843	0.000
1.853	0.000
1.863	0.000
1.873	0.000
1.883	0.000
1.893	0.000
1.903	0.000
1.913	0.000
1.923	0.000
1.933	0.000
1.943	0.000
1.953	0.000
1.963	0.000
1.973	0.000
1.983	0.000
1.993	0.000
2.003	0.000
2.013	0.000
2.023	0.000
2.033	0.000
2.043	0.000
2.053	0.000
2.063	0.000
2.073	0.000
2.083	0.000
2.093	0.000
2.103	0.000
2.113	0.000
2.123	0.000
2.133	0.000
2.143	0.000
2.153	0.000
2.163	0.000
2.173	0.000
2.183	0.000
2.193	0.000
2.203	0.000
2.213	0.000
2.223	0.000
2.233	0.000
2.243	0.000
2.253	0.000
2.263	0.000
2.273	0.000
2.283	0.000
2.293	0.000
2.303	0.000
2.313	0.000
2.323	0.000
2.333	0.000
2.343	0.000
2.353	0.000
2.363	0.000
2.373	0.000
2.383	0.000
2.393	0.000
2.403	0.000
2.413	0.000
2.423	0.000
2.433	0.000
2.443	0.000
2.453	0.000
2.463	0.000
2.473	0.000
2.483	0.000
2.493	0.000
2.503	0.000
2.513	0.000
2.523	0.000
2.533	0.000
2.543	0.000
2.553	0.000
2.563	0.000
2.573	0.000
2.583	0.000
2.593	0.000
2.603	0.000
2.613	0.000
2.623	0.000
2.633	0.000
2.643	0.000
2.653	0.000
2.663	0.000
2.673	0.000
2.683	0.000
2.693	0.000
2.703	0.000
2.713	0.000
2.723	0.000
2.733	0.000
2.743	0.000
2.753	0.000
2.763	0.000
2.773	0.000
2.783	0.000
2.793	0.000
2.803	0.000
2.813	0.000
2.823	0.000
2.833	0.000
2.843	0.000
2.853	0.000
2.863	0.000
2.873	0.000
2.883	0.000
2.893	0.000
2.903	0.000
2.913	0.000
2.923	0.000
2.933	0.000
2.943	0.000
2.953	0.000
2.963	0.000
2.973	0.000
2.983	0.000
2.993	0.000
3.003	0.000
3.013	0.000
3.023	0.000
3.033	0.000
3.043	0.000
3.053	0.000
3.063	0.000
3.073	0.000
3.083	0.000
3.093	0.000
3.103	0.000
3.113	0.000
3.123	0.000
3.133	0.000
3.143	0.000
3.153	0.000
3.163	0.000
3.173	0.000
3.183	0.000
3.193	0.000
3.203	0.000
3.213	0.000
3.223	0.000
3.233	0.000
3.243	0.000
3.253	0.000
3.263	0.000
3.273	0.000
3.283	0.000
3.293	0.000
3.303	0.000
3.313	0.000
3.323	0.000
3.333	0.000
3.343	0.000
3.353	0.000
3.363	0.000
3.373	0.000
3.383	0.000
3.393	0.000
3.403	0.000
3.413	0.000
3.423	0.000
3.433	0.000
3.443	0.000
3.453	0.000
3.463	0.000
3.473	0.000
3.483	0.000
3.493	0.000
3.503	0.000
3.513	0.000
3.523	0.000
3.533	0.000
3.543	0.000
3.553	0.000
3.563	0.000
3.573	0.000
3.583	0.000
3.593	0.000
3.603	0.000
3.613	0.000
3.623	0.000
3.633	0.000
3.643	0.000
3.653	0.000
3.663	0.000
3.673	0.000
3.683	0.000
3.693	0.000
3.703	0.000
3.713	0.000
3.723	0.000
3.733	0.000
3.743	0.000
3.753	0.000
3.763	0.000
3.773	0.000
3.783	0.000
3.793	0.000
3.803	0.000
3.813	0.000
3.823	0.000
3.833	0.000
3.843	0.000
3.853	0.000
3.863	0.000
3.873	0.000
3.883	0.000
3.893	0.000
3.903	0.000
3.913	0.000
3.923	0.000
3.933	0.000
3.943	0.000
3.953	0.000
3.963	0.000
3.973	0.000
3.983	0.000
3.993	0.000
4.003	0.000
4.013	0.000
4.023	0.000
4.033	0.000
4.043	0.000
4.053	0.000
4.063	0.000
4.073	0.000
4.083	0.000
4.093	0.000
4.103	0.000
4.113	0.000
4.123	0.000
4.133	0.000
4.143	0.000
4.153	0.000
4.163	0.000
4.173	0.000
4.183	0.000
4.193	0.000
4.203	0.000
4.213	0.000
4.223	0.000
4.233	0.000
4.243	439.447
4.253	440.140
4.263	440.582
4.273	441.111
4.283	441.252
4.293	441.072
4.303	440.964
4.313	441.312
4.323	441.404
4.333	441.488
4.343	441.776
4.353	441.547
4.363	441.790
4.373	442.073
4.383	441.956
4.393	441.818
4.403	441.683
4.413	441.735
4.423	441.586
4.433	441.489
4.443	441.471
4.453	441.501
4.463	441.509
4.473	441.370
4.483	441.556
4.493	441.329
4.503	441.338
4.513	441.242
4.523	441.106
4.533	441.240
4.543	441.157
4.553	441.195
4.563	441.177
4.573	441.074
4.583	441.213
4.593	441.314
4.603	441.308
4.613	441.199
4.623	441.163
4.633	441.198
4.643	441.112
4.653	441.136
4.663	441.178
4.673	441.155
4.683	441.236
4.693	441.223
4.703	441.158
4.713	441.112
4.723	441.242
4.733	441.184
4.743	441.263
4.753	441.386
4.763	441.406
4.773	441.415
4.783	441.321
4.793	441.201
4.803	441.216
4.813	441.189
4.823	441.349
4.833	441.342
4.843	441.417
4.853	441.284
4.863	441.258
4.873	441.254
4.883	441.173
4.893	441.096
4.903	441.125
4.913	441.196
4.923	441.097
4.933	441.111
4.943	441.155
4.953	441.180
4.963	441.052
4.973	441.110
4.983	441.098
4.993	441.088
5.003	441.137
5.013	441.129
5.023	441.214
5.033	441.271
5.043	441.354
5.053	441.243
5.063	441.210
5.073	441.104
5.083	440.834
5.093	441.023
5.103	441.167
5.113	440.968
5.123	440.985
5.133	440.997
5.143	441.254
5.153	441.213
5.163	441.745
5.173	441.361
5.183	441.304
5.193	441.649
5.203	441.627
5.213	441.841
5.223	441.508
5.233	441.136
5.243	441.375
5.253	441.623
5.263	441.560
5.273	441.599
5.283	441.804
5.293	440.991
5.303	440.934
5.313	441.045
5.323	440.967
5.333	441.764
5.343	441.673
5.353	441.732
5.363	442.190
5.373	559.544
5.383	559.890
5.393	560.005
5.403	560.475
5.413	560.815
5.423	560.410
5.433	561.295
5.443	561.052
5.453	560.696
5.463	561.074
5.473	560.132
5.483	560.330
5.493	559.862
5.503	559.862
5.513	560.033
5.523	560.107
5.533	559.815
5.543	559.864
5.553	559.839
5.563	559.473
5.573	559.418
5.583	559.780
5.593	559.298
5.603	559.188
5.613	559.772
5.623	559.818
5.633	559.627
5.643	559.859
5.653	560.407
5.663	560.136
5.673	560.480
5.683	560.299
5.693	560.300
5.703	559.909
5.713	561.583
5.723	560.654
5.733	558.906
5.743	558.002
5.753	556.097
5.763	555.187
5.773	554.960
5.783	554.680
5.793	554.937
5.803	555.541
5.813	556.120
5.823	557.470
5.833	559.684
5.843	561.890
5.853	562.774
5.863	564.169
5.873	564.955
5.883	565.091
5.893	564.679
5.903	563.567
5.913	561.561
5.923	560.217
5.933	556.726
5.943	554.467
5.953	554.259
5.963	554.366
5.973	554.989
5.983	555.978
5.993	556.616
6.003	558.091
6.013	560.101
6.023	561.369
6.033	561.702
6.043	562.404
6.053	562.549
6.063	562.394
6.073	561.492
6.083	559.867
6.093	558.435
6.103	558.012
6.113	558.118
6.123	558.585
6.133	559.077
6.143	559.221
6.153	559.460
6.163	559.666
6.173	559.911
6.183	560.446
6.193	560.762
6.203	561.066
6.213	561.010
6.223	560.741
6.233	560.429
6.243	560.440
6.253	560.129
6.263	559.648
6.273	559.083
6.283	558.817
6.293	559.034
6.303	559.371
6.313	559.492
6.323	559.440
6.333	558.804
6.343	558.512
6.353	558.501
6.363	558.956
6.373	559.263
6.383	559.260
6.393	559.537
6.403	559.943
6.413	560.168
6.423	560.254
6.433	560.420
6.443	0.000
6.453	0.000
6.463	0.000
6.473	0.000
6.483	420.549
6.493	421.487
6.503	421.504
6.513	422.562
6.523	423.021
6.533	423.113
6.543	423.471
6.553	423.406
6.563	423.206
6.573	423.330
6.583	423.100
6.593	422.800
6.603	422.611
6.613	422.187
6.623	422.176
6.633	422.194
6.643	422.332
6.653	422.478
6.663	422.629
6.673	422.727
6.683	422.743
6.693	423.045
6.703	423.654
6.713	423.823
6.723	424.134
6.733	424.231
6.743	423.990
6.753	423.750
6.763	422.923
6.773	421.591
6.783	421.098
6.793	419.667
6.803	418.472
6.813	417.337
6.823	417.037
6.833	416.599
6.843	416.573
6.853	416.843
6.863	417.187
6.873	417.984
6.883	419.012
6.893	419.561
6.903	420.835
6.913	422.052
6.923	422.893
6.933	423.179
6.943	423.271
6.953	422.555
6.963	421.661
6.973	420.174
6.983	418.281
6.993	416.957
7.003	416.504
7.013	415.952
7.023	415.976
7.033	416.660
7.043	417.241
7.053	418.396
7.063	419.971
7.073	420.999
7.083	422.932
7.093	424.008
7.103	424.420
7.113	424.339
7.123	424.027
7.133	422.929
7.143	422.118
7.153	420.262
7.163	418.963
7.173	418.299
7.183	418.059
7.193	417.929
7.203	418.068
7.213	418.475
7.223	418.714
7.233	419.510
7.243	420.915
7.253	421.831
7.263	422.963
7.273	423.494
7.283	423.845
7.293	423.846
7.303	423.860
7.313	423.811
7.323	423.230
7.333	422.983
7.343	422.622
7.353	422.411
7.363	422.546
7.373	422.695
7.383	423.187
7.393	423.630
7.403	423.602
7.413	423.917
7.423	423.865
7.433	423.736
7.443	423.701
7.453	423.986
7.463	424.066
7.473	424.184
7.483	424.051
7.493	423.919
7.503	423.838
7.513	423.837
7.523	423.904
7.533	423.923
7.543	423.646
7.553	424.320
7.563	427.269
7.573	433.302
7.583	443.871
7.593	491.236
7.603	499.971
7.613	499.316
7.623	499.273
7.633	499.535
7.643	499.266
7.653	498.896
7.663	499.159
7.673	499.716
7.683	499.680
7.693	499.681
7.703	499.985
7.713	500.091
7.723	500.156
7.733	500.428
7.743	500.236
7.753	499.951
7.763	499.942
7.773	499.783
7.783	499.436
7.793	499.413
7.803	499.158
7.813	499.053
7.823	499.362
7.833	499.309
7.843	499.443
7.853	499.783
7.863	500.013
7.873	500.228
7.883	500.655
7.893	500.642
7.903	500.643
7.913	500.506
7.923	499.606
7.933	498.247
7.943	497.402
7.953	495.674
7.963	494.517
7.973	494.056
7.983	494.277
7.993	495.147
8.003	496.807
8.013	497.596
8.023	499.090
8.033	500.636
8.043	501.704
8.053	501.953
8.063	502.345
8.073	502.232
8.083	501.813
8.093	500.115
8.103	497.704
8.113	495.240
8.123	494.036
8.133	492.367
8.143	492.490
8.153	492.843
8.163	494.458
8.173	496.312
8.183	498.146
8.193	499.118
8.203	500.481
8.213	501.470
8.223	502.054
8.233	502.109
8.243	501.601
8.253	500.548
8.263	499.883
8.273	498.116
8.283	496.628
8.293	495.579
8.303	495.345
8.313	495.345
8.323	495.886
8.333	496.360
8.343	497.079
8.353	498.091
8.363	498.963
8.373	499.279
8.383	499.823
8.393	499.888
8.403	499.671
8.413	499.550
8.423	499.137
8.433	498.601
8.443	498.543
8.453	498.487
8.463	498.706
8.473	499.206
8.483	499.283
8.493	499.710
8.503	500.012
8.513	500.069
8.523	500.102
8.533	500.184
8.543	499.995
8.553	500.025
8.563	500.175
8.573	500.829
8.583	503.356
8.593	504.866
8.603	507.489
8.613	507.912
8.623	505.380
8.633	0.000
8.643	0.000
8.653	375.647
8.663	375.478
8.673	375.725
8.683	375.848
8.693	375.872
8.703	376.069
8.713	376.054
8.723	375.860
8.733	375.839
8.743	375.580
8.753	375.514
8.763	375.672
8.773	375.736
8.783	375.761
8.793	375.904
8.803	376.084
8.813	376.201
8.823	376.422
8.833	376.738
8.843	376.891
8.853	377.051
8.863	376.970
8.873	376.881
8.883	376.716
8.893	376.055
8.903	374.686
8.913	373.978
8.923	372.872
8.933	372.458
8.943	372.720
8.953	372.971
8.963	373.527
8.973	374.316
8.983	374.888
8.993	375.853
9.003	376.925
9.013	377.686
9.023	377.957
9.033	378.345
9.043	378.166
9.053	377.368
9.063	376.814
9.073	375.231
9.083	372.849
9.093	371.691
9.103	370.263
9.113	369.789
9.123	369.961
9.133	370.242
9.143	371.223
9.153	372.419
9.163	372.853
9.173	373.743
9.183	374.179
9.193	374.276
9.203	374.185
9.213	373.932
9.223	373.241
9.233	372.313
9.243	371.995
9.253	371.761
9.263	371.777
9.273	371.802
9.283	371.549
9.293	371.548
9.303	371.998
9.313	372.315
9.323	372.950
9.333	373.023
9.343	372.905
9.353	372.576
9.363	372.617
9.373	372.864
9.383	372.883
9.393	372.924
9.403	372.873
9.413	372.647
9.423	372.679
9.433	372.777
9.443	372.630
9.453	372.611
9.463	372.770
9.473	372.992
9.483	372.964
9.493	372.935
9.503	372.951
9.513	373.116
9.523	373.214
9.533	373.217
9.543	373.099
9.553	373.257
9.563	373.313
9.573	373.618
9.583	373.832
9.593	373.949
9.603	374.039
9.613	374.442
9.623	376.418
9.633	378.189
9.643	402.513
9.653	415.333
9.663	415.796
9.673	415.880
9.683	416.551
9.693	416.792
9.703	416.522
9.713	416.347
9.723	416.457
9.733	415.761
9.743	415.509
9.753	414.915
9.763	414.780
9.773	414.762
9.783	414.726
9.793	415.273
9.803	416.164
9.813	416.728
9.823	417.824
9.833	419.321
9.843	420.486
9.853	420.885
9.863	420.992
9.873	421.273
9.883	420.927
9.893	420.305
9.903	418.656
9.913	416.481
9.923	415.305
9.933	413.582
9.943	412.222
9.953	411.662
9.963	411.815
9.973	412.545
9.983	413.621
9.993	414.630
10.003	416.828
10.013	419.216
10.023	420.892
10.033	421.480
10.043	421.678
10.053	421.260
10.063	420.157
10.073	419.238
10.083	416.879
10.093	414.516
10.103	413.638
10.113	412.468
10.123	412.225
10.133	412.595
10.143	413.076
10.153	414.410
10.163	416.365
10.173	417.732
10.183	420.077
10.193	421.911
10.203	422.803
10.213	422.852
10.223	422.535
10.233	421.169
10.243	419.175
10.253	418.158
10.263	416.361
10.273	414.828
10.283	414.394
10.293	414.200
10.303	414.537
10.313	415.356
10.323	415.846
10.333	417.286
10.343	418.860
10.353	419.803
10.363	421.317
10.373	422.390
10.383	422.314
10.393	422.004
10.403	420.989
10.413	419.523
10.423	418.115
10.433	417.452
10.443	416.618
10.453	416.120
10.463	416.161
10.473	416.319
10.483	416.547
10.493	417.588
10.503	417.872
10.513	419.121
10.523	420.023
10.533	420.420
10.543	420.820
10.553	420.918
10.563	420.645
10.573	420.458
10.583	420.028
10.593	419.396
10.603	419.097
10.613	419.085
10.623	419.259
10.633	419.420
10.643	419.569
10.653	419.455
10.663	419.507
10.673	420.422
10.683	421.836
10.693	426.248
10.703	428.594
10.713	430.451
10.723	441.777
10.733	444.039
10.743	445.227
10.753	445.265
10.763	444.625
10.773	443.849
10.783	442.594
10.793	442.088
10.803	440.335
10.813	438.752
10.823	438.046
10.833	437.102
10.843	436.821
10.853	437.297
10.863	437.742
10.873	438.810
10.883	440.165
10.893	441.088
10.903	443.242
10.913	444.857
10.923	445.503
10.933	445.604
10.943	444.876
10.953	444.443
10.963	443.567
10.973	442.642
10.983	440.666
10.993	438.458
11.003	437.422
11.013	435.905
11.023	435.628
11.033	436.244
11.043	436.718
11.053	438.396
11.063	440.849
11.073	442.372
11.083	444.047
11.093	444.852
11.103	445.205
11.113	445.272
11.123	444.810
11.133	444.201
11.143	443.129
11.153	442.561
11.163	440.737
11.173	439.164
11.183	438.295
11.193	437.542
11.203	437.874
11.213	438.711
11.223	439.375
11.233	440.963
11.243	442.760
11.253	444.807
11.263	445.215
11.273	445.990
11.283	445.713
11.293	445.950
11.303	445.389
11.313	444.712
11.323	443.464
11.333	443.221
11.343	442.221
11.353	442.053
11.363	442.433
11.373	443.047
11.383	443.102
11.393	443.669
11.403	443.486
11.413	443.472
11.423	441.894
11.433	439.137
11.443	437.460
11.453	0.000
11.463	0.000
11.473	0.000
11.483	292.326
11.493	292.799
11.503	293.437
11.513	293.816
11.523	294.040
11.533	294.041
11.543	294.084
11.553	294.054
11.563	293.971
11.573	293.844
11.583	293.867
11.593	293.913
11.603	294.007
11.613	294.225
11.623	294.292
11.633	294.296
11.643	294.092
11.653	294.072
11.663	293.869
11.673	293.720
11.683	293.834
11.693	293.896
11.703	293.908
11.713	294.007
11.723	294.084
11.733	294.033
11.743	294.051
11.753	294.118
11.763	294.239
11.773	294.187
11.783	294.178
11.793	294.168
11.803	294.103
11.813	293.963
11.823	293.700
11.833	293.625
11.843	293.343
11.853	292.953
11.863	291.889
11.873	291.230
11.883	294.105
11.893	293.616
11.903	293.457
11.913	0.000
11.923	330.785
11.933	333.706
11.943	333.933
11.953	334.224
11.963	334.457
11.973	334.160
11.983	334.454
11.993	334.243
12.003	334.378
12.013	334.224
12.023	334.359
12.033	334.577
12.043	334.596
12.053	334.468
12.063	334.282
12.073	333.979
12.083	333.950
12.093	333.617
12.103	333.369
12.113	333.373
12.123	333.542
12.133	333.503
12.143	333.758
12.153	333.858
12.163	333.980
12.173	334.245
12.183	334.570
12.193	334.564
12.203	334.437
12.213	333.848
12.223	332.979
12.233	332.249
12.243	331.180
12.253	330.383
12.263	330.098
12.273	329.918
12.283	329.926
12.293	330.140
12.303	330.300
12.313	330.775
12.323	331.474
12.333	332.178
12.343	332.675
12.353	333.318
12.363	333.750
12.373	333.835
12.383	333.777
12.393	333.266
12.403	332.140
12.413	331.401
12.423	330.225
12.433	329.639
12.443	329.627
12.453	329.724
12.463	330.111
12.473	330.655
12.483	330.887
12.493	331.445
12.503	332.293
12.513	332.981
12.523	333.240
12.533	333.311
12.543	333.397
12.553	333.210
12.563	332.492
12.573	331.867
12.583	331.171
12.593	330.926
12.603	330.721
12.613	330.624
12.623	330.924
12.633	330.990
12.643	331.395
12.653	332.226
12.663	332.328
12.673	332.880
12.683	332.954
12.693	333.435
12.703	333.544
12.713	333.411
12.723	333.525
12.733	333.502
12.743	333.496
12.753	333.766
12.763	333.799
12.773	333.891
12.783	333.970
12.793	333.859
12.803	333.713
12.813	333.739
12.823	333.870
12.833	334.146
12.843	334.214
12.853	334.085
12.863	333.900
12.873	333.971
12.883	334.028
12.893	334.140
12.903	333.822
12.913	333.696
12.923	333.587
12.933	333.283
12.943	333.338
12.953	333.346
12.963	333.349
12.973	333.484
12.983	334.260
12.993	0.000
13.003	0.000
13.013	0.000
13.023	438.787
13.033	440.234
13.043	441.923
13.053	444.122
13.063	443.775
13.073	443.366
13.083	442.689
13.093	442.296
13.103	441.373
13.113	440.827
13.123	440.554
13.133	440.368
13.143	440.567
13.153	440.906
13.163	441.529
13.173	442.016
13.183	443.433
13.193	445.094
13.203	446.002
13.213	447.075
13.223	447.236
13.233	447.144
13.243	446.970
13.253	445.867
13.263	444.317
13.273	443.352
13.283	441.190
13.293	439.214
13.303	437.558
13.313	437.081
13.323	436.802
13.333	437.513
13.343	438.772
13.353	439.434
13.363	441.436
13.373	443.166
13.383	444.255
13.393	445.750
13.403	446.270
13.413	445.731
13.423	445.237
13.433	443.871
13.443	441.630
13.453	440.403
13.463	437.880
13.473	436.073
13.483	435.216
13.493	435.151
13.503	435.500
13.513	436.267
13.523	437.889
13.533	439.194
13.543	442.564
13.553	445.309
13.563	446.097
13.573	446.927
13.583	446.702
13.593	445.893
13.603	445.308
13.613	443.844
13.623	441.229
13.633	439.980
13.643	437.662
13.653	436.485
13.663	436.547
13.673	436.936
13.683	437.708
13.693	439.079
13.703	440.577
13.713	441.433
13.723	443.100
13.733	444.812
13.743	445.163
13.753	445.464
13.763	444.870
13.773	443.847
13.783	443.321
13.793	442.410
13.803	441.006
13.813	440.204
13.823	439.874
13.833	439.652
13.843	439.951
13.853	440.325
13.863	441.441
13.873	442.541
13.883	443.170
13.893	443.443
13.903	443.682
13.913	443.668
13.923	443.488
13.933	443.150
13.943	442.617
13.953	442.451
13.963	442.249
13.973	442.090
13.983	441.715
13.993	440.653
14.003	440.453
14.013	440.654
14.023	441.473
14.033	442.047
14.043	442.834
14.053	443.247
14.063	443.147
14.073	442.516
14.083	442.064
14.093	441.479
14.103	442.117
14.113	0.000
14.123	0.000
14.133	0.000
14.143	0.000
14.153	555.379
14.163	553.326
14.173	551.456
14.183	551.657
14.193	550.863
14.203	550.354
14.213	550.070
14.223	549.437
14.233	549.054
14.243	548.982
14.253	549.022
14.263	549.420
14.273	549.971
14.283	550.128
14.293	550.863
14.303	552.085
14.313	553.202
14.323	553.727
14.333	554.490
14.343	555.107
14.353	555.205
14.363	554.891
14.373	554.018
14.383	552.008
14.393	550.740
14.403	548.364
14.413	547.299
14.423	547.442
14.433	547.891
14.443	549.569
14.453	551.435
14.463	552.724
14.473	555.486
14.483	557.760
14.493	559.730
14.503	560.362
14.513	560.960
14.523	561.258
14.533	561.231
14.543	561.062
14.553	560.305
14.563	558.888
14.573	557.825
14.583	555.338
14.593	552.790
14.603	551.356
14.613	551.031
14.623	551.690
14.633	553.420
14.643	554.335
14.653	556.259
14.663	558.160
14.673	560.153
14.683	560.851
14.693	561.586
14.703	561.943
14.713	561.783
14.723	561.434
14.733	560.428
14.743	558.770
14.753	557.588
14.763	554.615
14.773	552.305
14.783	551.158
14.793	551.166
14.803	552.137
14.813	554.031
14.823	555.095
14.833	556.608
14.843	557.797
14.853	558.289
14.863	558.424
14.873	558.280
14.883	557.915
14.893	557.277
14.903	557.246
14.913	557.230
14.923	557.188
14.933	557.301
14.943	557.412
14.953	557.690
14.963	558.294
14.973	558.428
14.983	558.766
14.993	558.759
15.003	558.729
15.013	558.687
15.023	558.798
15.033	558.788
15.043	558.835
15.053	559.009
15.063	559.257
15.073	559.457
15.083	559.604
15.093	559.913
15.103	559.969
15.113	559.960
15.123	560.046
15.133	560.034
15.143	559.841
15.153	559.806
15.163	559.594
15.173	0.000
15.183	0.000
15.193	0.000
15.203	414.794
15.213	416.136
15.223	416.938
15.233	417.502
15.243	417.164
15.253	416.846
15.263	416.478
15.273	415.976
15.283	415.346
15.293	415.111
15.303	414.777
15.313	414.315
15.323	414.462
15.333	414.607
15.343	414.745
15.353	415.296
15.363	415.742
15.373	416.083
15.383	416.867
15.393	418.152
15.403	418.960
15.413	420.734
15.423	421.850
15.433	422.438
15.443	422.538
15.453	422.027
15.463	420.841
15.473	419.964
15.483	417.906
15.493	416.000
15.503	414.493
15.513	414.023
15.523	413.529
15.533	413.593
15.543	414.294
15.553	414.566
15.563	415.655
15.573	417.160
15.583	418.200
15.593	420.326
15.603	422.022
15.613	422.939
15.623	423.049
15.633	422.466
15.643	421.078
15.653	420.101
15.663	417.707
15.673	415.978
15.683	414.758
15.693	414.162
15.703	413.547
15.713	413.607
15.723	414.318
15.733	414.956
15.743	416.778
15.753	419.161
15.763	420.164
15.773	421.957
15.783	422.775
15.793	423.028
15.803	422.949
15.813	422.076
15.823	420.718
15.833	420.033
15.843	418.666
15.853	417.334
15.863	416.601
15.873	416.409
15.883	416.726
15.893	417.353
15.903	418.410
15.913	418.937
15.923	420.149
15.933	420.972
15.943	421.193
15.953	421.620
15.963	421.646
15.973	421.358
15.983	421.054
15.993	420.747
16.003	420.416
16.013	420.398
16.023	420.266
16.033	420.208
16.043	420.386
16.053	420.419
16.063	420.696
16.073	420.627
16.083	420.421
16.093	420.315
16.103	420.105
16.113	419.935
16.123	420.152
16.133	420.540
16.143	420.754
16.153	420.815
16.163	420.067
16.173	418.167
16.183	416.075
16.193	416.864
16.203	418.158
16.213	423.196
16.223	436.687
16.233	457.630
16.243	496.184
16.253	497.510
16.263	498.108
16.273	497.923
16.283	497.661
16.293	497.255
16.303	497.066
16.313	496.990
16.323	496.798
16.333	496.380
16.343	496.103
16.353	495.687
16.363	495.691
16.373	495.415
16.383	495.418
16.393	495.452
16.403	495.384
16.413	495.636
16.423	495.808
16.433	496.607
16.443	497.066
16.453	497.386
16.463	498.224
16.473	498.502
16.483	498.783
16.493	499.043
16.503	499.072
16.513	498.896
16.523	498.681
16.533	497.563
16.543	496.178
16.553	494.665
16.563	494.172
16.573	493.619
16.583	494.437
16.593	494.967
16.603	496.116
16.613	497.355
16.623	498.030
16.633	498.561
16.643	499.276
16.653	499.715
16.663	499.912
16.673	500.200
16.683	499.807
16.693	499.172
16.703	498.523
16.713	496.789
16.723	494.836
16.733	493.165
16.743	492.655
16.753	492.522
16.763	493.804
16.773	494.436
16.783	496.052
16.793	497.171
16.803	498.046
16.813	498.451
16.823	499.037
16.833	499.390
16.843	499.497
16.853	499.147
16.863	498.376
16.873	497.251
16.883	496.488
16.893	494.876
16.903	493.298
16.913	492.538
16.923	492.460
16.933	493.372
16.943	494.478
16.953	495.210
16.963	496.602
16.973	497.653
16.983	498.543
16.993	498.762
17.003	498.833
17.013	498.771
17.023	498.500
17.033	498.200
17.043	497.815
17.053	497.511
17.063	497.412
17.073	497.494
17.083	497.738
17.093	497.998
17.103	498.077
17.113	498.381
17.123	498.543
17.133	498.520
17.143	498.695
17.153	498.773
17.163	498.901
17.173	499.022
17.183	499.187
17.193	499.284
17.203	499.330
17.213	499.230
17.223	499.319
17.233	499.638
17.243	499.724
17.253	500.324
17.263	500.911
17.273	501.060
17.283	501.186
17.293	501.193
17.303	500.949
17.313	501.012
17.323	500.998
17.333	500.287
17.343	0.000
17.353	0.000
17.363	0.000
17.373	375.705
17.383	375.343
17.393	374.726
17.403	373.390
17.413	372.189
17.423	371.537
17.433	370.592
17.443	369.994
17.453	369.714
17.463	369.612
17.473	370.076
17.483	370.863
17.493	371.264
17.503	372.213
17.513	373.250
17.523	374.574
17.533	375.179
17.543	376.069
17.553	376.537
17.563	376.353
17.573	376.037
17.583	374.961
17.593	373.606
17.603	372.830
17.613	371.023
17.623	369.736
17.633	369.293
17.643	369.350
17.653	370.098
17.663	371.476
17.673	372.117
17.683	373.421
17.693	374.453
17.703	375.410
17.713	375.734
17.723	376.088
17.733	375.803
17.743	375.179
17.753	374.712
17.763	373.640
17.773	372.384
17.783	371.488
17.793	370.582
17.803	370.480
17.813	370.991
17.823	371.415
17.833	372.207
17.843	372.836
17.853	373.204
17.863	373.743
17.873	374.230
17.883	374.461
17.893	374.565
17.903	374.526
17.913	374.516
17.923	374.584
17.933	374.487
17.943	374.396
17.953	374.476
17.963	374.508
17.973	374.874
17.983	377.357
17.993	388.889
18.003	399.196
18.013	401.964
18.023	419.062
18.033	419.196
18.043	419.507
18.053	420.823
18.063	421.519
18.073	421.563
18.083	421.306
18.093	421.456
18.103	421.349
18.113	421.385
18.123	421.468
18.133	421.270
18.143	421.179
18.153	421.134
18.163	421.372
18.173	421.349
18.183	421.425
18.193	421.574
18.203	421.495
18.213	421.491
18.223	421.511
18.233	421.602
18.243	421.759
18.253	421.847
18.263	421.893
18.273	421.937
18.283	421.984
18.293	422.006
18.303	422.033
18.313	422.159
18.323	422.177
18.333	422.692
18.343	423.249
18.353	423.819
18.363	423.533
18.373	423.977
18.383	433.004
18.393	441.949
18.403	444.207
18.413	445.761
18.423	445.855
18.433	445.752
18.443	444.328
18.453	442.665
18.463	440.151
18.473	438.855
18.483	436.897
18.493	435.819
18.503	435.727
18.513	436.484
18.523	437.922
18.533	440.020
18.543	441.418
18.553	443.759
18.563	445.672
18.573	446.649
18.583	447.162
18.593	447.160
18.603	446.751
18.613	446.323
18.623	444.973
18.633	442.659
18.643	439.272
18.653	437.815
18.663	435.697
18.673	434.938
18.683	435.091
18.693	436.334
18.703	438.411
18.713	441.284
18.723	442.390
18.733	444.139
18.743	445.872
18.753	446.411
18.763	446.739
18.773	446.565
18.783	445.873
18.793	445.421
18.803	443.605
18.813	440.998
18.823	438.873
18.833	437.944
18.843	436.946
18.853	437.057
18.863	437.274
18.873	438.469
18.883	440.288
18.893	442.248
18.903	443.294
18.913	444.849
18.923	445.719
18.933	445.897
18.943	445.780
18.953	444.986
18.963	443.521
18.973	442.782
18.983	441.717
18.993	441.455
19.003	441.917
19.013	442.117
19.023	442.567
19.033	442.860
19.043	442.566
19.053	442.452
19.063	442.634
19.073	441.577
19.083	438.674
19.093	433.323
19.103	0.000
19.113	0.000
19.123	0.000
19.133	0.000
19.143	293.195
19.153	292.892
19.163	291.618
19.173	291.290
19.183	291.384
19.193	291.351
19.203	291.561
19.213	292.150
19.223	292.573
19.233	293.950
19.243	294.328
19.253	294.003
19.263	293.971
19.273	293.833
19.283	293.849
19.293	294.019
19.303	293.969
19.313	294.024
19.323	294.157
19.333	294.180
19.343	294.227
19.353	294.104
19.363	294.173
19.373	294.135
19.383	294.133
19.393	294.086
19.403	294.092
19.413	294.135
19.423	294.129
19.433	294.160
19.443	293.968
19.453	293.786
19.463	293.346
19.473	292.349
19.483	291.822
19.493	289.534
19.503	288.576
19.513	289.098
19.523	321.256
19.533	327.335
19.543	329.652
19.553	330.131
19.563	330.075
19.573	330.139
19.583	329.989
19.593	329.398
19.603	328.914
19.613	328.985
19.623	328.915
19.633	329.324
19.643	329.335
19.653	329.021
19.663	328.792
19.673	328.756
19.683	328.852
19.693	328.895
19.703	329.200
19.713	329.651
19.723	330.248
19.733	330.458
19.743	331.039
19.753	331.471
19.763	331.612
19.773	331.908
19.783	331.893
19.793	331.674
19.803	331.565
19.813	330.878
19.823	330.095
19.833	329.467
19.843	329.208
19.853	328.855
19.863	328.824
19.873	329.030
19.883	329.541
19.893	330.261
19.903	331.173
19.913	331.572
19.923	332.122
19.933	332.537
19.943	332.590
19.953	332.684
19.963	332.675
19.973	332.345
19.983	332.034
19.993	331.095
20.003	329.962
20.013	328.977
20.023	328.672
20.033	328.506
20.043	328.815
20.053	329.150
20.063	329.827
20.073	330.610
20.083	331.306
20.093	331.589
20.103	332.046
20.113	332.014
20.123	331.858
20.133	331.695
20.143	331.405
20.153	331.028
20.163	330.846
20.173	330.570
20.183	330.405
20.193	330.619
20.203	330.816
20.213	331.035
20.223	331.099
20.233	331.063
20.243	330.973
20.253	330.893
20.263	330.661
20.273	330.540
20.283	330.461
20.293	330.223
20.303	329.899
20.313	329.853
20.323	329.915
20.333	329.903
20.343	329.882
20.353	329.849
20.363	329.820
20.373	329.825
20.383	329.756
20.393	329.574
20.403	329.513
20.413	329.571
20.423	329.624
20.433	329.546
20.443	329.319
20.453	329.228
20.463	329.221
20.473	329.540
20.483	329.669
20.493	329.697
20.503	329.351
20.513	329.600
20.523	0.000
20.533	0.000
20.543	0.000
20.553	436.746
20.563	438.176
20.573	441.918
20.583	442.972
20.593	443.295
20.603	442.806
20.613	440.965
20.623	439.258
20.633	438.293
20.643	435.853
20.653	433.815
20.663	432.516
20.673	432.388
20.683	432.718
20.693	433.917
20.703	434.648
20.713	436.236
20.723	438.059
20.733	440.799
20.743	442.084
20.753	444.009
20.763	444.683
20.773	444.716
20.783	444.253
20.793	443.003
20.803	441.005
20.813	439.997
20.823	437.733
20.833	435.536
20.843	434.074
20.853	433.662
20.863	433.665
20.873	434.205
20.883	434.706
20.893	436.663
20.903	439.121
20.913	442.024
20.923	443.358
20.933	444.980
20.943	445.661
20.953	445.392
20.963	444.883
20.973	443.989
20.983	442.712
20.993	441.799
21.003	439.608
21.013	437.883
21.023	436.994
21.033	436.821
21.043	437.287
21.053	438.181
21.063	438.849
21.073	440.387
21.083	442.386
21.093	444.338
21.103	444.858
21.113	445.634
21.123	445.664
21.133	445.538
21.143	444.504
21.153	443.296
21.163	442.438
21.173	442.140
21.183	441.773
21.193	441.278
21.203	441.690
21.213	442.037
21.223	441.854
21.233	443.109
21.243	443.984
21.253	444.309
21.263	444.704
21.273	445.440
21.283	445.219
21.293	446.051
21.303	445.756
21.313	445.658
21.323	443.897
21.333	442.177
21.343	442.657
21.353	443.533
21.363	443.632
21.373	444.038
21.383	0.000
21.393	0.000
21.403	0.000
21.413	0.000
21.423	0.000
21.433	0.000
21.443	0.000
21.453	0.000
21.463	0.000
21.473	0.000
21.483	0.000
21.493	0.000
21.503	0.000
21.513	0.000
21.523	0.000
21.533	0.000
21.543	0.000
21.553	0.000
21.563	0.000
21.573	0.000
21.583	0.000
21.593	0.000
21.603	0.000
21.613	0.000
21.623	0.000
21.633	0.000
21.643	0.000
21.653	0.000
21.663	0.000
21.673	0.000
21.683	0.000
21.693	0.000
21.703	440.960
21.713	442.878
21.723	441.762
21.733	441.929
21.743	443.809
21.753	443.844
21.763	443.942
21.773	443.763
21.783	443.856
21.793	443.486
21.803	443.459
21.813	443.672
21.823	443.556
21.833	443.311
21.843	442.909
21.853	442.014
21.863	441.275
21.873	439.228
21.883	437.225
21.893	436.405
21.903	435.506
21.913	435.351
21.923	435.740
21.933	436.223
21.943	437.760
21.953	439.910
21.963	440.984
21.973	442.911
21.983	444.247
21.993	444.832
22.003	444.857
22.013	444.336
22.023	443.303
22.033	441.726
22.043	440.790
22.053	438.923
22.063	436.948
22.073	436.284
22.083	435.655
22.093	435.752
22.103	436.762
22.113	437.638
22.123	440.161
22.133	443.142
22.143	444.183
22.153	445.397
22.163	446.266
22.173	446.458
22.183	446.489
22.193	445.860
22.203	445.009
22.213	443.837
22.223	443.263
22.233	442.224
22.243	442.060
22.253	442.297
22.263	442.773
22.273	443.006
22.283	443.947
22.293	444.346
22.303	444.898
22.313	445.497
22.323	445.736
22.333	445.849
22.343	445.627
22.353	445.597
22.363	445.543
22.373	445.148
22.383	445.311
22.393	445.092
22.403	444.939
22.413	444.745
22.423	444.627
22.433	444.250
22.443	443.595
22.453	443.197
22.463	442.251
22.473	441.925
22.483	442.172
22.493	0.000
22.503	0.000
22.513	0.000
22.523	556.669
22.533	556.936
22.543	557.113
22.553	556.668
22.563	555.482
22.573	554.292
22.583	553.881
22.593	553.582
22.603	554.005
22.613	554.491
22.623	555.787
22.633	557.243
22.643	558.703
22.653	559.254
22.663	559.890
22.673	560.365
22.683	560.537
22.693	560.388
22.703	559.347
22.713	557.637
22.723	556.617
22.733	554.962
22.743	554.394
22.753	554.908
22.763	555.431
22.773	556.321
22.783	557.778
22.793	558.568
22.803	559.948
22.813	560.472
22.823	560.409
22.833	560.262
22.843	559.783
22.853	559.016
22.863	0.000
22.873	0.000
22.883	0.000
22.893	439.646
22.903	440.227
22.913	440.275
22.923	440.473
22.933	440.896
22.943	441.023
22.953	440.949
22.963	440.995
22.973	441.076
22.983	441.118
22.993	441.186
23.003	441.164
23.013	441.149
23.023	441.218
23.033	441.118
23.043	441.081
23.053	441.067
23.063	441.039
23.073	440.990
23.083	441.129
23.093	441.098
23.103	441.165
23.113	441.165
23.123	441.170
23.133	441.229
23.143	441.343
23.153	441.249
23.163	441.276
23.173	441.353
23.183	441.347
23.193	441.337
23.203	441.364
23.213	441.377
23.223	441.431
23.233	441.421
23.243	441.440
23.253	441.438
23.263	441.436
23.273	441.469
23.283	441.493
23.293	441.473
23.303	441.431
23.313	441.423
23.323	441.359
23.333	441.372
23.343	441.218
23.353	441.295
23.363	441.230
23.373	441.195
23.383	441.169
23.393	441.201
23.403	441.261
23.413	441.224
23.423	441.319
23.433	441.256
23.443	441.318
23.453	441.236
23.463	441.211
23.473	441.350
23.483	441.205
23.493	441.231
23.503	441.343
23.513	441.469
23.523	449.927
23.533	450.061
23.543	444.736
23.553	443.292
23.563	442.096
23.573	439.567
23.583	0.000
23.593	0.000
23.603	0.000
23.613	0.000
23.623	0.000
23.633	580.459
23.643	580.214
23.653	580.746
23.663	580.716
23.673	582.541
23.683	584.247
23.693	585.164
23.703	587.021
23.713	588.646
23.723	590.110
23.733	590.422
23.743	590.673
23.753	590.384
23.763	589.558
23.773	588.960
23.783	587.582
23.793	586.377
23.803	585.892
23.813	585.684
23.823	585.624
23.833	586.202
23.843	586.629
23.853	587.181
23.863	587.621
23.873	587.760
23.883	586.995
23.893	585.886
23.903	580.721
23.913	576.116
23.923	0.000
23.933	0.000
23.943	0.000
23.953	443.687
23.963	444.201
23.973	443.693
23.983	443.046
23.993	442.324
24.003	442.671
24.013	442.463
24.023	442.234
24.033	442.051
24.043	442.180
24.053	442.021
24.063	441.832
24.073	441.450
24.083	441.607
24.093	441.565
24.103	441.512
24.113	441.505
24.123	441.607
24.133	441.665
24.143	441.408
24.153	441.518
24.163	441.512
24.173	441.539
24.183	441.432
24.193	441.522
24.203	441.473
24.213	441.322
24.223	441.359
24.233	441.640
24.243	441.423
24.253	441.416
24.263	441.441
24.273	441.500
24.283	441.454
24.293	441.332
24.303	441.411
24.313	441.417
24.323	441.377
24.333	441.303
24.343	441.326
24.353	441.445
24.363	441.391
24.373	441.481
24.383	441.435
24.393	441.509
24.403	441.429
24.413	441.404
24.423	441.392
24.433	441.492
24.443	441.505
24.453	441.490
24.463	441.457
24.473	441.385
24.483	441.366
24.493	441.346
24.503	441.371
24.513	441.337
24.523	441.331
24.533	441.388
24.543	441.382
24.553	441.396
24.563	441.440
24.573	441.281
24.583	441.189
24.593	441.330
24.603	441.238
24.613	441.231
24.623	441.229
24.633	441.199
24.643	441.110
24.653	441.088
24.663	443.649
24.673	445.737
24.683	448.353
24.693	446.078
24.703	444.913
24.713	0.000
24.723	0.000
24.733	0.000
24.743	0.000
24.753	0.000
24.763	0.000
24.773	579.581
24.783	578.834
24.793	578.639
24.803	579.252
24.813	579.683
24.823	581.107
24.833	583.171
24.843	585.671
24.853	586.886
24.863	588.494
24.873	589.819
24.883	590.056
24.893	589.998
24.903	588.947
24.913	587.588
24.923	587.086
24.933	586.203
24.943	585.551
24.953	585.625
24.963	585.910
24.973	586.684
24.983	587.179
24.993	587.535
25.003	587.162
25.013	586.137
25.023	582.501
25.033	582.048
25.043	580.996
25.053	0.000
25.063	0.000
25.073	0.000
25.083	441.182
25.093	441.900
25.103	443.052
25.113	444.028
25.123	443.043
25.133	442.218
25.143	442.723
25.153	442.954
25.163	442.497
25.173	441.850
25.183	441.944
25.193	441.941
25.203	441.943
25.213	441.604
25.223	441.397
25.233	441.558
25.243	441.655
25.253	441.314
25.263	441.324
25.273	441.437
25.283	441.614
25.293	441.238
25.303	441.134
25.313	441.282
25.323	441.483
25.333	441.370
25.343	441.127
25.353	441.202
25.363	441.500
25.373	441.402
25.383	441.269
25.393	441.286
25.403	441.484
25.413	441.474
25.423	441.360
25.433	441.385
25.443	441.516
25.453	441.496
25.463	441.448
25.473	441.480
25.483	441.468
25.493	441.429
25.503	441.398
25.513	441.391
25.523	441.449
25.533	441.421
25.543	441.524
25.553	441.377
25.563	441.391
25.573	441.391
25.583	441.405
25.593	441.493
25.603	441.432
25.613	441.493
25.623	441.535
25.633	441.536
25.643	441.431
25.653	441.301
25.663	441.320
25.673	441.143
25.683	441.087
25.693	440.960
25.703	441.089
25.713	441.132
25.723	441.172
25.733	448.804
25.743	448.060
25.753	448.770
25.763	0.000
25.773	0.000
25.783	0.000
25.793	0.000
25.803	0.000
25.813	557.559
25.823	557.452
25.833	557.079
25.843	556.150
25.853	556.834
25.863	557.144
25.873	558.121
25.883	559.690
25.893	559.825
25.903	561.148
25.913	562.092
25.923	562.332
25.933	562.274
25.943	561.745
25.953	560.707
25.963	559.549
25.973	559.089
25.983	558.539
25.993	558.480
26.003	558.866
26.013	559.349
26.023	560.025
26.033	560.382
26.043	560.422
26.053	560.892
26.063	561.280
26.073	561.377
26.083	562.419
26.093	0.000
26.103	0.000
26.113	0.000
26.123	0.000
26.133	437.128
26.143	435.488
26.153	437.071
26.163	438.637
26.173	440.294
26.183	440.880
26.193	442.001
26.203	442.387
26.213	442.388
26.223	442.292
26.233	441.988
26.243	441.444
26.253	441.080
26.263	440.556
26.273	440.292
26.283	439.720
26.293	439.642
26.303	439.795
26.313	440.227
26.323	441.235
26.333	441.659
26.343	442.822
26.353	443.768
26.363	444.167
26.373	444.980
26.383	445.570
26.393	445.536
26.403	445.397
26.413	444.927
26.423	444.238
26.433	443.602
26.443	442.245
26.453	440.295
26.463	438.353
26.473	437.607
26.483	436.042
26.493	435.811
26.503	436.662
26.513	437.329
26.523	439.186
26.533	441.822
26.543	442.991
26.553	445.135
26.563	446.215
26.573	447.125
26.583	447.159
26.593	446.965
26.603	446.474
26.613	445.310
26.623	444.561
26.633	442.819
26.643	440.796
26.653	439.851
26.663	438.407
26.673	437.778
26.683	438.050
26.693	438.538
26.703	439.992
26.713	442.217
26.723	443.373
26.733	445.032
26.743	445.958
26.753	446.451
26.763	446.441
26.773	446.112
26.783	445.807
26.793	444.790
26.803	444.009
26.813	442.521
26.823	441.479
26.833	440.920
26.843	440.385
26.853	440.138
26.863	440.495
26.873	440.870
26.883	441.332
26.893	441.876
26.903	442.221
26.913	442.613
26.923	442.571
26.933	442.809
26.943	442.912
26.953	443.137
26.963	443.465
26.973	443.770
26.983	443.959
26.993	444.689
27.003	445.171
27.013	445.148
27.023	445.022
27.033	444.995
27.043	445.064
27.053	445.036
27.063	444.530
27.073	443.925
27.083	443.636
27.093	443.418
27.103	442.792
27.113	441.134
27.123	439.450
27.133	434.540
27.143	426.103
27.153	423.357
27.163	423.633
27.173	425.014
27.183	425.028
27.193	424.751
27.203	424.135
27.213	424.106
27.223	422.869
27.233	422.282
27.243	420.517
27.253	419.481
27.263	419.098
27.273	419.028
27.283	419.370
27.293	420.268
27.303	421.019
27.313	422.483
27.323	424.264
27.333	425.504
27.343	425.977
27.353	426.836
27.363	427.274
27.373	427.058
27.383	425.837
27.393	423.855
27.403	421.333
27.413	420.005
27.423	417.758
27.433	416.363
27.443	415.772
27.453	415.681
27.463	416.303
27.473	417.549
27.483	418.200
27.493	420.063
27.503	422.115
27.513	424.501
27.523	425.589
27.533	426.728
27.543	426.504
27.553	426.019
27.563	424.520
27.573	422.112
27.583	419.178
27.593	417.756
27.603	415.801
27.613	414.960
27.623	414.840
27.633	415.390
27.643	416.505
27.653	418.475
27.663	419.499
27.673	421.980
27.683	424.551
27.693	426.470
27.703	426.900
27.713	426.955
27.723	426.205
27.733	425.610
27.743	424.157
27.753	422.294
27.763	420.178
27.773	419.275
27.783	418.120
27.793	417.881
27.803	418.220
27.813	418.776
27.823	420.212
27.833	421.964
27.843	422.860
27.853	424.787
27.863	426.211
27.873	426.583
27.883	426.348
27.893	425.567
27.903	424.473
27.913	423.720
27.923	422.153
27.933	420.453
27.943	419.253
27.953	418.990
27.963	419.118
27.973	419.456
27.983	419.910
27.993	420.259
28.003	421.057
28.013	422.121
28.023	422.577
28.033	423.698
28.043	424.523
28.053	424.591
28.063	424.445
28.073	423.828
28.083	423.277
28.093	423.018
28.103	422.199
28.113	421.563
28.123	421.160
28.133	421.014
28.143	421.443
28.153	421.834
28.163	422.270
28.173	422.655
28.183	422.920
28.193	425.635
28.203	427.818
28.213	432.764
28.223	433.752
28.233	436.243
28.243	440.165
28.253	443.958
28.263	443.979
28.273	443.681
28.283	442.434
28.293	441.211
28.303	439.813
28.313	439.100
28.323	438.179
28.333	437.754
28.343	438.067
28.353	438.397
28.363	438.997
28.373	439.302
28.383	439.688
28.393	440.333
28.403	441.111
28.413	441.965
28.423	442.453
28.433	443.400
28.443	444.299
28.453	444.613
28.463	444.682
28.473	444.094
28.483	443.291
28.493	442.814
28.503	441.578
28.513	439.913
28.523	438.209
28.533	437.497
28.543	436.880
28.553	437.204
28.563	437.648
28.573	438.903
28.583	440.869
28.593	442.864
28.603	443.541
28.613	444.576
28.623	444.951
28.633	445.153
28.643	444.813
28.653	444.392
28.663	443.637
28.673	443.128
28.683	441.922
28.693	440.233
28.703	438.528
28.713	438.004
28.723	437.622
28.733	438.369
28.743	438.896
28.753	440.647
28.763	442.712
28.773	443.835
28.783	444.153
28.793	444.782
28.803	445.178
28.813	445.072
28.823	445.102
28.833	444.713
28.843	444.132
28.853	443.863
28.863	442.597
28.873	442.125
28.883	441.527
28.893	441.816
28.903	442.477
28.913	443.306
28.923	443.337
28.933	443.389
28.943	443.255
28.953	443.239
28.963	0.000
28.973	0.000
28.983	0.000
28.993	443.850
29.003	445.016
29.013	446.068
29.023	445.928
29.033	446.024
29.043	446.191
29.053	446.072
29.063	445.948
29.073	445.759
29.083	445.273
29.093	444.967
29.103	444.779
29.113	444.958
29.123	444.711
29.133	444.413
29.143	444.433
29.153	444.496
29.163	444.525
29.173	444.345
29.183	444.323
29.193	444.158
29.203	444.126
29.213	444.086
29.223	444.332
29.233	444.115
29.243	444.296
29.253	444.213
29.263	444.266
29.273	443.948
29.283	443.803
29.293	443.552
29.303	442.480
29.313	440.580
29.323	439.017
29.333	435.036
29.343	432.568
29.353	432.314
29.363	427.687
29.373	423.867
29.383	422.940
29.393	422.557
29.403	421.677
29.413	420.902
29.423	420.288
29.433	419.813
29.443	419.386
29.453	419.519
29.463	419.431
29.473	419.841
29.483	420.366
29.493	420.979
29.503	421.474
29.513	422.182
29.523	423.547
29.533	425.280
29.543	425.702
29.553	426.126
29.563	425.543
29.573	424.980
29.583	423.478
29.593	421.234
29.603	418.748
29.613	417.816
29.623	416.633
29.633	416.399
29.643	416.609
29.653	417.501
29.663	419.034
29.673	420.712
29.683	421.395
29.693	423.136
29.703	424.845
29.713	426.075
29.723	426.296
29.733	426.197
29.743	425.246
29.753	424.479
29.763	422.718
29.773	420.452
29.783	418.565
29.793	417.798
29.803	417.013
29.813	417.133
29.823	417.473
29.833	418.552
29.843	420.045
29.853	421.681
29.863	422.494
29.873	423.737
29.883	424.610
29.893	424.846
29.903	424.795
29.913	424.201
29.923	423.451
29.933	422.721
29.943	421.762
29.953	420.687
29.963	419.515
29.973	419.610
29.983	419.331
29.993	419.988
30.003	420.205
30.013	420.758
30.023	421.542
30.033	422.118
30.043	422.528
30.053	422.813
30.063	422.854
30.073	422.748
30.083	422.688
30.093	422.145
30.103	421.456
30.113	421.465
30.123	420.814
30.133	420.755
30.143	421.317
30.153	421.623
30.163	422.840
30.173	423.534
30.183	425.678
30.193	0.000
30.203	0.000
30.213	0.000
30.223	0.000
30.233	0.000
30.243	0.000
30.253	0.000
30.263	0.000
30.273	0.000
30.283	0.000
30.293	0.000
30.303	0.000
30.313	0.000
30.323	0.000
30.333	0.000
30.343	0.000
30.353	0.000
30.363	0.000
30.373	0.000
30.383	0.000
30.393	0.000
30.403	0.000
30.413	0.000
30.423	0.000
30.433	0.000
30.443	0.000
30.453	0.000
30.463	0.000
30.473	0.000
30.483	0.000
30.493	0.000
30.503	439.069
30.513	440.463
30.523	444.104
30.533	443.972
30.543	443.410
30.553	442.707
30.563	442.797
30.573	442.883
30.583	443.016
30.593	443.768
30.603	443.836
30.613	444.635
30.623	444.537
30.633	445.046
30.643	445.354
30.653	445.382
30.663	445.439
30.673	445.378
30.683	444.827
30.693	444.552
30.703	443.968
30.713	443.104
30.723	441.562
30.733	440.424
30.743	438.383
30.753	436.752
30.763	436.426
30.773	436.482
30.783	437.452
30.793	438.878
30.803	440.020
30.813	442.177
30.823	443.898
30.833	444.504
30.843	445.450
30.853	447.046
30.863	448.034
30.873	447.993
30.883	447.865
30.893	446.845
30.903	445.038
30.913	443.774
30.923	441.042
30.933	437.973
30.943	436.491
30.953	434.760
30.963	435.022
30.973	436.365
30.983	437.468
30.993	440.064
31.003	442.500
31.013	443.285
31.023	444.655
31.033	445.813
31.043	446.482
31.053	446.441
31.063	445.841
31.073	444.772
31.083	443.087
31.093	442.103
31.103	439.093
31.113	435.540
31.123	434.363
31.133	433.490
31.143	433.666
31.153	434.706
31.163	435.746
31.173	438.583
31.183	441.270
31.193	442.554
31.203	444.358
31.213	445.467
31.223	446.468
31.233	446.849
31.243	447.173
31.253	446.764
31.263	445.586
31.273	444.635
31.283	442.143
31.293	440.037
31.303	439.032
31.313	437.317
31.323	437.273
31.333	438.438
31.343	439.433
31.353	441.304
31.363	443.680
31.373	444.516
31.383	445.591
31.393	445.965
31.403	446.380
31.413	446.108
31.423	445.770
31.433	445.036
31.443	443.462
31.453	442.590
31.463	441.171
31.473	440.828
31.483	440.950
31.493	441.364
31.503	441.853
31.513	442.506
31.523	442.899
31.533	443.241
31.543	443.359
31.553	443.543
31.563	444.033
31.573	444.493
31.583	444.224
31.593	444.225
31.603	444.143
31.613	444.563
31.623	444.189
31.633	443.909
31.643	443.823
31.653	446.406
31.663	0.000
31.673	0.000
31.683	558.702
31.693	559.296
31.703	560.739
31.713	561.228
31.723	560.135
31.733	558.867
31.743	557.910
31.753	556.696
31.763	555.403
31.773	554.738
31.783	553.979
31.793	553.971
31.803	554.402
31.813	554.763
31.823	555.786
31.833	556.789
31.843	557.415
31.853	558.918
31.863	560.368
31.873	561.621
31.883	561.915
31.893	562.488
31.903	562.526
31.913	561.744
31.923	560.935
31.933	558.802
31.943	555.823
31.953	554.297
31.963	552.109
31.973	551.010
31.983	551.328
31.993	551.868
32.003	553.085
32.013	554.791
32.023	555.866
32.033	557.921
32.043	560.427
32.053	562.414
32.063	562.948
32.073	563.499
32.083	563.645
32.093	563.152
32.103	562.690
32.113	560.928
32.123	557.816
32.133	555.971
32.143	553.272
32.153	552.048
32.163	552.442
32.173	553.140
32.183	555.074
32.193	557.366
32.203	558.695
32.213	561.463
32.223	563.360
32.233	564.403
32.243	564.809
32.253	565.110
32.263	564.875
32.273	564.206
32.283	563.767
32.293	561.837
32.303	559.120
32.313	557.665
32.323	556.139
32.333	555.626
32.343	555.977
32.353	556.393
32.363	557.742
32.373	559.648
32.383	560.497
32.393	561.764
32.403	562.118
32.413	561.931
32.423	561.679
32.433	561.033
32.443	560.394
32.453	560.051
32.463	560.034
32.473	560.170
32.483	560.640
32.493	560.839
32.503	561.288
32.513	561.818
32.523	562.205
32.533	562.266
32.543	562.135
32.553	561.983
32.563	561.951
32.573	561.899
32.583	561.971
32.593	562.204
32.603	562.197
32.613	562.113
32.623	562.166
32.633	561.957
32.643	561.839
32.653	561.790
32.663	561.519
32.673	561.315
32.683	560.858
32.693	0.000
32.703	0.000
32.713	0.000
32.723	417.140
32.733	418.874
32.743	418.894
32.753	419.292
32.763	419.404
32.773	419.318
32.783	419.300
32.793	419.118
32.803	418.641
32.813	417.977
32.823	417.498
32.833	416.382
32.843	415.905
32.853	415.729
32.863	415.659
32.873	415.375
32.883	415.176
32.893	415.149
32.903	415.103
32.913	415.270
32.923	415.297
32.933	415.538
32.943	415.904
32.953	416.170
32.963	416.391
32.973	416.841
32.983	417.652
32.993	418.070
33.003	418.346
33.013	418.593
33.023	418.713
33.033	418.539
33.043	418.205
33.053	417.546
33.063	416.682
33.073	416.254
33.083	415.226
33.093	414.299
33.103	413.373
33.113	412.955
33.123	412.571
33.133	412.547
33.143	412.612
33.153	413.312
33.163	414.357
33.173	415.791
33.183	416.522
33.193	418.155
33.203	419.858
33.213	420.535
33.223	421.027
33.233	421.014
33.243	419.994
33.253	419.278
33.263	417.611
33.273	416.102
33.283	414.876
33.293	414.362
33.303	414.021
33.313	414.105
33.323	414.399
33.333	415.564
33.343	417.076
33.353	418.946
33.363	419.994
33.373	421.698
33.383	422.697
33.393	422.698
33.403	422.605
33.413	422.425
33.423	421.711
33.433	421.251
33.443	419.762
33.453	417.894
33.463	416.405
33.473	415.937
33.483	415.422
33.493	415.499
33.503	415.844
33.513	416.809
33.523	418.041
33.533	419.416
33.543	420.092
33.553	420.944
33.563	421.418
33.573	421.361
33.583	421.359
33.593	421.270
33.603	420.652
33.613	420.410
33.623	419.994
33.633	420.032
33.643	419.851
33.653	419.900
33.663	419.782
33.673	419.575
33.683	419.726
33.693	419.842
33.703	420.006
33.713	419.988
33.723	419.959
33.733	419.939
33.743	419.350
33.753	0.000
33.763	484.868
33.773	497.207
33.783	498.113
33.793	497.982
33.803	498.305
33.813	498.398
33.823	498.096
33.833	497.828
33.843	496.888
33.853	496.594
33.863	496.416
33.873	496.051
33.883	495.965
33.893	495.621
33.903	495.792
33.913	495.738
33.923	495.886
33.933	495.989
33.943	496.030
33.953	496.460
33.963	496.994
33.973	497.317
33.983	497.929
33.993	498.166
34.003	498.264
34.013	498.127
34.023	497.333
34.033	496.223
34.043	495.382
34.053	493.613
34.063	491.635
34.073	490.653
34.083	490.505
34.093	491.158
34.103	492.588
34.113	494.135
34.123	496.097
34.133	497.804
34.143	498.852
34.153	499.152
34.163	499.802
34.173	500.078
34.183	499.806
34.193	499.586
34.203	498.415
34.213	496.487
34.223	495.316
34.233	492.710
34.243	490.499
34.253	490.247
34.263	490.981
34.273	493.299
34.283	496.109
34.293	497.966
34.303	498.801
34.313	500.062
34.323	500.657
34.333	500.889
34.343	501.306
34.353	501.034
34.363	500.227
34.373	499.571
34.383	497.717
34.393	495.910
34.403	495.023
34.413	493.639
34.423	492.901
34.433	493.358
34.443	493.779
34.453	494.704
34.463	495.905
34.473	496.657
34.483	497.174
34.493	497.682
34.503	497.901
34.513	498.047
34.523	497.459
34.533	496.543
34.543	495.441
34.553	494.860
34.563	494.367
34.573	494.328
34.583	494.581
34.593	495.037
34.603	495.907
34.613	496.241
34.623	496.497
34.633	496.949
34.643	497.215
34.653	497.681
34.663	497.694
34.673	497.921
34.683	498.330
34.693	498.497
34.703	498.796
34.713	499.353
34.723	499.467
34.733	499.578
34.743	500.390
34.753	501.579
34.763	502.007
34.773	502.670
34.783	502.043
34.793	501.179
34.803	0.000
34.813	0.000
34.823	372.395
34.833	372.429
34.843	372.542
34.853	372.501
34.863	372.171
34.873	371.881
34.883	371.450
34.893	370.712
34.903	369.812
34.913	369.338
34.923	368.576
34.933	368.320
34.943	368.383
34.953	369.037
34.963	369.894
34.973	370.832
34.983	371.247
34.993	372.206
35.003	373.042
35.013	373.566
35.023	373.696
35.033	373.862
35.043	373.549
35.053	373.129
35.063	372.073
35.073	370.512
35.083	368.658
35.093	367.668
35.103	365.950
35.113	365.463
35.123	365.525
35.133	366.208
35.143	367.483
35.153	369.363
35.163	370.153
35.173	372.077
35.183	373.371
35.193	373.893
35.203	373.972
35.213	373.533
35.223	372.784
35.233	372.266
35.243	370.832
35.253	369.474
35.263	368.477
35.273	368.294
35.283	368.656
35.293	369.657
35.303	370.154
35.313	371.327
35.323	371.957
35.333	372.352
35.343	372.620
35.353	372.858
35.363	372.851
35.373	372.972
35.383	372.962
35.393	373.007
35.403	373.309
35.413	373.322
35.423	373.445
35.433	373.232
35.443	373.008
35.453	374.003
35.463	382.070
35.473	405.385
35.483	412.455
35.493	413.961
35.503	415.678
35.513	416.862
35.523	417.211
35.533	417.487
35.543	416.710
35.553	416.495
35.563	416.656
35.573	417.304
35.583	417.537
35.593	417.644
35.603	417.889
35.613	417.709
35.623	417.750
35.633	417.791
35.643	418.399
35.653	418.186
35.663	417.935
35.673	417.979
35.683	418.243
35.693	418.427
35.703	418.619
35.713	418.694
35.723	418.917
35.733	418.881
35.743	418.965
35.753	419.094
35.763	419.251
35.773	419.113
35.783	419.154
35.793	419.186
35.803	419.923
35.813	420.823
35.823	423.201
35.833	422.817
35.843	437.973
35.853	442.545
35.863	446.341
35.873	447.309
35.883	447.082
35.893	446.740
35.903	446.459
35.913	445.276
35.923	444.690
35.933	442.855
35.943	441.111
35.953	440.301
35.963	439.239
35.973	438.543
35.983	438.715
35.993	439.158
36.003	440.251
36.013	442.053
36.023	443.499
36.033	444.403
36.043	446.064
36.053	447.083
36.063	447.115
36.073	446.908
36.083	446.304
36.093	445.141
36.103	444.476
36.113	442.446
36.123	440.042
36.133	438.897
36.143	437.357
36.153	436.683
36.163	437.177
36.173	437.869
36.183	439.615
36.193	441.788
36.203	443.789
36.213	444.917
36.223	446.533
36.233	447.320
36.243	447.337
36.253	447.228
36.263	446.758
36.273	445.333
36.283	444.255
36.293	441.349
36.303	438.770
36.313	437.732
36.323	436.817
36.333	436.953
36.343	437.965
36.353	438.737
36.363	440.523
36.373	442.672
36.383	444.202
36.393	444.847
36.403	445.235
36.413	444.753
36.423	444.525
36.433	443.077
36.443	441.710
36.453	440.653
36.463	440.102
36.473	439.743
36.483	439.679
36.493	439.802
36.503	440.363
36.513	440.085
36.523	439.754
36.533	439.495
36.543	438.724
36.553	438.852
36.563	440.611
36.573	0.000
36.583	0.000
36.593	0.000
36.603	0.000
36.613	293.259
36.623	294.895
36.633	293.952
36.643	293.490
36.653	293.355
36.663	293.731
36.673	293.925
36.683	294.328
36.693	294.460
36.703	294.373
36.713	294.364
36.723	294.265
36.733	294.176
36.743	294.044
36.753	294.099
36.763	294.142
36.773	294.253
36.783	294.275
36.793	294.110
36.803	294.127
36.813	294.089
36.823	294.005
36.833	294.180
36.843	294.356
36.853	294.431
36.863	294.401
36.873	294.322
36.883	294.201
36.893	294.192
36.903	293.960
36.913	293.481
36.923	292.788
36.933	292.040
36.943	292.422
36.953	291.256
36.963	302.650
36.973	321.910
36.983	327.402
36.993	329.298
37.003	329.319
37.013	329.901
37.023	329.662
37.033	329.321
37.043	329.265
37.053	328.815
37.063	328.491
37.073	328.434
37.083	328.379
37.093	328.785
37.103	329.596
37.113	329.769
37.123	330.341
37.133	330.818
37.143	331.061
37.153	331.162
37.163	331.441
37.173	331.674
37.183	331.668
37.193	331.595
37.203	331.320
37.213	330.789
37.223	330.420
37.233	329.576
37.243	328.757
37.253	328.404
37.263	328.180
37.273	328.343
37.283	328.527
37.293	328.766
37.303	329.296
37.313	330.036
37.323	330.551
37.333	331.390
37.343	331.787
37.353	331.963
37.363	332.060
37.373	332.036
37.383	331.754
37.393	331.234
37.403	330.946
37.413	330.196
37.423	329.213
37.433	328.724
37.443	328.557
37.453	328.837
37.463	329.281
37.473	329.623
37.483	330.275
37.493	330.822
37.503	331.122
37.513	331.646
37.523	331.808
37.533	331.629
37.543	331.524
37.553	331.140
37.563	330.656
37.573	330.051
37.583	329.651
37.593	329.339
37.603	329.429
37.613	329.565
37.623	329.649
37.633	329.800
37.643	329.944
37.653	330.000
37.663	330.040
37.673	330.133
37.683	330.238
37.693	330.337
37.703	330.368
37.713	330.341
37.723	330.184
37.733	330.061
37.743	329.897
37.753	329.840
37.763	329.751
37.773	329.748
37.783	329.836
37.793	329.868
37.803	329.893
37.813	329.911
37.823	330.077
37.833	330.035
37.843	330.049
37.853	330.077
37.863	330.088
37.873	330.147
37.883	330.319
37.893	330.422
37.903	330.207
37.913	330.082
37.923	330.236
37.933	330.418
37.943	330.430
37.953	330.239
37.963	329.613
37.973	328.878
37.983	328.212
37.993	0.000
38.003	0.000
38.013	0.000
38.023	435.856
38.033	438.880
38.043	440.572
38.053	440.776
38.063	441.532
38.073	442.135
38.083	441.837
38.093	441.863
38.103	441.922
38.113	441.780
38.123	441.664
38.133	440.948
38.143	439.824
38.153	439.414
38.163	438.076
38.173	436.404
38.183	435.368
38.193	434.998
38.203	434.303
38.213	433.838
38.223	434.218
38.233	434.919
38.243	436.526
38.253	438.248
38.263	439.244
38.273	441.278
38.283	442.748
38.293	443.279
38.303	443.167
38.313	442.940
38.323	442.087
38.333	441.296
38.343	439.466
38.353	437.255
38.363	435.556
38.373	435.238
38.383	434.905
38.393	434.887
38.403	435.179
38.413	435.582
38.423	437.046
38.433	438.867
38.443	439.795
38.453	441.402
38.463	442.634
38.473	443.241
38.483	443.309
38.493	442.908
38.503	441.956
38.513	441.276
38.523	439.696
38.533	438.065
38.543	436.781
38.553	436.512
38.563	436.457
38.573	436.825
38.583	437.626
38.593	438.017
38.603	438.873
38.613	439.866
38.623	440.508
38.633	441.686
38.643	442.905
38.653	443.500
38.663	443.645
38.673	443.379
38.683	442.339
38.693	441.629
38.703	439.982
38.713	438.044
38.723	436.496
38.733	436.035
38.743	435.822
38.753	436.088
38.763	436.483
38.773	436.683
38.783	437.825
38.793	439.120
38.803	439.794
38.813	440.432
38.823	440.932
38.833	441.015
38.843	440.737
38.853	440.302
38.863	439.075
38.873	438.657
38.883	437.714
38.893	437.282
38.903	436.962
38.913	436.900
38.923	436.878
38.933	436.899
38.943	437.299
38.953	437.372
38.963	437.647
38.973	437.843
38.983	437.927
38.993	437.938
39.003	438.197
39.013	438.645
39.023	438.799
39.033	439.022
39.043	438.748
39.053	438.878
39.063	438.873
39.073	439.189
39.083	439.315
39.093	439.444
39.103	439.342
39.113	438.858
39.123	440.583
39.133	440.642
39.143	440.669
39.153	440.749
39.163	441.586
39.173	441.300
39.183	441.581
39.193	441.790
39.203	442.027
39.213	441.751
39.223	441.504
39.233	441.657
39.243	441.505
39.253	441.582
39.263	441.290
39.273	441.739
39.283	441.956
39.293	441.586
39.303	441.122
39.313	441.226
39.323	441.349
39.333	441.409
39.343	441.499
39.353	441.490
39.363	441.618
39.373	441.732
39.383	441.506
39.393	441.952
39.403	441.497
39.413	441.566
39.423	441.606
39.433	441.800
39.443	441.506
39.453	441.384
39.463	441.414
39.473	440.735
39.483	441.532
39.493	441.438
39.503	440.866
39.513	440.721
39.523	441.111
39.533	441.773
39.543	441.125
39.553	440.854
39.563	441.212
39.573	441.611
39.583	441.061
39.593	440.747
39.603	441.093
39.613	441.461
39.623	441.224
39.633	440.921
39.643	441.024
39.653	441.457
39.663	441.112
39.673	440.828
39.683	440.745
39.693	441.184
39.703	441.279
39.713	440.724
39.723	440.810
39.733	441.226
39.743	441.364
39.753	440.899
39.763	440.570
39.773	441.276
39.783	441.417
39.793	440.886
39.803	440.637
39.813	440.920
39.823	441.314
39.833	440.552
39.843	439.930
39.853	441.383
39.863	441.490
39.873	457.168
39.883	485.278
39.893	497.724
39.903	499.793
39.913	500.249
39.923	500.427
39.933	501.116
39.943	501.139
39.953	501.126
39.963	501.087
39.973	501.071
39.983	500.865
39.993	500.940
40.003	500.912
40.013	500.845
40.023	500.841
40.033	501.012
40.043	501.037
40.053	501.075
40.063	501.172
40.073	501.178
40.083	501.094
40.093	501.260
40.103	501.250
40.113	501.136
40.123	501.329
40.133	501.320
40.143	501.267
40.153	501.416
40.163	501.601
40.173	501.473
40.183	501.451
40.193	501.469
40.203	501.354
40.213	501.404
40.223	501.544
40.233	501.552
40.243	501.397
40.253	500.993
40.263	501.951
40.273	510.802
40.283	536.515
40.293	560.248
40.303	563.944
40.313	564.779
40.323	564.789
40.333	564.535
40.343	563.952
40.353	563.621
40.363	563.049
40.373	562.302
40.383	561.413
40.393	560.795
40.403	560.112
40.413	559.860
40.423	560.214
40.433	561.205
40.443	562.897
40.453	564.911
40.463	565.871
40.473	567.536
40.483	568.897
40.493	569.666
40.503	569.736
40.513	569.543
40.523	568.499
40.533	567.653
40.543	565.475
40.553	562.631
40.563	559.544
40.573	558.265
40.583	557.915
40.593	558.556
40.603	559.917
40.613	560.724
40.623	563.345
40.633	565.971
40.643	567.174
40.653	569.192
40.663	570.889
40.673	571.665
40.683	571.558
40.693	570.816
40.703	569.511
40.713	568.638
40.723	566.219
40.733	563.662
40.743	561.895
40.753	561.375
40.763	561.367
40.773	562.322
40.783	563.543
40.793	564.271
40.803	565.461
40.813	566.391
40.823	566.907
40.833	567.756
40.843	568.161
40.853	568.133
40.863	568.033
40.873	567.676
40.883	567.590
40.893	567.540
40.903	567.529
40.913	567.740
40.923	567.970
40.933	568.130
40.943	568.371
40.953	568.564
40.963	568.781
40.973	568.907
40.983	569.034
40.993	569.314
41.003	569.392
41.013	569.635
41.023	569.890
41.033	570.153
41.043	570.179
41.053	570.015
41.063	570.090
41.073	570.338
41.083	571.195
41.093	573.050
41.103	580.129
41.113	587.888
41.123	590.244
41.133	593.105
41.143	593.734
41.153	593.793
41.163	592.868
41.173	591.275
41.183	590.355
41.193	588.811
41.203	587.831
41.213	587.778
41.223	588.041
41.233	589.062
41.243	590.920
41.253	591.827
41.263	593.413
41.273	594.938
41.283	595.220
41.293	595.105
41.303	594.840
41.313	594.090
41.323	592.544
41.333	591.773
41.343	590.493
41.353	590.062
41.363	590.076
41.373	590.365
41.383	590.875
41.393	591.202
41.403	591.179
41.413	591.004
41.423	591.025
41.433	591.051
41.443	590.969
41.453	591.046
41.463	591.308
41.473	591.608
41.483	592.601
41.493	0.000
41.503	0.000
41.513	0.000
41.523	0.000
41.533	0.000
41.543	0.000
41.553	329.545
41.563	331.468
41.573	331.755
41.583	331.981
41.593	331.946
41.603	331.855
41.613	332.118
41.623	331.630
41.633	331.260
41.643	331.091
41.653	331.009
41.663	330.865
41.673	330.644
41.683	330.733
41.693	330.963
41.703	331.219
41.713	331.625
41.723	331.875
41.733	332.309
41.743	332.797
41.753	332.990
41.763	333.209
41.773	333.185
41.783	332.770
41.793	332.474
41.803	332.274
41.813	331.937
41.823	331.488
41.833	331.194
41.843	330.985
41.853	331.009
41.863	331.065
41.873	331.192
41.883	331.683
41.893	332.177
41.903	332.497
41.913	332.680
41.923	332.771
41.933	332.812
41.943	332.639
41.953	332.535
41.963	332.453
41.973	332.619
41.983	332.486
41.993	332.593
42.003	332.747
42.013	332.894
42.023	332.722
42.033	332.811
42.043	332.918
42.053	333.043
42.063	333.263
42.073	333.029
42.083	332.404
42.093	331.668
42.103	0.000
42.113	376.318
42.123	376.191
42.133	377.345
42.143	377.897
42.153	377.934
42.163	377.925
42.173	377.684
42.183	377.590
42.193	377.647
42.203	377.761
42.213	377.735
42.223	377.338
42.233	376.938
42.243	376.068
42.253	375.140
42.263	0.000
42.273	0.000
42.283	331.157
42.293	331.951
42.303	332.068
42.313	332.365
42.323	332.481
42.333	332.480
42.343	332.629
42.353	332.567
42.363	332.496
42.373	332.452
42.383	332.476
42.393	332.289
42.403	332.233
42.413	332.141
42.423	332.063
42.433	332.167
42.443	332.137
42.453	332.296
42.463	332.352
42.473	332.428
42.483	332.455
42.493	332.567
42.503	332.712
42.513	332.756
42.523	332.740
42.533	332.789
42.543	332.824
42.553	332.780
42.563	332.753
42.573	332.790
42.583	332.744
42.593	332.742
42.603	332.764
42.613	332.822
42.623	332.859
42.633	332.890
42.643	332.942
42.653	332.942
42.663	333.037
42.673	333.078
42.683	333.053
42.693	332.987
42.703	333.014
42.713	333.105
42.723	332.970
42.733	332.970
42.743	332.815
42.753	332.879
42.763	332.857
42.773	332.771
42.783	332.846
42.793	332.779
42.803	332.820
42.813	332.874
42.823	332.879
42.833	332.830
42.843	332.864
42.853	332.780
42.863	332.650
42.873	332.771
42.883	333.130
42.893	0.000
42.903	0.000
42.913	0.000
42.923	433.234
42.933	435.306
42.943	436.490
42.953	437.261
42.963	438.578
42.973	440.036
42.983	440.023
42.993	438.761
43.003	437.922
43.013	437.261
43.023	437.061
43.033	437.085
43.043	437.340
43.053	437.215
43.063	437.247
43.073	437.300
43.083	438.125
43.093	438.663
43.103	440.160
43.113	441.463
43.123	441.492
43.133	441.380
43.143	440.775
43.153	439.416
43.163	437.858
43.173	437.080
43.183	436.229
43.193	435.634
43.203	435.381
43.213	434.884
43.223	435.101
43.233	436.274
43.243	436.951
43.253	439.022
43.263	440.738
43.273	441.534
43.283	443.052
43.293	443.986
43.303	444.009
43.313	443.919
43.323	443.646
43.333	442.900
43.343	441.793
43.353	441.197
43.363	439.879
43.373	438.078
43.383	437.312
43.393	436.559
43.403	436.716
43.413	437.608
43.423	438.118
43.433	439.559
43.443	440.793
43.453	441.200
43.463	442.445
43.473	443.951
43.483	444.762
43.493	444.903
43.503	444.396
43.513	443.913
43.523	443.045
43.533	442.371
43.543	440.673
43.553	438.905
43.563	438.255
43.573	437.212
43.583	437.269
43.593	438.283
43.603	438.847
43.613	440.327
43.623	441.810
43.633	442.769
43.643	444.190
43.653	444.691
43.663	445.237
43.673	445.449
43.683	444.971
43.693	444.396
43.703	443.958
43.713	442.921
43.723	440.864
43.733	438.805
43.743	438.083
43.753	437.149
43.763	437.232
43.773	437.846
43.783	438.270
43.793	439.317
43.803	440.735
43.813	441.189
43.823	442.718
43.833	444.066
43.843	444.982
43.853	445.151
43.863	444.674
43.873	444.021
43.883	443.236
43.893	442.441
43.903	440.784
43.913	439.223
43.923	438.595
43.933	437.568
43.943	437.267
43.953	437.960
43.963	438.365
43.973	439.291
43.983	440.644
43.993	441.645
44.003	442.742
44.013	443.962
44.023	444.812
44.033	444.748
44.043	444.274
44.053	443.338
44.063	442.409
44.073	441.657
44.083	440.264
44.093	438.980
44.103	438.024
44.113	437.788
44.123	437.914
44.133	438.053
44.143	438.308
44.153	438.797
44.163	439.867
44.173	440.531
44.183	441.675
44.193	442.212
44.203	442.577
44.213	442.856
44.223	442.564
44.233	442.665
44.243	442.332
44.253	441.240
44.263	440.087
44.273	438.629
44.283	438.285
44.293	437.282
44.303	437.738
44.313	438.443
44.323	438.810
44.333	439.507
44.343	440.337
44.353	440.622
44.363	441.046
44.373	441.255
44.383	441.768
44.393	441.659
44.403	441.807
44.413	441.051
44.423	439.963
44.433	439.456
44.443	439.011
44.453	438.629
44.463	438.777
44.473	438.597
44.483	439.244
44.493	440.305
44.503	440.067
44.513	440.906
44.523	442.186
44.533	0.000
44.543	0.000
44.553	0.000
44.563	0.000
44.573	0.000
44.583	0.000
44.593	0.000
44.603	0.000
44.613	0.000
44.623	0.000
44.633	0.000
44.643	0.000
44.653	0.000
44.663	0.000
44.673	0.000
44.683	0.000
44.693	0.000
44.703	0.000
44.713	0.000
44.723	0.000
44.733	0.000
44.743	0.000
44.753	0.000
44.763	0.000
44.773	0.000
44.783	0.000
44.793	0.000
44.803	0.000
44.813	0.000
44.823	0.000
44.833	0.000
44.843	0.000
44.853	0.000
44.863	0.000
44.873	0.000
44.883	0.000
44.893	0.000
44.903	0.000
44.913	0.000
44.923	0.000
44.933	0.000
44.943	0.000
44.953	0.000
44.963	0.000
44.973	0.000
44.983	0.000
44.993	0.000
45.003	0.000
45.013	0.000
45.023	0.000
45.033	0.000
45.043	0.000
45.053	0.000
45.063	0.000
45.073	0.000
45.083	0.000
45.093	0.000
45.103	0.000
45.113	0.000
45.123	0.000
45.133	0.000
45.143	0.000
45.153	0.000
45.163	0.000
45.173	0.000
45.183	0.000
45.193	0.000
45.203	0.000
45.213	0.000
45.223	0.000
45.233	0.000
45.243	0.000
45.253	0.000
45.263	0.000
45.273	0.000
45.283	0.000
45.293	0.000
45.303	0.000
45.313	0.000
45.323	0.000
45.333	0.000
45.343	0.000
45.353	0.000
45.363	0.000
45.373	0.000
45.383	0.000
45.393	0.000
45.403	0.000
45.413	0.000
45.423	0.000
45.433	0.000
45.443	0.000
45.453	0.000
45.463	0.000
45.473	0.000
45.483	0.000
45.493	0.000
45.503	0.000
45.513	0.000
45.523	0.000
45.533	0.000
45.543	0.000
45.553	0.000
45.563	0.000
45.573	0.000
45.583	0.000
45.593	0.000
45.603	0.000
45.613	0.000
45.623	0.000
45.633	0.000
45.643	0.000
45.653	0.000
45.663	0.000
45.673	0.000
45.683	0.000
45.693	0.000
45.703	0.000
45.713	0.000
45.723	0.000
45.733	0.000
45.743	0.000
45.753	0.000
45.763	0.000
45.773	0.000
45.783	0.000
45.793	0.000
45.803	0.000
45.813	0.000
45.823	0.000
45.833	0.000
45.843	0.000
45.853	0.000
45.863	0.000
45.873	0.000
45.883	0.000
45.893	0.000
45.903	0.000
45.913	0.000
45.923	0.000
45.933	0.000
45.943	0.000
45.953	0.000
45.963	0.000
45.973	0.000
45.983	0.000
45.993	0.000
46.003	0.000
46.013	0.000
46.023	0.000
46.033	0.000
46.043	0.000
