0.023	0.000
0.033	0.000
0.043	0.000
0.053	0.000
0.063	0.000
0.073	0.000
0.083	0.000
0.093	0.000
0.103	0.000
0.113	0.000
0.123	0.000
0.133	0.000
0.143	0.000
0.153	0.000
0.163	0.000
0.173	0.000
0.183	0.000
0.193	0.000
0.203	0.000
0.213	0.000
0.223	0.000
0.233	0.000
0.243	0.000
0.253	0.000
0.263	0.000
0.273	0.000
0.283	0.000
0.293	0.000
0.303	0.000
0.313	0.000
0.323	0.000
0.333	0.000
0.343	0.000
0.353	0.000
0.363	0.000
0.373	0.000
0.383	0.000
0.393	0.000
0.403	0.000
0.413	0.000
0.423	0.000
0.433	0.000
0.443	0.000
0.453	0.000
0.463	0.000
0.473	0.000
0.483	0.000
0.493	0.000
0.503	0.000
0.513	0.000
0.523	0.000
0.533	0.000
0.543	0.000
0.553	0.000
0.563	0.000
0.573	0.000
0.583	0.000
0.593	0.000
0.603	0.000
0.613	0.000
0.623	0.000
0.633	0.000
0.643	0.000
0.653	0.000
0.663	0.000
0.673	0.000
0.683	0.000
0.693	0.000
0.703	0.000
0.713	0.000
0.723	0.000
0.733	0.000
0.743	0.000
0.753	0.000
0.763	0.000
0.773	0.000
0.783	0.000
0.793	0.000
0.803	0.000
0.813	0.000
0.823	0.000
0.833	0.000
0.843	0.000
0.853	0.000
0.863	0.000
0.873	0.000
0.883	0.000
0.893	0.000
0.903	0.000
0.913	0.000
0.923	0.000
0.933	0.000
0.943	0.000
0.953	0.000
0.963	0.000
0.973	0.000
0.983	0.000
0.993	0.000
1.003	0.000
1.013	0.000
1.023	0.000
1.033	0.000
1.043	0.000
1.053	0.000
1.063	0.000
1.073	0.000
1.083	0.000
1.093	0.000
1.103	0.000
1.113	0.000
1.123	0.000
1.133	0.000
1.143	0.000
1.153	0.000
1.163	0.000
1.173	0.000
1.183	0.000
1.193	0.000
1.203	0.000
1.213	0.000
1.223	0.000
1.233	0.000
1.243	0.000
1.253	0.000
1.263	0.000
1.273	0.000
1.283	0.000
1.293	0.000
1.303	0.000
1.313	0.000
1.323	0.000
1.333	0.000
1.343	0.000
1.353	0.000
1.363	0.000
1.373	0.000
1.383	0.000
1.393	0.000
1.403	0.000
1.413	0.000
1.423	0.000
1.433	0.000
1.443	0.000
1.453	0.000
1.463	0.000
1.473	0.000
1.483	0.000
1.493	0.000
1.503	0.000
1.513	0.000
1.523	0.000
1.533	0.000
1.543	0.000
1.553	0.000
1.563	0.000
1.573	0.000
1.583	0.000
1.593	0.000
1.603	0.000
1.613	0.000
1.623	0.000
1.633	0.000
1.643	0.000
1.653	0.000
1.663	0.000
1.673	0.000
1.683	0.000
1.693	0.000
1.703	0.000
1.713	0.000
1.723	0.000
1.733	0.000
1.743	0.000
1.753	0.000
1.763	0.000
1.773	0.000
1.783	0.000
1.793	0.000
1.803	0.000
1.813	0.000
1.823	0.000
1.833	0.000
1.843	0.000
1.853	0.000
1.863	0.000
1.873	0.000
1.883	0.000
1.893	0.000
1.903	0.000
1.913	0.000
1.923	0.000
1.933	0.000
1.943	0.000
1.953	0.000
1.963	0.000
1.973	0.000
1.983	0.000
1.993	0.000
2.003	0.000
2.013	0.000
2.023	0.000
2.033	0.000
2.043	0.000
2.053	0.000
2.063	0.000
2.073	0.000
2.083	0.000
2.093	0.000
2.103	0.000
2.113	0.000
2.123	0.000
2.133	0.000
2.143	0.000
2.153	0.000
2.163	0.000
2.173	0.000
2.183	0.000
2.193	0.000
2.203	0.000
2.213	0.000
2.223	0.000
2.233	0.000
2.243	0.000
2.253	0.000
2.263	0.000
2.273	0.000
2.283	0.000
2.293	0.000
2.303	0.000
2.313	0.000
2.323	0.000
2.333	0.000
2.343	0.000
2.353	0.000
2.363	0.000
2.373	0.000
2.383	0.000
2.393	0.000
2.403	0.000
2.413	0.000
2.423	0.000
2.433	0.000
2.443	0.000
2.453	0.000
2.463	0.000
2.473	0.000
2.483	0.000
2.493	0.000
2.503	0.000
2.513	0.000
2.523	0.000
2.533	0.000
2.543	0.000
2.553	0.000
2.563	0.000
2.573	0.000
2.583	0.000
2.593	0.000
2.603	0.000
2.613	0.000
2.623	0.000
2.633	0.000
2.643	0.000
2.653	0.000
2.663	0.000
2.673	0.000
2.683	0.000
2.693	0.000
2.703	0.000
2.713	0.000
2.723	0.000
2.733	0.000
2.743	0.000
2.753	0.000
2.763	0.000
2.773	0.000
2.783	0.000
2.793	0.000
2.803	0.000
2.813	0.000
2.823	0.000
2.833	0.000
2.843	0.000
2.853	0.000
2.863	0.000
2.873	0.000
2.883	0.000
2.893	0.000
2.903	0.000
2.913	0.000
2.923	0.000
2.933	0.000
2.943	0.000
2.953	0.000
2.963	0.000
2.973	0.000
2.983	0.000
2.993	0.000
3.003	0.000
3.013	0.000
3.023	0.000
3.033	0.000
3.043	0.000
3.053	0.000
3.063	0.000
3.073	0.000
3.083	0.000
3.093	0.000
3.103	0.000
3.113	0.000
3.123	0.000
3.133	0.000
3.143	0.000
3.153	0.000
3.163	0.000
3.173	0.000
3.183	0.000
3.193	0.000
3.203	0.000
3.213	0.000
3.223	0.000
3.233	0.000
3.243	0.000
3.253	0.000
3.263	0.000
3.273	0.000
3.283	0.000
3.293	0.000
3.303	0.000
3.313	0.000
3.323	0.000
3.333	0.000
3.343	0.000
3.353	0.000
3.363	0.000
3.373	0.000
3.383	0.000
3.393	0.000
3.403	0.000
3.413	0.000
3.423	0.000
3.433	0.000
3.443	0.000
3.453	0.000
3.463	0.000
3.473	0.000
3.483	0.000
3.493	0.000
3.503	0.000
3.513	0.000
3.523	0.000
3.533	0.000
3.543	0.000
3.553	0.000
3.563	0.000
3.573	0.000
3.583	0.000
3.593	0.000
3.603	0.000
3.613	0.000
3.623	0.000
3.633	0.000
3.643	0.000
3.653	0.000
3.663	0.000
3.673	0.000
3.683	0.000
3.693	0.000
3.703	0.000
3.713	0.000
3.723	0.000
3.733	0.000
3.743	0.000
3.753	0.000
3.763	0.000
3.773	0.000
3.783	0.000
3.793	0.000
3.803	0.000
3.813	0.000
3.823	0.000
3.833	0.000
3.843	0.000
3.853	0.000
3.863	0.000
3.873	0.000
3.883	0.000
3.893	0.000
3.903	0.000
3.913	0.000
3.923	0.000
3.933	0.000
3.943	0.000
3.953	0.000
3.963	0.000
3.973	0.000
3.983	0.000
3.993	0.000
4.003	0.000
4.013	0.000
4.023	0.000
4.033	0.000
4.043	0.000
4.053	0.000
4.063	0.000
4.073	0.000
4.083	0.000
4.093	0.000
4.103	0.000
4.113	0.000
4.123	0.000
4.133	0.000
4.143	0.000
4.153	0.000
4.163	0.000
4.173	0.000
4.183	0.000
4.193	0.000
4.203	0.000
4.213	0.000
4.223	0.000
4.233	0.000
4.243	0.000
4.253	0.000
4.263	0.000
4.273	0.000
4.283	0.000
4.293	0.000
4.303	0.000
4.313	0.000
4.323	0.000
4.333	0.000
4.343	0.000
4.353	0.000
4.363	0.000
4.373	545.808
4.383	551.109
4.393	554.376
4.403	555.925
4.413	557.727
4.423	558.440
4.433	558.451
4.443	558.219
4.453	557.135
4.463	555.187
4.473	554.156
4.483	553.913
4.493	553.274
4.503	553.059
4.513	553.057
4.523	553.348
4.533	553.807
4.543	554.347
4.553	554.693
4.563	555.750
4.573	556.548
4.583	557.257
4.593	558.824
4.603	560.606
4.613	562.257
4.623	562.772
4.633	563.038
4.643	562.164
4.653	559.979
4.663	559.205
4.673	557.529
4.683	555.863
4.693	555.108
4.703	554.131
4.713	553.791
4.723	553.948
4.733	554.415
4.743	555.045
4.753	556.059
4.763	557.145
4.773	557.561
4.783	558.013
4.793	558.167
4.803	558.107
4.813	557.782
4.823	557.664
4.833	558.217
4.843	559.126
4.853	564.804
4.863	582.101
4.873	584.846
4.883	587.376
4.893	588.135
4.903	588.852
4.913	589.097
4.923	589.251
4.933	589.094
4.943	588.327
4.953	587.540
4.963	583.125
4.973	579.662
4.983	578.093
4.993	568.539
5.003	539.942
5.013	552.669
5.023	555.571
5.033	556.823
5.043	556.498
5.053	556.331
5.063	555.939
5.073	555.597
5.083	555.458
5.093	555.382
5.103	555.145
5.113	555.326
5.123	555.477
5.133	555.492
5.143	555.617
5.153	555.568
5.163	555.647
5.173	555.631
5.183	555.746
5.193	555.885
5.203	555.899
5.213	556.075
5.223	556.067
5.233	556.161
5.243	556.251
5.253	556.462
5.263	556.683
5.273	556.777
5.283	557.017
5.293	557.289
5.303	557.356
5.313	557.560
5.323	558.072
5.333	558.654
5.343	558.969
5.353	559.565
5.363	559.601
5.373	558.686
5.383	559.106
5.393	0.000
5.403	657.549
5.413	660.347
5.423	661.825
5.433	662.801
5.443	663.448
5.453	663.785
5.463	663.411
5.473	663.372
5.483	663.487
5.493	663.528
5.503	663.499
5.513	663.210
5.523	663.004
5.533	662.560
5.543	662.405
5.553	662.370
5.563	662.385
5.573	662.277
5.583	662.104
5.593	661.904
5.603	661.319
5.613	660.331
5.623	659.136
5.633	658.583
5.643	657.305
5.653	655.710
5.663	654.014
5.673	653.732
5.683	653.995
5.693	654.737
5.703	655.198
5.713	657.009
5.723	657.562
5.733	657.904
5.743	658.348
5.753	658.963
5.763	659.643
5.773	659.956
5.783	660.380
5.793	660.620
5.803	660.960
5.813	661.098
5.823	661.332
5.833	661.251
5.843	660.808
5.853	660.424
5.863	659.436
5.873	658.524
5.883	658.189
5.893	657.418
5.903	656.865
5.913	648.282
5.923	645.591
5.933	642.356
5.943	650.802
5.953	654.240
5.963	658.350
5.973	662.809
5.983	660.514
5.993	653.350
6.003	650.393
6.013	646.051
6.023	645.327
6.033	645.839
6.043	648.551
6.053	654.617
6.063	658.408
6.073	659.253
6.083	658.906
6.093	658.078
6.103	657.485
6.113	655.680
6.123	652.049
6.133	650.591
6.143	649.615
6.153	647.598
6.163	647.843
6.173	648.827
6.183	650.997
6.193	652.211
6.203	654.773
6.213	655.918
6.223	656.303
6.233	655.320
6.243	655.032
6.253	654.219
6.263	654.393
6.273	654.015
6.283	653.664
6.293	653.108
6.303	652.902
6.313	652.791
6.323	652.309
6.333	652.017
6.343	650.644
6.353	649.834
6.363	647.052
6.373	643.201
6.383	638.157
6.393	639.048
6.403	0.000
6.413	0.000
6.423	0.000
6.433	484.100
6.443	487.539
6.453	489.842
6.463	489.620
6.473	490.528
6.483	491.187
6.493	491.454
6.503	491.575
6.513	491.921
6.523	492.289
6.533	492.397
6.543	492.547
6.553	492.470
6.563	492.342
6.573	492.079
6.583	491.722
6.593	490.657
6.603	490.146
6.613	488.662
6.623	487.314
6.633	486.229
6.643	485.864
6.653	485.748
6.663	485.607
6.673	485.382
6.683	485.524
6.693	485.787
6.703	487.281
6.713	488.681
6.723	490.982
6.733	492.331
6.743	493.479
6.753	493.550
6.763	493.809
6.773	493.321
6.783	493.012
6.793	491.846
6.803	490.504
6.813	489.095
6.823	488.584
6.833	487.535
6.843	487.195
6.853	487.691
6.863	487.899
6.873	488.661
6.883	489.168
6.893	489.341
6.903	489.219
6.913	488.820
6.923	488.651
6.933	488.567
6.943	488.694
6.953	489.057
6.963	489.425
6.973	491.071
6.983	493.870
6.993	494.605
7.003	496.058
7.013	553.406
7.023	552.684
7.033	552.339
7.043	552.317
7.053	552.446
7.063	551.205
7.073	550.785
7.083	550.148
7.093	549.334
7.103	548.448
7.113	547.969
7.123	464.578
7.133	478.588
7.143	484.276
7.153	486.816
7.163	488.142
7.173	488.076
7.183	488.086
7.193	487.830
7.203	487.775
7.213	488.464
7.223	488.651
7.233	488.852
7.243	488.780
7.253	488.981
7.263	488.835
7.273	488.779
7.283	488.932
7.293	488.833
7.303	488.871
7.313	488.701
7.323	488.730
7.333	488.825
7.343	488.886
7.353	488.974
7.363	489.046
7.373	488.991
7.383	488.807
7.393	488.719
7.403	488.779
7.413	488.892
7.423	488.982
7.433	489.155
7.443	489.445
7.453	490.226
7.463	491.742
7.473	492.020
7.483	492.288
7.493	492.454
7.503	493.337
7.513	495.250
7.523	0.000
7.533	581.611
7.543	582.034
7.553	582.668
7.563	583.823
7.573	582.474
7.583	582.345
7.593	582.375
7.603	582.206
7.613	581.998
7.623	581.320
7.633	582.054
7.643	581.808
7.653	581.661
7.663	581.198
7.673	580.844
7.683	578.777
7.693	578.966
7.703	578.060
7.713	577.471
7.723	577.933
7.733	578.382
7.743	579.075
7.753	580.007
7.763	580.786
7.773	582.116
7.783	583.663
7.793	584.923
7.803	587.375
7.813	588.862
7.823	589.822
7.833	589.947
7.843	589.717
7.853	588.301
7.863	586.333
7.873	585.324
7.883	583.123
7.893	581.275
7.903	580.254
7.913	578.395
7.923	576.893
7.933	575.873
7.943	576.131
7.953	577.715
7.963	579.749
7.973	581.151
7.983	585.189
7.993	589.099
8.003	591.504
8.013	592.399
8.023	592.576
8.033	592.284
8.043	591.227
8.053	590.489
8.063	589.508
8.073	589.565
8.083	589.554
8.093	590.563
8.103	0.000
8.113	0.000
8.123	0.000
8.133	0.000
8.143	0.000
8.153	0.000
8.163	0.000
8.173	0.000
8.183	0.000
8.193	0.000
8.203	581.309
8.213	586.068
8.223	589.214
8.233	589.346
8.243	589.201
8.253	589.526
8.263	589.438
8.273	589.310
8.283	588.398
8.293	586.822
8.303	585.881
8.313	584.390
8.323	583.268
8.333	582.777
8.343	582.218
8.353	582.102
8.363	582.498
8.373	582.994
8.383	584.057
8.393	584.737
8.403	585.016
8.413	585.140
8.423	585.414
8.433	585.425
8.443	585.336
8.453	585.372
8.463	585.591
8.473	585.714
8.483	585.798
8.493	586.269
8.503	586.587
8.513	586.559
8.523	586.240
8.533	584.687
8.543	0.000
8.553	0.000
8.563	0.000
8.573	0.000
8.583	424.530
8.593	426.837
8.603	430.091
8.613	433.138
8.623	434.485
8.633	436.510
8.643	437.886
8.653	438.688
8.663	438.942
8.673	439.276
8.683	439.633
8.693	440.078
8.703	439.964
8.713	439.777
8.723	439.674
8.733	439.764
8.743	439.556
8.753	439.388
8.763	439.014
8.773	438.867
8.783	438.536
8.793	438.099
8.803	437.682
8.813	437.023
8.823	436.094
8.833	435.015
8.843	434.380
8.853	433.049
8.863	432.264
8.873	432.391
8.883	433.073
8.893	434.117
8.903	435.228
8.913	435.796
8.923	436.679
8.933	437.301
8.943	437.708
8.953	437.772
8.963	437.860
8.973	437.727
8.983	437.775
8.993	437.932
9.003	438.260
9.013	438.418
9.023	438.341
9.033	438.050
9.043	437.348
9.053	436.701
9.063	436.299
9.073	435.662
9.083	435.001
9.093	434.833
9.103	434.483
9.113	433.973
9.123	433.695
9.133	433.549
9.143	433.404
9.153	433.360
9.163	433.324
9.173	433.240
9.183	433.740
9.193	435.241
9.203	435.929
9.213	437.045
9.223	438.030
9.233	439.832
9.243	440.148
9.253	441.409
9.263	442.678
9.273	443.378
9.283	442.764
9.293	441.021
9.303	437.280
9.313	435.216
9.323	433.286
9.333	432.616
9.343	432.520
9.353	432.725
9.363	433.235
9.373	433.689
9.383	433.707
9.393	433.742
9.403	434.081
9.413	434.909
9.423	435.443
9.433	436.447
9.443	437.238
9.453	437.426
9.463	437.346
9.473	437.037
9.483	436.709
9.493	436.671
9.503	436.715
9.513	436.707
9.523	436.668
9.533	436.740
9.543	436.764
9.553	436.680
9.563	436.778
9.573	436.856
9.583	436.936
9.593	436.959
9.603	436.857
9.613	436.674
9.623	437.828
9.633	439.295
9.643	439.474
9.653	436.946
9.663	434.616
9.673	433.629
9.683	430.995
9.693	429.882
9.703	427.571
9.713	0.000
9.723	486.479
9.733	490.345
9.743	490.576
9.753	492.064
9.763	492.308
9.773	492.239
9.783	492.204
9.793	492.077
9.803	491.685
9.813	491.715
9.823	491.256
9.833	491.083
9.843	490.528
9.853	490.338
9.863	489.710
9.873	488.606
9.883	487.102
9.893	486.489
9.903	485.601
9.913	485.570
9.923	485.738
9.933	486.499
9.943	487.462
9.953	488.458
9.963	488.930
9.973	490.025
9.983	490.737
9.993	491.281
10.003	491.580
10.013	491.963
10.023	491.937
10.033	491.995
10.043	491.671
10.053	491.310
10.063	490.643
10.073	490.098
10.083	488.416
10.093	486.458
10.103	485.689
10.113	484.508
10.123	483.746
10.133	483.743
10.143	484.012
10.153	484.751
10.163	485.968
10.173	486.866
10.183	488.944
10.193	490.604
10.203	491.969
10.213	492.312
10.223	492.823
10.233	492.740
10.243	492.362
10.253	492.005
10.263	491.446
10.273	490.564
10.283	490.311
10.293	489.383
10.303	488.297
10.313	487.372
10.323	487.258
10.333	489.176
10.343	492.820
10.353	493.895
10.363	491.590
10.373	492.295
10.383	0.000
10.393	0.000
10.403	0.000
10.413	0.000
10.423	462.965
10.433	475.500
10.443	485.508
10.453	488.997
10.463	489.390
10.473	489.208
10.483	489.077
10.493	488.687
10.503	488.584
10.513	488.619
10.523	488.950
10.533	489.040
10.543	489.561
10.553	489.868
10.563	490.150
10.573	490.233
10.583	490.085
10.593	490.063
10.603	489.886
10.613	489.828
10.623	489.511
10.633	489.110
10.643	488.655
10.653	488.240
10.663	488.283
10.673	488.046
10.683	487.895
10.693	487.723
10.703	487.477
10.713	487.366
10.723	487.089
10.733	487.191
10.743	487.480
10.753	487.483
10.763	487.511
10.773	491.929
10.783	504.946
10.793	516.643
10.803	528.593
10.813	529.367
10.823	522.855
10.833	0.000
10.843	555.337
10.853	557.194
10.863	557.408
10.873	558.306
10.883	558.930
10.893	558.853
10.903	558.249
10.913	558.257
10.923	558.332
10.933	558.149
10.943	557.213
10.953	555.866
10.963	554.244
10.973	553.506
10.983	551.622
10.993	550.182
11.003	549.865
11.013	549.342
11.023	549.684
11.033	550.318
11.043	550.699
11.053	551.443
11.063	553.113
11.073	554.266
11.083	556.814
11.093	559.053
11.103	560.373
11.113	560.688
11.123	560.779
11.133	560.131
11.143	558.801
11.153	557.620
11.163	554.949
11.173	552.423
11.183	551.423
11.193	549.853
11.203	549.009
11.213	549.000
11.223	549.316
11.233	550.781
11.243	553.426
11.253	556.637
11.263	558.005
11.273	559.703
11.283	560.602
11.293	560.796
11.303	561.077
11.313	560.604
11.323	559.619
11.333	558.790
11.343	556.918
11.353	554.943
11.363	554.043
11.373	552.571
11.383	551.737
11.393	551.965
11.403	552.329
11.413	553.404
11.423	554.441
11.433	555.344
11.443	555.831
11.453	556.877
11.463	557.511
11.473	557.575
11.483	557.622
11.493	557.734
11.503	557.635
11.513	556.981
11.523	555.263
11.533	0.000
11.543	0.000
11.553	651.276
11.563	653.349
11.573	651.987
11.583	651.392
11.593	651.422
11.603	651.318
11.613	650.845
11.623	650.526
11.633	650.053
11.643	648.179
11.653	646.396
11.663	633.911
11.673	596.898
11.683	591.888
11.693	591.184
11.703	592.189
11.713	591.789
11.723	591.602
11.733	591.398
11.743	591.413
11.753	591.428
11.763	591.302
11.773	591.264
11.783	591.308
11.793	591.063
11.803	591.047
11.813	590.676
11.823	590.173
11.833	589.945
11.843	589.639
11.853	589.442
11.863	589.093
11.873	583.055
11.883	570.423
11.893	562.701
11.903	561.228
11.913	558.761
11.923	556.973
11.933	558.104
11.943	559.115
11.953	559.379
11.963	558.705
11.973	556.926
11.983	555.724
11.993	554.057
12.003	552.259
12.013	551.273
12.023	549.882
12.033	549.548
12.043	549.659
12.053	549.793
12.063	550.182
12.073	550.874
12.083	551.526
12.093	553.036
12.103	554.782
12.113	556.172
12.123	556.798
12.133	558.062
12.143	558.681
12.153	558.465
12.163	558.220
12.173	557.072
12.183	555.234
12.193	554.389
12.203	552.673
12.213	550.882
12.223	549.043
12.233	548.161
12.243	546.617
12.253	545.766
12.263	545.714
12.273	546.666
12.283	548.377
12.293	550.047
12.303	550.953
12.313	553.035
12.323	555.743
12.333	558.024
12.343	558.804
12.353	559.380
12.363	559.016
12.373	558.511
12.383	556.106
12.393	552.904
12.403	550.200
12.413	549.119
12.423	547.548
12.433	547.274
12.443	547.886
12.453	548.535
12.463	549.756
12.473	551.035
12.483	551.891
12.493	553.498
12.503	555.087
12.513	555.828
12.523	555.824
12.533	555.591
12.543	554.940
12.553	553.249
12.563	0.000
12.573	477.408
12.583	464.562
12.593	458.587
12.603	464.796
12.613	481.332
12.623	489.460
12.633	490.802
12.643	491.815
12.653	491.697
12.663	492.015
12.673	492.244
12.683	492.462
12.693	492.267
12.703	492.183
12.713	491.718
12.723	491.286
12.733	490.767
12.743	489.751
12.753	488.883
12.763	488.125
12.773	487.977
12.783	488.362
12.793	489.238
12.803	490.081
12.813	490.729
12.823	491.435
12.833	492.131
12.843	492.124
12.853	492.053
12.863	491.566
12.873	491.246
12.883	491.257
12.893	491.255
12.903	491.235
12.913	491.408
12.923	491.580
12.933	491.775
12.943	491.888
12.953	492.135
12.963	492.586
12.973	493.086
12.983	495.397
12.993	496.979
13.003	499.912
13.013	503.103
13.023	0.000
13.033	555.826
13.043	560.122
13.053	560.879
13.063	561.453
13.073	561.625
13.083	561.948
13.093	561.763
13.103	560.218
13.113	559.004
13.123	558.038
13.133	557.423
13.143	556.600
13.153	555.646
13.163	554.669
13.173	554.291
13.183	553.519
13.193	553.375
13.203	553.536
13.213	554.394
13.223	555.295
13.233	556.285
13.243	556.911
13.253	558.371
13.263	559.791
13.273	560.374
13.283	561.306
13.293	562.015
13.303	561.551
13.313	561.097
13.323	560.127
13.333	558.767
13.343	556.972
13.353	555.883
13.363	554.312
13.373	552.958
13.383	552.357
13.393	551.699
13.403	551.927
13.413	553.027
13.423	553.763
13.433	555.721
13.443	557.733
13.453	558.733
13.463	560.104
13.473	560.593
13.483	560.271
13.493	559.862
13.503	558.819
13.513	557.485
13.523	556.200
13.533	555.688
13.543	554.997
13.553	554.830
13.563	554.952
13.573	555.307
13.583	555.866
13.593	555.399
13.603	554.542
13.613	553.060
13.623	571.338
13.633	578.817
13.643	584.424
13.653	587.610
13.663	589.202
13.673	589.584
13.683	589.265
13.693	587.385
13.703	584.585
13.713	582.883
13.723	580.502
13.733	575.785
13.743	565.482
13.753	553.709
13.763	556.821
13.773	558.247
13.783	558.854
13.793	558.508
13.803	558.072
13.813	558.015
13.823	558.133
13.833	558.482
13.843	558.629
13.853	558.670
13.863	558.846
13.873	558.587
13.883	558.681
13.893	558.855
13.903	559.109
13.913	559.025
13.923	559.037
13.933	558.898
13.943	558.753
13.953	558.799
13.963	558.772
13.973	558.745
13.983	558.465
13.993	558.260
14.003	558.182
14.013	558.132
14.023	558.241
14.033	558.350
14.043	558.394
14.053	558.649
14.063	558.793
14.073	558.866
14.083	558.299
14.093	556.958
14.103	556.674
14.113	0.000
14.123	643.669
14.133	657.880
14.143	659.677
14.153	662.385
14.163	663.057
14.173	663.053
14.183	663.032
14.193	662.998
14.203	662.944
14.213	662.575
14.223	661.541
14.233	661.028
14.243	661.398
14.253	661.558
14.263	661.641
14.273	660.758
14.283	660.118
14.293	658.606
14.303	657.238
14.313	656.196
14.323	655.389
14.333	653.862
14.343	653.867
14.353	653.547
14.363	653.607
14.373	654.210
14.383	655.222
14.393	655.885
14.403	656.866
14.413	657.675
14.423	658.929
14.433	659.310
14.443	660.159
14.453	660.806
14.463	660.999
14.473	661.181
14.483	661.294
14.493	661.215
14.503	661.153
14.513	660.653
14.523	659.809
14.533	658.780
14.543	658.265
14.553	657.325
14.563	656.015
14.573	653.649
14.583	651.443
14.593	650.354
14.603	648.683
14.613	648.557
14.623	650.494
14.633	652.401
14.643	653.248
14.653	655.598
14.663	656.131
14.673	655.438
14.683	654.980
14.693	653.913
14.703	654.947
14.713	654.772
14.723	655.814
14.733	655.406
14.743	654.818
14.753	657.732
14.763	656.405
14.773	642.275
14.783	648.064
14.793	650.748
14.803	653.993
14.813	651.854
14.823	650.773
14.833	649.828
14.843	649.527
14.853	649.770
14.863	650.247
14.873	651.774
14.883	653.650
14.893	656.519
14.903	657.538
14.913	658.141
14.923	658.598
14.933	658.794
14.943	658.765
14.953	658.288
14.963	657.541
14.973	657.284
14.983	656.476
14.993	655.807
15.003	655.065
15.013	654.577
15.023	653.693
15.033	653.645
15.043	653.914
15.053	655.145
15.063	656.362
15.073	656.209
15.083	656.245
15.093	655.740
15.103	654.433
15.113	653.602
15.123	652.053
15.133	650.688
15.143	648.399
15.153	647.475
15.163	645.084
15.173	640.508
15.183	640.603
15.193	643.631
15.203	0.000
15.213	0.000
15.223	493.325
15.233	492.826
15.243	492.191
15.253	492.161
15.263	492.378
15.273	492.505
15.283	492.047
15.293	491.771
15.303	490.945
15.313	489.630
15.323	489.615
15.333	489.657
15.343	489.063
15.353	488.332
15.363	487.096
15.373	486.856
15.383	486.246
15.393	486.104
15.403	485.925
15.413	486.374
15.423	487.253
15.433	488.403
15.443	489.175
15.453	490.634
15.463	492.212
15.473	493.077
15.483	493.815
15.493	494.030
15.503	493.621
15.513	493.333
15.523	492.110
15.533	490.412
15.543	488.698
15.553	487.895
15.563	486.484
15.573	485.723
15.583	485.465
15.593	485.136
15.603	485.178
15.613	485.453
15.623	485.772
15.633	486.282
15.643	486.796
15.653	487.045
15.663	487.505
15.673	487.753
15.683	487.923
15.693	487.988
15.703	488.352
15.713	488.665
15.723	490.599
15.733	492.447
15.743	498.449
15.753	498.526
15.763	505.470
15.773	543.157
15.783	552.697
15.793	554.736
15.803	555.248
15.813	555.525
15.823	555.198
15.833	554.810
15.843	553.015
15.853	551.024
15.863	549.352
15.873	547.596
15.883	537.020
15.893	485.161
15.903	487.774
15.913	489.560
15.923	489.529
15.933	489.505
15.943	489.453
15.953	489.295
15.963	489.256
15.973	489.363
15.983	489.364
15.993	489.481
16.003	489.416
16.013	489.486
16.023	489.438
16.033	489.477
16.043	489.417
16.053	489.635
16.063	489.624
16.073	489.578
16.083	489.585
16.093	489.535
16.103	489.678
16.113	489.637
16.123	489.790
16.133	489.775
16.143	489.921
16.153	489.991
16.163	490.252
16.173	490.463
16.183	490.802
16.193	490.920
16.203	490.868
16.213	490.971
16.223	491.346
16.233	491.559
16.243	492.549
16.253	493.940
16.263	495.785
16.273	495.600
16.283	0.000
16.293	583.263
16.303	584.813
16.313	588.903
16.323	590.860
16.333	590.815
16.343	590.174
16.353	588.977
16.363	587.724
16.373	588.986
16.383	589.534
16.393	589.895
16.403	589.573
16.413	589.382
16.423	588.265
16.433	586.877
16.443	586.209
16.453	585.560
16.463	584.233
16.473	582.615
16.483	581.597
16.493	579.699
16.503	578.833
16.513	578.397
16.523	578.195
16.533	578.823
16.543	580.548
16.553	583.356
16.563	584.733
16.573	587.446
16.583	588.985
16.593	590.056
16.603	591.935
16.613	592.257
16.623	591.743
16.633	591.561
16.643	591.008
16.653	589.815
16.663	588.811
16.673	586.732
16.683	585.509
16.693	584.176
16.703	583.447
16.713	581.783
16.723	579.938
16.733	579.062
16.743	579.082
16.753	579.391
16.763	580.537
16.773	581.273
16.783	583.182
16.793	585.259
16.803	587.163
16.813	588.127
16.823	591.110
16.833	592.506
16.843	592.320
16.853	592.044
16.863	591.221
16.873	590.352
16.883	589.421
16.893	588.163
16.903	588.226
16.913	587.715
16.923	588.750
16.933	585.737
16.943	575.847
16.953	569.353
16.963	565.523
16.973	571.719
16.983	577.092
16.993	578.007
17.003	580.680
17.013	583.146
17.023	584.436
17.033	586.356
17.043	588.411
17.053	591.219
17.063	592.036
17.073	591.374
17.083	590.256
17.093	588.628
17.103	587.519
17.113	586.477
17.123	585.729
17.133	585.217
17.143	584.079
17.153	583.347
17.163	582.986
17.173	583.048
17.183	583.859
17.193	585.026
17.203	585.583
17.213	586.542
17.223	587.672
17.233	588.468
17.243	588.653
17.253	588.640
17.263	588.621
17.273	588.178
17.283	587.881
17.293	587.450
17.303	587.739
17.313	588.261
17.323	587.637
17.333	0.000
17.343	0.000
17.353	0.000
17.363	422.673
17.373	423.799
17.383	424.788
17.393	430.842
17.403	435.441
17.413	437.896
17.423	438.639
17.433	439.430
17.443	439.985
17.453	440.443
17.463	440.604
17.473	440.700
17.483	440.731
17.493	440.676
17.503	440.803
17.513	440.450
17.523	439.907
17.533	439.600
17.543	439.042
17.553	438.367
17.563	437.209
17.573	436.710
17.583	435.654
17.593	435.206
17.603	435.073
17.613	434.723
17.623	434.998
17.633	435.711
17.643	436.068
17.653	436.786
17.663	437.411
17.673	437.757
17.683	438.349
17.693	439.227
17.703	440.002
17.713	440.421
17.723	441.094
17.733	441.057
17.743	440.313
17.753	439.901
17.763	439.103
17.773	438.040
17.783	437.632
17.793	437.432
17.803	437.130
17.813	436.726
17.823	436.452
17.833	436.055
17.843	436.000
17.853	436.043
17.863	436.384
17.873	436.897
17.883	437.158
17.893	437.323
17.903	437.647
17.913	437.715
17.923	437.662
17.933	437.463
17.943	436.602
17.953	435.362
17.963	435.032
17.973	436.809
17.983	438.760
17.993	440.318
18.003	439.703
18.013	453.696
18.023	447.574
18.033	449.404
18.043	0.000
18.053	0.000
18.063	479.506
18.073	485.529
18.083	489.527
18.093	490.390
18.103	490.165
18.113	489.838
18.123	489.149
18.133	489.396
18.143	490.014
18.153	489.974
18.163	489.059
18.173	488.439
18.183	487.838
18.193	487.388
18.203	487.384
18.213	487.784
18.223	488.676
18.233	489.675
18.243	490.238
18.253	490.658
18.263	491.329
18.273	491.523
18.283	491.273
18.293	491.181
18.303	490.647
18.313	490.168
18.323	489.782
18.333	489.450
18.343	489.094
18.353	488.803
18.363	488.813
18.373	488.850
18.383	488.973
18.393	488.993
18.403	489.299
18.413	489.536
18.423	490.163
18.433	491.264
18.443	495.843
18.453	499.729
18.463	513.600
18.473	535.258
18.483	551.221
18.493	554.510
18.503	555.044
18.513	556.002
18.523	556.294
18.533	555.586
18.543	554.709
18.553	553.256
18.563	551.984
18.573	551.687
18.583	550.662
18.593	549.804
18.603	549.265
18.613	549.048
18.623	548.997
18.633	549.224
18.643	550.237
18.653	550.788
18.663	552.326
18.673	553.965
18.683	554.844
18.693	556.801
18.703	558.517
18.713	559.910
18.723	559.870
18.733	559.017
18.743	557.341
18.753	556.466
18.763	554.446
18.773	552.551
18.783	550.685
18.793	549.758
18.803	548.519
18.813	547.849
18.823	547.775
18.833	548.038
18.843	549.557
18.853	551.556
18.863	552.550
18.873	554.686
18.883	557.213
18.893	559.487
18.903	560.179
18.913	560.377
18.923	559.656
18.933	558.084
18.943	557.164
18.953	554.933
18.963	552.946
18.973	552.026
18.983	550.594
18.993	549.892
19.003	550.209
19.013	550.792
19.023	551.967
19.033	553.441
19.043	554.350
19.053	556.076
19.063	557.572
19.073	557.745
19.083	558.966
19.093	559.514
19.103	564.301
19.113	0.000
19.123	0.000
19.133	585.487
19.143	586.561
19.153	587.102
19.163	587.846
19.173	588.654
19.183	589.160
19.193	589.347
19.203	589.458
19.213	589.302
19.223	589.049
19.233	588.674
19.243	588.574
19.253	588.351
19.263	588.233
19.273	587.905
19.283	587.318
19.293	586.519
19.303	586.180
19.313	585.275
19.323	584.594
19.333	584.435
19.343	584.150
19.353	584.064
19.363	584.377
19.373	584.627
19.383	585.364
19.393	586.176
19.403	586.565
19.413	587.275
19.423	587.584
19.433	587.616
19.443	587.558
19.453	586.906
19.463	585.750
19.473	584.101
19.483	582.626
19.493	578.401
19.503	568.142
19.513	564.811
19.523	564.224
19.533	561.151
19.543	559.369
19.553	559.245
19.563	558.831
19.573	557.417
19.583	556.343
19.593	554.498
19.603	553.612
19.613	552.743
19.623	552.252
19.633	551.272
19.643	550.201
19.653	549.531
19.663	549.344
19.673	549.691
19.683	550.462
19.693	551.080
19.703	552.487
19.713	553.886
19.723	555.725
19.733	556.714
19.743	558.647
19.753	559.414
19.763	559.917
19.773	560.157
19.783	559.967
19.793	558.891
19.803	558.104
19.813	555.907
19.823	553.539
19.833	551.750
19.843	550.958
19.853	549.381
19.863	547.837
19.873	547.348
19.883	547.201
19.893	548.103
19.903	549.350
19.913	550.277
19.923	552.708
19.933	556.158
19.943	557.640
19.953	559.875
19.963	560.934
19.973	560.677
19.983	560.560
19.993	559.285
20.003	557.634
20.013	555.870
20.023	555.014
20.033	553.573
20.043	552.068
20.053	551.681
20.063	551.294
20.073	551.563
20.083	552.564
20.093	553.069
20.103	554.285
20.113	555.072
20.123	555.513
20.133	555.687
20.143	555.269
20.153	552.419
20.163	0.000
20.173	0.000
20.183	0.000
20.193	0.000
20.203	0.000
20.213	0.000
20.223	0.000
20.233	491.264
20.243	490.068
20.253	491.639
20.263	492.421
20.273	492.420
20.283	491.675
20.293	490.881
20.303	490.305
20.313	490.021
20.323	489.948
20.333	489.890
20.343	490.109
20.353	490.140
20.363	490.177
20.373	490.001
20.383	489.930
20.393	489.823
20.403	489.822
20.413	489.739
20.423	489.839
20.433	489.667
20.443	489.473
20.453	489.558
20.463	489.508
20.473	489.379
20.483	489.435
20.493	489.346
20.503	489.317
20.513	489.571
20.523	489.294
20.533	489.251
20.543	489.202
20.553	489.581
20.563	490.390
20.573	489.955
20.583	486.224
20.593	483.444
20.603	452.148
20.613	441.974
20.623	441.151
20.633	441.070
20.643	441.466
20.653	441.530
20.663	441.496
20.673	441.592
20.683	441.765
20.693	441.572
20.703	441.431
20.713	440.923
20.723	440.774
20.733	440.765
20.743	440.683
20.753	440.609
20.763	440.324
20.773	440.325
20.783	439.846
20.793	439.482
20.803	438.647
20.813	438.480
20.823	438.066
20.833	437.924
20.843	437.920
20.853	437.974
20.863	438.628
20.873	439.210
20.883	439.470
20.893	440.529
20.903	441.714
20.913	442.039
20.923	441.871
20.933	441.535
20.943	441.486
20.953	441.426
20.963	441.062
20.973	440.801
20.983	440.108
20.993	439.466
21.003	437.746
21.013	436.622
21.023	436.196
21.033	436.017
21.043	435.524
21.053	435.183
21.063	435.261
21.073	435.762
21.083	436.461
21.093	436.970
21.103	437.286
21.113	438.080
21.123	439.210
21.133	439.948
21.143	441.779
21.153	442.490
21.163	442.046
21.173	441.824
21.183	441.543
21.193	441.369
21.203	440.962
21.213	440.796
21.223	439.708
21.233	438.128
21.243	437.428
21.253	436.371
21.263	435.662
21.273	434.543
21.283	434.098
21.293	434.382
21.303	435.841
21.313	436.328
21.323	437.462
21.333	438.515
21.343	439.811
21.353	440.541
21.363	442.174
21.373	442.459
21.383	441.949
21.393	441.557
21.403	440.751
21.413	439.997
21.423	439.524
21.433	436.776
21.443	435.381
21.453	435.910
21.463	436.572
21.473	437.848
21.483	439.356
21.493	440.492
21.503	440.441
21.513	440.026
21.523	439.786
21.533	440.140
21.543	441.061
21.553	440.730
21.563	439.319
21.573	437.441
21.583	0.000
21.593	0.000
21.603	0.000
21.613	0.000
21.623	0.000
21.633	0.000
21.643	0.000
21.653	0.000
21.663	0.000
21.673	0.000
21.683	0.000
21.693	0.000
21.703	0.000
21.713	0.000
21.723	0.000
21.733	0.000
21.743	658.948
21.753	660.368
21.763	661.840
21.773	662.526
21.783	662.414
21.793	662.241
21.803	661.393
21.813	660.739
21.823	660.227
21.833	658.816
21.843	656.236
21.853	652.833
21.863	651.760
21.873	651.745
21.883	652.086
21.893	652.276
21.903	653.164
21.913	654.990
21.923	656.559
21.933	657.080
21.943	657.829
21.953	658.580
21.963	658.936
21.973	659.502
21.983	659.857
21.993	659.676
22.003	659.458
22.013	658.677
22.023	657.551
22.033	655.881
22.043	654.583
22.053	652.950
22.063	652.248
22.073	651.533
22.083	650.573
22.093	650.545
22.103	651.591
22.113	652.440
22.123	654.785
22.133	657.402
22.143	657.771
22.153	658.291
22.163	658.764
22.173	659.197
22.183	659.317
22.193	659.297
22.203	658.759
22.213	657.886
22.223	657.462
22.233	656.615
22.243	656.129
22.253	656.097
22.263	656.768
22.273	657.113
22.283	657.402
22.293	657.681
22.303	664.561
22.313	671.003
22.323	670.976
22.333	673.250
22.343	715.989
22.353	726.897
22.363	729.083
22.373	731.457
22.383	732.346
22.393	732.250
22.403	732.067
22.413	732.632
22.423	732.604
22.433	731.645
22.443	725.849
22.453	699.272
22.463	0.000
22.473	0.000
22.483	0.000
22.493	656.013
22.503	657.508
22.513	656.570
22.523	656.651
22.533	657.971
22.543	658.660
22.553	657.959
22.563	656.884
22.573	655.823
22.583	655.576
22.593	656.151
22.603	656.178
22.613	656.286
22.623	656.612
22.633	655.456
22.643	655.028
22.653	655.121
22.663	655.626
22.673	656.019
22.683	655.937
22.693	655.904
22.703	655.770
22.713	656.261
22.723	656.538
22.733	657.210
22.743	657.499
22.753	657.931
22.763	658.290
22.773	658.940
22.783	659.226
22.793	659.265
22.803	659.343
22.813	659.417
22.823	660.509
22.833	661.742
22.843	670.208
22.853	722.180
22.863	731.610
22.873	733.397
22.883	735.152
22.893	736.547
22.903	736.778
22.913	737.401
22.923	737.449
22.933	736.769
22.943	735.908
22.953	734.911
22.963	733.459
22.973	732.078
22.983	730.223
22.993	728.672
23.003	727.667
23.013	727.093
23.023	726.312
23.033	725.657
23.043	725.721
23.053	725.991
23.063	726.500
23.073	727.619
23.083	728.373
23.093	729.811
23.103	731.177
23.113	732.942
23.123	733.917
23.133	735.366
23.143	735.998
23.153	735.845
23.163	735.307
23.173	734.215
23.183	732.243
23.193	731.022
23.203	728.579
23.213	725.870
23.223	722.073
23.233	720.780
23.243	720.050
23.253	720.605
23.263	720.627
23.273	721.169
23.283	724.175
23.293	727.024
23.303	728.295
23.313	730.772
23.323	732.566
23.333	733.318
23.343	734.862
23.353	736.273
23.363	737.084
23.373	737.120
23.383	736.931
23.393	736.238
23.403	735.412
23.413	735.017
23.423	733.960
23.433	732.358
23.443	731.271
23.453	728.297
23.463	728.153
23.473	731.208
23.483	732.633
23.493	732.267
23.503	732.039
23.513	732.249
23.523	733.377
23.533	734.591
23.543	731.567
23.553	0.000
23.563	0.000
23.573	713.729
23.583	726.060
23.593	729.903
23.603	732.888
23.613	733.611
23.623	733.625
23.633	733.235
23.643	732.197
23.653	730.391
23.663	729.269
23.673	726.829
23.683	724.852
23.693	724.388
23.703	725.234
23.713	727.621
23.723	730.963
23.733	732.683
23.743	736.120
23.753	739.159
23.763	740.890
23.773	741.183
23.783	741.396
23.793	740.843
23.803	740.279
23.813	738.635
23.823	736.316
23.833	733.856
23.843	732.792
23.853	731.266
23.863	731.403
23.873	732.051
23.883	733.586
23.893	735.117
23.903	735.890
23.913	735.713
23.923	734.643
23.933	733.409
23.943	732.619
23.953	732.368
23.963	731.978
23.973	731.445
23.983	731.203
23.993	731.208
24.003	870.915
24.013	871.438
24.023	871.311
24.033	871.391
24.043	871.536
24.053	871.862
24.063	871.686
24.073	871.672
24.083	871.787
24.093	873.171
24.103	872.188
24.113	872.697
24.123	874.921
24.133	874.271
24.143	875.914
24.153	876.750
24.163	876.908
24.173	877.450
24.183	876.898
24.193	875.853
24.203	874.641
24.213	872.012
24.223	868.933
24.233	865.594
24.243	863.619
24.253	860.023
24.263	858.879
24.273	858.100
24.283	857.630
24.293	859.069
24.303	861.183
24.313	862.468
24.323	865.170
24.333	867.648
24.343	868.815
24.353	870.934
24.363	872.820
24.373	872.740
24.383	872.503
24.393	871.107
24.403	868.866
24.413	866.227
24.423	864.617
24.433	861.393
24.443	860.882
24.453	861.452
24.463	863.626
24.473	866.840
24.483	869.807
24.493	871.220
24.503	874.075
24.513	875.748
24.523	875.085
24.533	868.954
24.543	855.945
24.553	844.595
24.563	840.119
24.573	840.631
24.583	822.370
24.593	819.634
24.603	818.747
24.613	819.826
24.623	820.549
24.633	821.080
24.643	821.439
24.653	821.495
24.663	820.909
24.673	819.500
24.683	818.078
24.693	807.867
24.703	801.869
24.713	775.632
24.723	736.697
24.733	732.746
24.743	732.705
24.753	733.023
24.763	733.794
24.773	734.413
24.783	734.837
24.793	735.108
24.803	735.089
24.813	735.161
24.823	735.375
24.833	735.553
24.843	735.790
24.853	736.053
24.863	736.307
24.873	736.508
24.883	736.606
24.893	736.653
24.903	736.240
24.913	735.526
24.923	735.172
24.933	734.450
24.943	733.410
24.953	732.009
24.963	731.376
24.973	730.919
24.983	730.383
24.993	730.062
25.003	729.944
25.013	730.523
25.023	731.185
25.033	731.638
25.043	734.215
25.053	736.018
25.063	736.538
25.073	737.523
25.083	737.950
25.093	738.190
25.103	738.278
25.113	738.184
25.123	737.700
25.133	736.853
25.143	736.338
25.153	735.001
25.163	733.591
25.173	733.055
25.183	732.622
25.193	733.417
25.203	735.195
25.213	736.224
25.223	737.057
25.233	736.962
25.243	737.147
25.253	737.260
25.263	737.657
25.273	737.731
25.283	737.847
25.293	737.903
25.303	738.119
25.313	738.185
25.323	738.338
25.333	738.178
25.343	738.199
25.353	738.203
25.363	738.293
25.373	736.593
25.383	734.814
25.393	734.198
25.403	733.813
25.413	733.975
25.423	0.000
25.433	0.000
25.443	647.576
25.453	652.171
25.463	654.999
25.473	658.081
25.483	658.655
25.493	658.691
25.503	658.475
25.513	659.400
25.523	661.239
25.533	661.747
25.543	662.713
25.553	663.219
25.563	663.199
25.573	663.240
25.583	663.506
25.593	663.909
25.603	664.100
25.613	664.278
25.623	664.628
25.633	664.998
25.643	664.986
25.653	664.498
25.663	663.872
25.673	663.521
25.683	663.394
25.693	662.949
25.703	662.323
25.713	662.076
25.723	661.598
25.733	661.459
25.743	660.523
25.753	657.119
25.763	654.070
25.773	655.568
25.783	655.395
25.793	654.740
25.803	654.054
25.813	654.685
25.823	655.732
25.833	656.919
25.843	657.663
25.853	658.608
25.863	659.102
25.873	659.942
25.883	660.986
25.893	661.281
25.903	661.811
25.913	661.461
25.923	660.941
25.933	660.687
25.943	659.582
25.953	658.325
25.963	657.034
25.973	656.499
25.983	655.441
25.993	654.267
26.003	654.067
26.013	653.914
26.023	653.677
26.033	653.490
26.043	653.431
26.053	653.755
26.063	654.456
26.073	654.775
26.083	655.144
26.093	653.299
26.103	650.874
26.113	649.934
26.123	658.193
26.133	662.698
26.143	660.526
26.153	659.807
26.163	658.102
26.173	656.161
26.183	655.050
26.193	652.863
26.203	652.073
26.213	651.419
26.223	650.959
26.233	650.175
26.243	651.164
26.253	652.063
26.263	652.880
26.273	653.089
26.283	654.360
26.293	654.748
26.303	654.565
26.313	653.682
26.323	653.683
26.333	653.970
26.343	654.355
26.353	653.674
26.363	653.817
26.373	653.911
26.383	653.504
26.393	651.531
26.403	651.616
26.413	652.780
26.423	654.441
26.433	654.933
26.443	654.730
26.453	652.628
26.463	649.361
26.473	648.690
26.483	0.000
26.493	0.000
26.503	550.948
26.513	552.095
26.523	553.078
26.533	553.319
26.543	553.466
26.553	553.663
26.563	553.664
26.573	553.331
26.583	553.289
26.593	552.531
26.603	550.836
26.613	548.911
26.623	547.876
26.633	546.021
26.643	544.563
26.653	544.120
26.663	543.561
26.673	543.887
26.683	545.331
26.693	546.258
26.703	547.994
26.713	549.716
26.723	550.573
26.733	552.343
26.743	553.830
26.753	554.645
26.763	554.765
26.773	554.378
26.783	553.035
26.793	549.551
26.803	0.000
26.813	0.000
26.823	438.866
26.833	438.773
26.843	438.757
26.853	438.762
26.863	438.515
26.873	438.499
26.883	438.432
26.893	438.620
26.903	438.543
26.913	438.767
26.923	439.082
26.933	439.398
26.943	439.383
26.953	439.567
26.963	439.286
26.973	439.089
26.983	438.963
26.993	438.741
27.003	438.566
27.013	438.637
27.023	438.783
27.033	439.140
27.043	439.247
27.053	439.303
27.063	439.155
27.073	439.237
27.083	439.107
27.093	439.188
27.103	439.306
27.113	439.501
27.123	439.518
27.133	439.685
27.143	439.640
27.153	440.533
27.163	440.615
27.173	440.117
27.183	439.456
27.193	438.869
27.203	437.407
27.213	647.015
27.223	648.042
27.233	649.081
27.243	652.048
27.253	653.858
27.263	655.017
27.273	655.477
27.283	656.210
27.293	655.324
27.303	654.750
27.313	652.773
27.323	651.896
27.333	651.767
27.343	651.572
27.353	651.548
27.363	651.767
27.373	651.917
27.383	652.266
27.393	652.806
27.403	652.713
27.413	652.639
27.423	652.704
27.433	653.148
27.443	653.287
27.453	653.449
27.463	653.381
27.473	652.706
27.483	652.230
27.493	651.133
27.503	648.240
27.513	645.206
27.523	643.542
27.533	641.819
27.543	641.812
27.553	638.167
27.563	590.391
27.573	587.839
27.583	588.128
27.593	588.329
27.603	587.629
27.613	587.507
27.623	587.278
27.633	586.717
27.643	585.942
27.653	584.564
27.663	583.794
27.673	581.867
27.683	580.290
27.693	579.616
27.703	579.027
27.713	578.516
27.723	578.939
27.733	579.137
27.743	579.873
27.753	581.051
27.763	582.458
27.773	583.062
27.783	583.653
27.793	583.885
27.803	583.331
27.813	583.014
27.823	582.352
27.833	581.666
27.843	581.311
27.853	580.187
27.863	579.028
27.873	578.419
27.883	577.801
27.893	574.585
27.903	0.000
27.913	0.000
27.923	485.973
27.933	488.364
27.943	490.571
27.953	491.651
27.963	492.167
27.973	492.381
27.983	492.276
27.993	492.253
28.003	491.972
28.013	491.655
28.023	491.813
28.033	491.703
28.043	491.875
28.053	491.863
28.063	491.850
28.073	491.946
28.083	492.142
28.093	492.086
28.103	492.036
28.113	491.956
28.123	491.964
28.133	491.914
28.143	491.782
28.153	491.783
28.163	491.946
28.173	491.774
28.183	491.815
28.193	491.609
28.203	491.626
28.213	491.482
28.223	491.467
28.233	491.249
28.243	491.319
28.253	491.272
28.263	491.772
28.273	494.114
28.283	500.275
28.293	508.348
28.303	514.746
28.313	512.419
28.323	516.689
28.333	548.791
28.343	556.236
28.353	556.907
28.363	558.290
28.373	559.057
28.383	559.401
28.393	559.769
28.403	559.881
28.413	559.516
28.423	558.967
28.433	557.809
28.443	556.574
28.453	555.712
28.463	554.101
28.473	552.613
28.483	551.972
28.493	551.754
28.503	551.258
28.513	551.013
28.523	551.227
28.533	551.516
28.543	552.699
28.553	553.851
28.563	554.542
28.573	555.776
28.583	557.196
28.593	558.400
28.603	558.701
28.613	558.909
28.623	558.641
28.633	558.257
28.643	556.935
28.653	554.959
28.663	553.304
28.673	552.700
28.683	551.701
28.693	550.799
28.703	550.285
28.713	550.206
28.723	550.526
28.733	551.419
28.743	552.126
28.753	554.014
28.763	556.598
28.773	559.104
28.783	560.045
28.793	560.806
28.803	560.498
28.813	559.952
28.823	557.907
28.833	555.477
28.843	553.021
28.853	552.185
28.863	551.204
28.873	551.090
28.883	551.487
28.893	551.846
28.903	552.837
28.913	553.962
28.923	554.588
28.933	555.840
28.943	557.069
28.953	557.684
28.963	557.483
28.973	557.185
28.983	0.000
28.993	0.000
29.003	621.540
29.013	624.189
29.023	626.429
29.033	627.467
29.043	628.443
29.053	628.609
29.063	628.197
29.073	627.695
29.083	626.724
29.093	626.125
29.103	626.051
29.113	626.545
29.123	627.454
29.133	628.022
29.143	628.212
29.153	628.471
29.163	628.678
29.173	628.788
29.183	628.840
29.193	628.985
29.203	629.071
29.213	629.216
29.223	629.373
29.233	629.455
29.243	629.678
29.253	629.874
29.263	630.169
29.273	630.165
29.283	630.255
29.293	630.269
29.303	630.241
29.313	630.331
29.323	630.421
29.333	630.698
29.343	635.265
29.353	642.360
29.363	645.512
29.373	650.113
29.383	654.269
29.393	654.448
29.403	655.738
29.413	659.488
29.423	663.272
29.433	664.177
29.443	664.996
29.453	665.361
29.463	665.095
29.473	664.721
29.483	664.548
29.493	664.935
29.503	665.016
29.513	665.538
29.523	666.251
29.533	667.097
29.543	667.477
29.553	668.229
29.563	668.083
29.573	667.785
29.583	666.714
29.593	665.184
29.603	663.345
29.613	662.392
29.623	659.866
29.633	657.393
29.643	656.565
29.653	654.291
29.663	653.306
29.673	654.049
29.683	654.622
29.693	656.910
29.703	658.774
29.713	659.435
29.723	660.115
29.733	661.612
29.743	662.166
29.753	662.409
29.763	663.084
29.773	662.966
29.783	662.385
29.793	662.065
29.803	661.630
29.813	661.221
29.823	660.866
29.833	659.688
29.843	658.476
29.853	657.159
29.863	656.558
29.873	655.461
29.883	655.171
29.893	656.435
29.903	656.752
29.913	657.199
29.923	657.408
29.933	657.917
29.943	658.892
29.953	659.096
29.963	659.375
29.973	659.375
29.983	659.221
29.993	659.832
30.003	659.697
30.013	661.735
30.023	661.836
30.033	660.343
30.043	659.760
30.053	658.638
30.063	658.172
30.073	657.852
30.083	657.601
30.093	657.424
30.103	656.092
30.113	591.655
30.123	591.476
30.133	591.797
30.143	592.056
30.153	592.151
30.163	592.155
30.173	591.421
30.183	590.872
30.193	590.463
30.203	588.494
30.213	586.061
30.223	585.425
30.233	583.992
30.243	582.743
30.253	581.923
30.263	581.555
30.273	580.954
30.283	580.783
30.293	581.229
30.303	582.726
30.313	584.331
30.323	585.573
30.333	585.827
30.343	586.014
30.353	586.216
30.363	586.145
30.373	585.775
30.383	585.000
30.393	584.524
30.403	584.283
30.413	584.088
30.423	583.881
30.433	584.097
30.443	584.419
30.453	585.423
30.463	586.130
30.473	585.829
30.483	584.676
30.493	583.063
30.503	581.497
30.513	581.238
30.523	579.876
30.533	572.018
30.543	560.494
30.553	557.850
30.563	556.091
30.573	555.917
30.583	555.628
30.593	555.652
30.603	555.169
30.613	554.525
30.623	554.446
30.633	554.003
30.643	553.385
30.653	552.889
30.663	551.764
30.673	550.751
30.683	549.769
30.693	549.337
30.703	549.095
30.713	549.378
30.723	550.045
30.733	550.406
30.743	551.431
30.753	552.795
30.763	553.715
30.773	555.348
30.783	557.067
30.793	558.468
30.803	559.038
30.813	559.009
30.823	558.009
30.833	557.171
30.843	555.309
30.853	553.193
30.863	551.190
30.873	550.380
30.883	549.175
30.893	548.251
30.903	547.656
30.913	547.429
30.923	547.744
30.933	548.829
30.943	549.568
30.953	551.416
30.963	553.509
30.973	556.188
30.983	557.492
30.993	559.667
31.003	560.306
31.013	559.999
31.023	558.430
31.033	556.507
31.043	554.593
31.053	553.947
31.063	553.357
31.073	553.515
31.083	553.805
31.093	553.915
31.103	553.565
31.113	552.989
31.123	558.072
31.133	582.465
31.143	586.781
31.153	588.834
31.163	589.508
31.173	590.522
31.183	590.664
31.193	590.683
31.203	590.370
31.213	589.618
31.223	588.760
31.233	588.079
31.243	586.392
31.253	582.851
31.263	579.263
31.273	569.916
31.283	558.744
31.293	558.393
31.303	558.642
31.313	559.167
31.323	559.166
31.333	559.274
31.343	559.313
31.353	559.232
31.363	558.987
31.373	559.120
31.383	559.001
31.393	559.311
31.403	559.399
31.413	559.455
31.423	559.620
31.433	559.465
31.443	559.446
31.453	559.403
31.463	559.232
31.473	559.133
31.483	559.035
31.493	558.806
31.503	558.592
31.513	558.297
31.523	558.206
31.533	558.065
31.543	557.922
31.553	557.859
31.563	557.981
31.573	558.059
31.583	558.150
31.593	557.954
31.603	556.942
31.613	554.903
31.623	568.171
31.633	0.000
31.643	0.000
31.653	647.484
31.663	648.332
31.673	651.151
31.683	652.565
31.693	652.742
31.703	652.063
31.713	653.777
31.723	655.484
31.733	656.334
31.743	656.114
31.753	656.119
31.763	656.307
31.773	656.333
31.783	656.807
31.793	656.598
31.803	656.466
31.813	656.402
31.823	656.559
31.833	656.793
31.843	656.693
31.853	656.820
31.863	656.474
31.873	656.077
31.883	655.893
31.893	655.407
31.903	654.729
31.913	654.695
31.923	654.386
31.933	653.485
31.943	652.972
31.953	653.123
31.963	653.161
31.973	653.704
31.983	654.802
31.993	655.793
32.003	656.883
32.013	657.405
32.023	657.822
32.033	658.578
32.043	659.427
32.053	660.115
32.063	660.286
32.073	660.356
32.083	660.152
32.093	659.942
32.103	659.812
32.113	659.542
32.123	659.138
32.133	658.920
32.143	658.432
32.153	658.338
32.163	658.510
32.173	657.772
32.183	656.017
32.193	656.281
32.203	656.910
32.213	657.389
32.223	656.955
32.233	656.184
32.243	656.586
32.253	656.607
32.263	655.458
32.273	653.708
32.283	652.155
32.293	648.289
32.303	646.545
32.313	650.681
32.323	645.846
32.333	649.551
32.343	653.613
32.353	655.438
32.363	657.479
32.373	657.611
32.383	657.238
32.393	656.348
32.403	655.476
32.413	653.941
32.423	652.747
32.433	652.488
32.443	652.268
32.453	651.540
32.463	651.168
32.473	650.486
32.483	650.059
32.493	649.863
32.503	649.824
32.513	649.889
32.523	649.725
32.533	649.898
32.543	650.305
32.553	651.063
32.563	651.626
32.573	653.014
32.583	653.804
32.593	653.541
32.603	652.804
32.613	649.720
32.623	646.968
32.633	644.284
32.643	641.982
32.653	638.096
32.663	0.000
32.673	0.000
32.683	490.496
32.693	491.863
32.703	492.442
32.713	491.977
32.723	492.235
32.733	492.361
32.743	492.467
32.753	492.372
32.763	492.356
32.773	491.994
32.783	491.871
32.793	491.393
32.803	490.918
32.813	490.645
32.823	490.344
32.833	489.620
32.843	488.641
32.853	488.064
32.863	486.856
32.873	486.236
32.883	485.728
32.893	485.516
32.903	485.123
32.913	485.262
32.923	485.545
32.933	485.745
32.943	486.706
32.953	488.169
32.963	488.663
32.973	490.177
32.983	491.372
32.993	492.007
33.003	492.076
33.013	491.844
33.023	491.109
33.033	490.484
33.043	489.222
33.053	487.998
33.063	486.912
33.073	486.446
33.083	486.149
33.093	486.245
33.103	486.478
33.113	486.861
33.123	487.208
33.133	487.828
33.143	488.118
33.153	488.577
33.163	488.952
33.173	489.269
33.183	489.538
33.193	491.649
33.203	496.713
33.213	500.856
33.223	499.864
33.233	535.048
33.243	554.841
33.253	556.596
33.263	557.939
33.273	557.819
33.283	557.840
33.293	557.543
33.303	556.731
33.313	554.877
33.323	553.979
33.333	552.178
33.343	548.499
33.353	0.000
33.363	488.256
33.373	488.969
33.383	490.277
33.393	490.194
33.403	490.087
33.413	489.859
33.423	489.816
33.433	489.686
33.443	489.661
33.453	489.459
33.463	489.471
33.473	489.500
33.483	489.639
33.493	489.766
33.503	489.742
33.513	489.729
33.523	489.671
33.533	489.833
33.543	489.781
33.553	489.866
33.563	489.663
33.573	489.725
33.583	489.662
33.593	489.859
33.603	490.007
33.613	490.001
33.623	490.097
33.633	490.166
33.643	490.226
33.653	490.256
33.663	490.364
33.673	490.743
33.683	491.033
33.693	493.237
33.703	496.689
33.713	494.807
33.723	495.470
33.733	0.000
33.743	0.000
33.753	585.766
33.763	587.762
33.773	588.975
33.783	589.453
33.793	589.747
33.803	588.859
33.813	588.693
33.823	589.136
33.833	589.313
33.843	589.477
33.853	588.746
33.863	588.574
33.873	587.775
33.883	586.910
33.893	585.588
33.903	584.948
33.913	583.695
33.923	582.677
33.933	582.307
33.943	582.120
33.953	582.338
33.963	582.940
33.973	583.499
33.983	584.633
33.993	586.253
34.003	587.925
34.013	588.612
34.023	589.794
34.033	590.411
34.043	590.591
34.053	590.368
34.063	590.380
34.073	590.382
34.083	590.321
34.093	590.024
34.103	589.302
34.113	588.615
34.123	586.803
34.133	584.829
34.143	582.867
34.153	582.102
34.163	580.228
34.173	578.730
34.183	578.099
34.193	577.853
34.203	578.741
34.213	580.678
34.223	581.619
34.233	583.890
34.243	586.360
34.253	588.740
34.263	589.509
34.273	590.431
34.283	590.680
34.293	590.723
34.303	590.534
34.313	590.013
34.323	589.688
34.333	589.064
34.343	589.120
34.353	591.217
34.363	591.656
34.373	591.164
34.383	588.520
34.393	582.961
34.403	545.150
34.413	533.457
34.423	571.535
34.433	578.535
34.443	580.932
34.453	583.817
34.463	586.390
34.473	588.399
34.483	589.266
34.493	590.122
34.503	589.962
34.513	589.959
34.523	589.437
34.533	588.768
34.543	587.822
34.553	587.197
34.563	585.989
34.573	585.300
34.583	584.954
34.593	584.683
34.603	584.344
34.613	584.419
34.623	584.628
34.633	585.162
34.643	585.765
34.653	586.257
34.663	586.566
34.673	587.068
34.683	587.327
34.693	587.048
34.703	586.390
34.713	586.035
34.723	586.306
34.733	586.188
34.743	583.821
34.753	0.000
34.763	0.000
34.773	0.000
34.783	0.000
34.793	437.281
34.803	436.514
34.813	436.632
34.823	437.556
34.833	437.929
34.843	437.783
34.853	437.748
34.863	438.007
34.873	438.170
34.883	437.926
34.893	437.749
34.903	437.737
34.913	437.598
34.923	437.226
34.933	436.423
34.943	436.362
34.953	436.117
34.963	435.534
34.973	434.717
34.983	434.726
34.993	434.379
35.003	434.409
35.013	435.046
35.023	435.295
35.033	435.730
35.043	436.256
35.053	436.788
35.063	437.525
35.073	438.432
35.083	439.187
35.093	439.524
35.103	440.226
35.113	440.575
35.123	440.594
35.133	440.224
35.143	439.272
35.153	437.727
35.163	437.097
35.173	436.408
35.183	435.521
35.193	434.400
35.203	433.949
35.213	433.597
35.223	433.169
35.233	433.008
35.243	433.013
35.253	433.206
35.263	433.560
35.273	433.851
35.283	434.472
35.293	435.095
35.303	435.263
35.313	435.296
35.323	435.292
35.333	435.514
35.343	435.483
35.353	435.709
35.363	435.803
35.373	435.991
35.383	436.527
35.393	436.854
35.403	435.614
35.413	434.182
35.423	432.522
35.433	447.389
35.443	488.914
35.453	490.093
35.463	490.820
35.473	491.223
35.483	491.116
35.493	491.093
35.503	491.058
35.513	491.470
35.523	491.276
35.533	490.992
35.543	491.051
35.553	490.919
35.563	490.567
35.573	490.058
35.583	489.461
35.593	489.281
35.603	488.740
35.613	488.379
35.623	488.405
35.633	488.450
35.643	488.788
35.653	488.893
35.663	489.382
35.673	489.566
35.683	490.023
35.693	490.380
35.703	490.587
35.713	490.680
35.723	490.591
35.733	490.433
35.743	490.352
35.753	490.201
35.763	490.203
35.773	490.244
35.783	490.288
35.793	490.715
35.803	490.770
35.813	490.970
35.823	491.609
35.833	493.237
35.843	495.267
35.853	496.363
35.863	535.867
35.873	550.655
35.883	552.806
35.893	555.194
35.903	555.841
35.913	556.214
35.923	556.604
35.933	556.699
35.943	556.537
35.953	556.645
35.963	556.677
35.973	556.494
35.983	555.984
35.993	555.618
36.003	554.611
36.013	553.632
36.023	552.963
36.033	552.749
36.043	552.667
36.053	553.314
36.063	553.748
36.073	554.740
36.083	555.738
36.093	556.860
36.103	557.454
36.113	558.429
36.123	558.881
36.133	558.834
36.143	558.936
36.153	559.007
36.163	558.830
36.173	558.619
36.183	557.782
36.193	556.667
36.203	555.373
36.213	554.700
36.223	553.700
36.233	552.978
36.243	552.683
36.253	552.526
36.263	552.370
36.273	552.520
36.283	552.807
36.293	553.565
36.303	554.951
36.313	555.881
36.323	557.369
36.333	558.415
36.343	558.767
36.353	558.868
36.363	559.014
36.373	558.706
36.383	557.725
36.393	557.218
36.403	556.068
36.413	555.032
36.423	554.656
36.433	554.382
36.443	554.606
36.453	554.677
36.463	554.767
36.473	554.729
36.483	554.502
36.493	554.328
36.503	552.743
36.513	557.051
36.523	578.118
36.533	581.193
36.543	585.274
36.553	588.733
36.563	590.425
36.573	590.894
36.583	591.122
36.593	591.037
36.603	590.941
36.613	590.109
36.623	588.913
36.633	586.793
36.643	585.350
36.653	582.704
36.663	580.639
36.673	580.154
36.683	579.999
36.693	580.299
36.703	580.620
36.713	580.684
36.723	581.183
36.733	581.582
36.743	581.915
36.753	582.206
36.763	582.976
36.773	583.745
36.783	584.157
36.793	585.101
36.803	586.057
36.813	586.483
36.823	586.487
36.833	586.064
36.843	585.376
36.853	584.453
36.863	583.451
36.873	582.076
36.883	581.607
36.893	580.340
36.903	560.731
36.913	557.630
36.923	558.368
36.933	558.800
36.943	558.806
36.953	558.368
36.963	557.991
36.973	556.770
36.983	555.391
36.993	554.027
37.003	553.297
37.013	552.407
37.023	551.837
37.033	551.515
37.043	551.751
37.053	552.315
37.063	553.315
37.073	554.121
37.083	555.722
37.093	557.001
37.103	558.623
37.113	559.032
37.123	559.429
37.133	559.799
37.143	559.945
37.153	559.616
37.163	559.077
37.173	558.367
37.183	557.748
37.193	556.448
37.203	554.776
37.213	553.028
37.223	552.271
37.233	551.035
37.243	550.156
37.253	549.869
37.263	549.704
37.273	550.251
37.283	551.275
37.293	552.025
37.303	553.337
37.313	554.881
37.323	555.548
37.333	556.704
37.343	557.401
37.353	557.787
37.363	557.776
37.373	557.470
37.383	556.673
37.393	555.459
37.403	554.903
37.413	553.407
37.423	551.417
37.433	550.531
37.443	548.786
37.453	547.987
37.463	547.964
37.473	548.198
37.483	549.362
37.493	550.603
37.503	551.242
37.513	552.243
37.523	552.045
37.533	551.065
37.543	550.644
37.553	549.731
37.563	548.835
37.573	542.645
37.583	535.343
37.593	500.469
37.603	479.720
37.613	483.751
37.623	486.564
37.633	488.132
37.643	488.327
37.653	488.226
37.663	488.055
37.673	488.025
37.683	488.102
37.693	488.426
37.703	488.724
37.713	488.888
37.723	488.876
37.733	489.131
37.743	489.212
37.753	489.204
37.763	489.135
37.773	489.045
37.783	489.024
37.793	488.726
37.803	488.284
37.813	487.601
37.823	486.837
37.833	486.361
37.843	485.279
37.853	484.417
37.863	484.149
37.873	483.640
37.883	483.402
37.893	483.552
37.903	483.936
37.913	484.992
37.923	485.883
37.933	486.663
37.943	487.336
37.953	488.507
37.963	489.947
37.973	490.701
37.983	492.151
37.993	493.907
38.003	494.218
38.013	492.599
38.023	490.281
38.033	490.189
38.043	490.391
38.053	490.207
38.063	488.988
38.073	487.908
38.083	487.195
38.093	486.246
38.103	485.577
38.113	485.174
38.123	485.096
38.133	484.806
38.143	485.227
38.153	485.369
38.163	486.333
38.173	487.172
38.183	488.417
38.193	489.124
38.203	490.358
38.213	491.524
38.223	492.055
38.233	492.243
38.243	492.321
38.253	491.907
38.263	491.560
38.273	490.577
38.283	489.357
38.293	487.912
38.303	487.126
38.313	485.770
38.323	484.832
38.333	484.610
38.343	484.483
38.353	485.264
38.363	486.672
38.373	487.675
38.383	489.208
38.393	490.659
38.403	491.511
38.413	491.991
38.423	492.028
38.433	492.000
38.443	491.686
38.453	491.148
38.463	490.381
38.473	489.609
38.483	489.219
38.493	488.617
38.503	488.304
38.513	488.303
38.523	488.183
38.533	488.219
38.543	488.489
38.553	488.727
38.563	488.972
38.573	489.161
38.583	488.960
38.593	488.920
38.603	488.699
38.613	488.666
38.623	488.881
38.633	489.928
38.643	491.650
38.653	494.568
38.663	505.014
38.673	543.655
38.683	552.519
38.693	554.369
38.703	557.111
38.713	558.551
38.723	559.800
38.733	560.228
38.743	560.957
38.753	560.906
38.763	560.495
38.773	559.984
38.783	558.883
38.793	557.810
38.803	557.383
38.813	556.378
38.823	555.708
38.833	555.717
38.843	556.003
38.853	556.513
38.863	557.513
38.873	558.053
38.883	559.148
38.893	560.150
38.903	560.875
38.913	561.292
38.923	561.635
38.933	561.871
38.943	561.707
38.953	561.585
38.963	561.236
38.973	560.570
38.983	560.063
38.993	559.045
39.003	557.684
39.013	555.987
39.023	555.085
39.033	553.428
39.043	552.452
39.053	552.085
39.063	551.772
39.073	551.875
39.083	552.534
39.093	552.954
39.103	553.961
39.113	553.342
39.123	554.204
39.133	555.598
39.143	558.147
39.153	559.984
39.163	561.040
39.173	562.798
39.183	562.591
39.193	562.162
39.203	561.953
39.213	560.694
39.223	559.709
39.233	559.066
39.243	557.585
39.253	556.002
39.263	554.599
39.273	554.126
39.283	553.329
39.293	553.138
39.303	553.581
39.313	554.038
39.323	555.317
39.333	556.821
39.343	557.680
39.353	559.392
39.363	561.032
39.373	562.507
39.383	563.036
39.393	563.561
39.403	563.256
39.413	562.432
39.423	561.820
39.433	560.103
39.443	558.026
39.453	556.870
39.463	554.680
39.473	553.391
39.483	552.661
39.493	552.484
39.503	552.699
39.513	553.385
39.523	553.767
39.533	555.142
39.543	557.120
39.553	560.055
39.563	561.405
39.573	563.143
39.583	563.984
39.593	563.672
39.603	563.230
39.613	561.966
39.623	560.201
39.633	559.391
39.643	557.670
39.653	556.318
39.663	555.501
39.673	555.236
39.683	554.723
39.693	554.809
39.703	555.055
39.713	556.088
39.723	557.747
39.733	559.599
39.743	560.447
39.753	561.466
39.763	561.959
39.773	562.221
39.783	562.297
39.793	562.125
39.803	561.975
39.813	562.107
39.823	562.216
39.833	562.649
39.843	562.813
39.853	562.465
39.863	562.548
39.873	563.948
39.883	579.560
39.893	581.346
39.903	581.328
39.913	583.979
39.923	585.673
39.933	588.328
39.943	589.426
39.953	589.770
39.963	589.676
39.973	589.193
39.983	588.436
39.993	587.884
40.003	586.939
40.013	586.105
40.023	585.374
40.033	585.209
40.043	585.223
40.053	584.965
40.063	584.787
40.073	584.594
40.083	584.476
40.093	584.344
40.103	584.347
40.113	584.419
40.123	584.509
40.133	584.663
40.143	584.723
40.153	585.049
40.163	585.242
40.173	585.291
40.183	585.626
40.193	585.917
40.203	586.270
40.213	586.618
40.223	587.187
40.233	587.568
40.243	588.174
40.253	601.990
40.263	602.762
40.273	593.468
40.283	597.764
40.293	609.584
40.303	624.081
40.313	640.365
40.323	644.256
40.333	651.890
40.343	658.791
40.353	659.593
40.363	660.863
40.373	661.981
40.383	662.362
40.393	662.535
40.403	662.293
40.413	662.012
40.423	661.508
40.433	660.903
40.443	660.248
40.453	659.651
40.463	659.273
40.473	658.540
40.483	657.317
40.493	655.859
40.503	654.917
40.513	653.284
40.523	652.221
40.533	651.618
40.543	650.343
40.553	649.622
40.563	650.129
40.573	650.659
40.583	651.555
40.593	652.949
40.603	654.826
40.613	655.797
40.623	657.456
40.633	657.606
40.643	657.673
40.653	657.484
40.663	657.297
40.673	657.026
40.683	656.889
40.693	656.537
40.703	656.248
40.713	655.920
40.723	654.535
40.733	652.482
40.743	650.363
40.753	649.076
40.763	647.572
40.773	648.623
40.783	650.201
40.793	650.742
40.803	651.603
40.813	652.612
40.823	653.129
40.833	653.456
40.843	653.161
40.853	653.972
40.863	654.229
40.873	655.115
40.883	656.087
40.893	656.276
40.903	657.135
40.913	657.242
40.923	657.285
40.933	657.411
40.943	657.396
40.953	656.308
40.963	655.758
40.973	654.676
40.983	652.026
40.993	646.120
41.003	681.638
41.013	722.064
41.023	729.652
41.033	731.269
41.043	731.776
41.053	732.830
41.063	733.585
41.073	733.723
41.083	732.598
41.093	730.384
41.103	728.941
41.113	728.607
41.123	727.955
41.133	727.261
41.143	727.381
41.153	727.886
41.163	729.862
41.173	731.888
41.183	732.907
41.193	734.738
41.203	736.054
41.213	735.875
41.223	735.561
41.233	735.071
41.243	734.214
41.253	733.541
41.263	731.661
41.273	730.081
41.283	729.643
41.293	729.648
41.303	729.510
41.313	729.760
41.323	730.841
41.333	731.577
41.343	732.894
41.353	733.969
41.363	734.468
41.373	734.768
41.383	734.532
41.393	734.759
41.403	734.953
41.413	735.156
41.423	734.967
41.433	735.179
41.443	0.000
41.453	0.000
41.463	0.000
41.473	0.000
41.483	553.464
41.493	554.107
41.503	554.519
41.513	554.714
41.523	554.828
41.533	554.950
41.543	554.911
41.553	555.158
41.563	555.604
41.573	556.098
41.583	556.100
41.593	556.659
41.603	557.342
41.613	557.851
41.623	558.285
41.633	558.920
41.643	559.559
41.653	559.768
41.663	560.397
41.673	560.795
41.683	561.235
41.693	561.465
41.703	561.588
41.713	561.705
41.723	561.686
41.733	561.292
41.743	560.697
41.753	560.053
41.763	559.702
41.773	558.334
41.783	556.637
41.793	555.593
41.803	553.272
41.813	551.674
41.823	550.511
41.833	549.914
41.843	549.297
41.853	549.513
41.863	550.225
41.873	550.770
41.883	552.498
41.893	554.388
41.903	555.150
41.913	556.593
41.923	557.999
41.933	559.130
41.943	559.418
41.953	559.636
41.963	559.614
41.973	559.052
41.983	558.587
41.993	556.715
42.003	554.568
42.013	553.347
42.023	551.066
42.033	549.478
42.043	548.358
42.053	547.816
42.063	546.996
42.073	546.742
42.083	546.948
42.093	547.527
42.103	548.385
42.113	550.112
42.123	551.369
42.133	553.990
42.143	555.640
42.153	556.699
42.163	556.987
42.173	557.419
42.183	556.914
42.193	556.675
42.203	556.303
42.213	556.185
42.223	555.854
42.233	555.769
42.243	555.225
42.253	554.219
42.263	553.065
42.273	549.512
42.283	0.000
42.293	476.864
42.303	478.754
42.313	487.888
42.323	490.311
42.333	490.298
42.343	490.893
42.353	490.718
42.363	490.651
42.373	490.646
42.383	490.544
42.393	490.530
42.403	490.811
42.413	490.801
42.423	491.048
42.433	490.991
42.443	491.021
42.453	490.651
42.463	490.138
42.473	489.722
42.483	489.587
42.493	489.136
42.503	488.728
42.513	488.434
42.523	488.102
42.533	488.135
42.543	488.318
42.553	488.806
42.563	489.466
42.573	490.381
42.583	491.068
42.593	491.222
42.603	491.697
42.613	491.854
42.623	491.942
42.633	492.068
42.643	492.181
42.653	491.833
42.663	491.792
42.673	491.473
42.683	491.321
42.693	491.216
42.703	491.234
42.713	491.148
42.723	491.132
42.733	491.141
42.743	491.201
42.753	491.320
42.763	491.782
42.773	491.908
42.783	492.134
42.793	492.059
42.803	491.946
42.813	491.926
42.823	491.943
42.833	491.626
42.843	491.721
42.853	491.644
42.863	491.749
42.873	491.709
42.883	491.807
42.893	491.341
42.903	491.443
42.913	491.427
42.923	491.011
42.933	490.209
42.943	489.710
42.953	489.463
42.963	488.943
42.973	489.299
42.983	489.829
42.993	491.491
43.003	491.702
43.013	0.000
43.023	449.588
43.033	435.285
43.043	434.884
43.053	435.375
43.063	435.825
43.073	436.356
43.083	437.091
43.093	437.421
43.103	438.125
43.113	438.487
43.123	439.109
43.133	439.233
43.143	439.432
43.153	439.431
43.163	439.300
43.173	439.340
43.183	439.130
43.193	438.619
43.203	438.315
43.213	438.012
43.223	437.820
43.233	437.620
43.243	437.534
43.253	437.133
43.263	436.458
43.273	436.179
43.283	435.603
43.293	435.057
43.303	434.707
43.313	434.343
43.323	433.899
43.333	433.499
43.343	433.355
43.353	433.399
43.363	433.064
43.373	432.866
43.383	433.032
43.393	433.233
43.403	433.326
43.413	433.393
43.423	433.583
43.433	433.865
43.443	433.906
43.453	433.853
43.463	434.033
43.473	434.310
43.483	434.438
43.493	434.446
43.503	434.439
43.513	434.532
43.523	434.688
43.533	434.786
43.543	434.977
43.553	434.927
43.563	434.821
43.573	434.296
43.583	433.835
43.593	433.502
43.603	433.131
43.613	432.702
43.623	432.441
43.633	432.256
43.643	432.054
43.653	432.204
43.663	432.573
43.673	432.735
43.683	433.319
43.693	434.368
43.703	435.353
43.713	435.897
43.723	437.032
43.733	437.870
43.743	438.346
43.753	439.170
43.763	439.782
43.773	440.171
43.783	440.393
43.793	440.410
43.803	439.651
43.813	439.345
43.823	438.917
43.833	438.468
43.843	438.166
43.853	438.058
43.863	437.689
43.873	437.377
43.883	437.097
43.893	436.991
43.903	436.945
43.913	437.133
43.923	437.180
43.933	437.433
43.943	437.792
43.953	438.161
43.963	438.340
43.973	438.820
43.983	439.263
43.993	439.442
44.003	439.895
44.013	440.714
44.023	441.027
44.033	440.830
44.043	440.594
44.053	440.637
44.063	440.361
44.073	440.203
44.083	439.442
44.093	439.012
44.103	438.752
44.113	438.394
44.123	438.142
44.133	437.954
44.143	437.921
44.153	437.556
44.163	436.973
44.173	436.793
44.183	436.682
44.193	436.725
44.203	437.074
44.213	437.188
44.223	437.631
44.233	437.816
44.243	438.147
44.253	438.350
44.263	438.891
44.273	439.371
44.283	439.648
44.293	440.234
44.303	441.097
44.313	441.623
44.323	441.278
44.333	440.694
44.343	440.244
44.353	440.024
44.363	439.102
44.373	438.507
44.383	438.548
44.393	438.527
44.403	438.093
44.413	437.949
44.423	437.880
44.433	437.590
44.443	437.172
44.453	436.783
44.463	436.615
44.473	436.493
44.483	436.198
44.493	436.540
44.503	436.570
44.513	436.849
44.523	437.609
44.533	437.958
44.543	437.938
44.553	438.134
44.563	438.629
44.573	438.821
44.583	439.194
44.593	439.943
44.603	440.909
44.613	441.482
44.623	441.085
44.633	440.522
44.643	440.519
44.653	440.419
44.663	439.949
44.673	440.022
44.683	440.405
44.693	440.005
44.703	439.329
44.713	439.085
44.723	438.763
44.733	439.078
44.743	438.842
44.753	438.779
44.763	438.288
44.773	437.859
44.783	437.634
44.793	437.629
44.803	437.540
44.813	437.833
44.823	438.144
44.833	438.710
44.843	438.918
44.853	438.961
44.863	439.219
44.873	439.427
44.883	440.303
44.893	441.398
44.903	441.709
44.913	441.567
44.923	441.455
44.933	441.449
44.943	440.540
44.953	440.259
44.963	439.326
44.973	439.002
44.983	439.188
44.993	438.473
45.003	438.385
45.013	438.548
45.023	438.365
45.033	438.318
45.043	438.866
45.053	438.582
45.063	438.138
45.073	437.970
45.083	437.711
45.093	436.975
45.103	436.942
45.113	436.909
45.123	440.649
45.133	0.000
45.143	0.000
45.153	0.000
45.163	0.000
45.173	0.000
45.183	0.000
45.193	0.000
45.203	0.000
45.213	0.000
45.223	0.000
45.233	0.000
45.243	0.000
45.253	0.000
45.263	0.000
45.273	0.000
45.283	0.000
45.293	0.000
45.303	0.000
45.313	0.000
45.323	0.000
45.333	0.000
45.343	0.000
45.353	0.000
45.363	0.000
45.373	0.000
45.383	0.000
45.393	0.000
45.403	0.000
45.413	0.000
45.423	0.000
45.433	0.000
45.443	0.000
45.453	0.000
45.463	0.000
45.473	0.000
45.483	0.000
45.493	0.000
45.503	0.000
45.513	0.000
45.523	0.000
45.533	0.000
45.543	0.000
45.553	0.000
45.563	0.000
45.573	0.000
45.583	0.000
45.593	0.000
45.603	0.000
45.613	0.000
45.623	0.000
45.633	0.000
45.643	0.000
45.653	0.000
45.663	0.000
45.673	0.000
45.683	0.000
45.693	0.000
45.703	0.000
45.713	0.000
45.723	0.000
45.733	0.000
45.743	0.000
45.753	0.000
45.763	0.000
45.773	0.000
45.783	0.000
45.793	0.000
45.803	0.000
45.813	0.000
45.823	0.000
45.833	0.000
45.843	0.000
45.853	0.000
45.863	0.000
45.873	0.000
45.883	0.000
45.893	0.000
45.903	0.000
45.913	0.000
45.923	0.000
45.933	0.000
45.943	0.000
45.953	0.000
45.963	0.000
45.973	0.000
45.983	0.000
45.993	0.000
46.003	0.000
46.013	0.000
46.023	0.000
46.033	0.000
46.043	0.000
