0.023	0.000
0.033	0.000
0.043	0.000
0.053	0.000
0.063	0.000
0.073	0.000
0.083	0.000
0.093	0.000
0.103	0.000
0.113	0.000
0.123	0.000
0.133	0.000
0.143	0.000
0.153	0.000
0.163	0.000
0.173	0.000
0.183	0.000
0.193	0.000
0.203	0.000
0.213	0.000
0.223	0.000
0.233	0.000
0.243	0.000
0.253	0.000
0.263	0.000
0.273	0.000
0.283	0.000
0.293	0.000
0.303	0.000
0.313	0.000
0.323	0.000
0.333	0.000
0.343	0.000
0.353	0.000
0.363	0.000
0.373	0.000
0.383	0.000
0.393	0.000
0.403	0.000
0.413	0.000
0.423	0.000
0.433	0.000
0.443	0.000
0.453	0.000
0.463	0.000
0.473	0.000
0.483	0.000
0.493	0.000
0.503	0.000
0.513	0.000
0.523	0.000
0.533	0.000
0.543	0.000
0.553	0.000
0.563	0.000
0.573	0.000
0.583	0.000
0.593	0.000
0.603	0.000
0.613	0.000
0.623	0.000
0.633	0.000
0.643	0.000
0.653	0.000
0.663	0.000
0.673	0.000
0.683	0.000
0.693	0.000
0.703	0.000
0.713	0.000
0.723	0.000
0.733	0.000
0.743	0.000
0.753	0.000
0.763	0.000
0.773	0.000
0.783	0.000
0.793	0.000
0.803	0.000
0.813	0.000
0.823	0.000
0.833	0.000
0.843	0.000
0.853	0.000
0.863	0.000
0.873	0.000
0.883	0.000
0.893	0.000
0.903	0.000
0.913	0.000
0.923	0.000
0.933	0.000
0.943	0.000
0.953	0.000
0.963	0.000
0.973	0.000
0.983	0.000
0.993	0.000
1.003	0.000
1.013	0.000
1.023	0.000
1.033	0.000
1.043	0.000
1.053	0.000
1.063	0.000
1.073	0.000
1.083	0.000
1.093	0.000
1.103	0.000
1.113	0.000
1.123	0.000
1.133	0.000
1.143	0.000
1.153	0.000
1.163	0.000
1.173	0.000
1.183	0.000
1.193	0.000
1.203	0.000
1.213	0.000
1.223	0.000
1.233	0.000
1.243	0.000
1.253	0.000
1.263	0.000
1.273	0.000
1.283	0.000
1.293	0.000
1.303	0.000
1.313	0.000
1.323	0.000
1.333	0.000
1.343	0.000
1.353	0.000
1.363	0.000
1.373	0.000
1.383	0.000
1.393	0.000
1.403	0.000
1.413	0.000
1.423	0.000
1.433	0.000
1.443	0.000
1.453	0.000
1.463	0.000
1.473	0.000
1.483	0.000
1.493	0.000
1.503	0.000
1.513	0.000
1.523	0.000
1.533	0.000
1.543	0.000
1.553	0.000
1.563	0.000
1.573	0.000
1.583	0.000
1.593	0.000
1.603	0.000
1.613	0.000
1.623	0.000
1.633	0.000
1.643	0.000
1.653	0.000
1.663	0.000
1.673	0.000
1.683	0.000
1.693	0.000
1.703	0.000
1.713	0.000
1.723	0.000
1.733	0.000
1.743	0.000
1.753	0.000
1.763	0.000
1.773	0.000
1.783	0.000
1.793	0.000
1.803	0.000
1.813	0.000
1.823	0.000
1.833	0.000
1.843	0.000
1.853	0.000
1.863	0.000
1.873	0.000
1.883	0.000
1.893	0.000
1.903	0.000
1.913	0.000
1.923	0.000
1.933	0.000
1.943	0.000
1.953	0.000
1.963	0.000
1.973	0.000
1.983	0.000
1.993	0.000
2.003	0.000
2.013	0.000
2.023	0.000
2.033	0.000
2.043	0.000
2.053	0.000
2.063	0.000
2.073	0.000
2.083	0.000
2.093	0.000
2.103	0.000
2.113	0.000
2.123	0.000
2.133	0.000
2.143	0.000
2.153	0.000
2.163	0.000
2.173	0.000
2.183	0.000
2.193	0.000
2.203	0.000
2.213	0.000
2.223	0.000
2.233	0.000
2.243	0.000
2.253	0.000
2.263	0.000
2.273	0.000
2.283	0.000
2.293	0.000
2.303	0.000
2.313	0.000
2.323	0.000
2.333	0.000
2.343	0.000
2.353	0.000
2.363	0.000
2.373	0.000
2.383	0.000
2.393	0.000
2.403	0.000
2.413	0.000
2.423	0.000
2.433	0.000
2.443	0.000
2.453	0.000
2.463	0.000
2.473	0.000
2.483	0.000
2.493	0.000
2.503	0.000
2.513	0.000
2.523	0.000
2.533	0.000
2.543	0.000
2.553	0.000
2.563	0.000
2.573	0.000
2.583	0.000
2.593	0.000
2.603	0.000
2.613	0.000
2.623	0.000
2.633	0.000
2.643	0.000
2.653	0.000
2.663	0.000
2.673	0.000
2.683	0.000
2.693	0.000
2.703	0.000
2.713	0.000
2.723	0.000
2.733	0.000
2.743	0.000
2.753	0.000
2.763	0.000
2.773	0.000
2.783	0.000
2.793	0.000
2.803	244.024
2.813	244.187
2.823	245.079
2.833	244.940
2.843	244.241
2.853	243.850
2.863	243.669
2.873	244.192
2.883	244.405
2.893	244.439
2.903	244.336
2.913	244.147
2.923	243.880
2.933	243.740
2.943	243.384
2.953	242.867
2.963	242.556
2.973	242.191
2.983	241.985
2.993	241.843
3.003	241.831
3.013	241.968
3.023	242.435
3.033	242.704
3.043	243.215
3.053	243.719
3.063	244.294
3.073	244.636
3.083	245.212
3.093	245.706
3.103	246.011
3.113	246.058
3.123	246.122
3.133	246.115
3.143	246.038
3.153	245.944
3.163	245.644
3.173	245.374
3.183	245.278
3.193	245.184
3.203	245.150
3.213	245.400
3.223	245.411
3.233	245.882
3.243	246.536
3.253	246.239
3.263	0.000
3.273	0.000
3.283	0.000
3.293	0.000
3.303	0.000
3.313	0.000
3.323	0.000
3.333	0.000
3.343	0.000
3.353	244.034
3.363	246.183
3.373	247.355
3.383	247.078
3.393	246.872
3.403	246.233
3.413	245.679
3.423	245.060
3.433	244.807
3.443	244.160
3.453	243.745
3.463	243.445
3.473	243.328
3.483	243.147
3.493	243.068
3.503	243.171
3.513	243.431
3.523	243.784
3.533	244.245
3.543	244.436
3.553	244.964
3.563	245.277
3.573	245.623
3.583	245.716
3.593	245.900
3.603	245.908
3.613	245.837
3.623	245.554
3.633	245.432
3.643	245.421
3.653	245.436
3.663	245.333
3.673	244.650
3.683	244.344
3.693	243.975
3.703	244.260
3.713	244.183
3.723	244.393
3.733	244.812
3.743	244.953
3.753	245.664
3.763	245.499
3.773	245.616
3.783	245.339
3.793	244.808
3.803	245.981
3.813	246.593
3.823	246.116
3.833	246.342
3.843	249.135
3.853	252.224
3.863	250.881
3.873	256.570
3.883	0.000
3.893	243.960
3.903	244.856
3.913	245.122
3.923	245.480
3.933	245.783
3.943	245.737
3.953	245.764
3.963	245.480
3.973	245.393
3.983	244.969
3.993	244.562
4.003	244.325
4.013	244.142
4.023	244.052
4.033	244.261
4.043	244.539
4.053	245.146
4.063	245.884
4.073	246.290
4.083	246.598
4.093	246.981
4.103	247.338
4.113	247.472
4.123	247.436
4.133	247.333
4.143	247.119
4.153	246.806
4.163	246.234
4.173	245.679
4.183	245.092
4.193	244.761
4.203	244.265
4.213	243.777
4.223	243.600
4.233	243.291
4.243	243.041
4.253	243.001
4.263	243.053
4.273	243.210
4.283	243.527
4.293	244.189
4.303	244.607
4.313	245.447
4.323	246.073
4.333	246.330
4.343	246.455
4.353	246.399
4.363	246.109
4.373	245.854
4.383	245.281
4.393	244.576
4.403	244.167
4.413	243.538
4.423	243.080
4.433	242.492
4.443	242.178
4.453	242.241
4.463	243.000
4.473	243.743
4.483	244.156
4.493	244.741
4.503	245.383
4.513	245.680
4.523	246.040
4.533	246.094
4.543	246.047
4.553	245.879
4.563	245.566
4.573	245.231
4.583	245.103
4.593	244.925
4.603	244.890
4.613	244.906
4.623	244.958
4.633	245.063
4.643	245.307
4.653	245.135
4.663	245.464
4.673	245.693
4.683	246.075
4.693	247.632
4.703	0.000
4.713	0.000
4.723	285.420
4.733	288.233
4.743	289.747
4.753	290.849
4.763	290.777
4.773	290.689
4.783	290.796
4.793	291.253
4.803	291.329
4.813	291.663
4.823	291.850
4.833	291.805
4.843	291.764
4.853	291.659
4.863	291.442
4.873	291.231
4.883	290.941
4.893	290.965
4.903	291.240
4.913	291.389
4.923	290.734
4.933	289.842
4.943	288.202
4.953	288.070
4.963	289.325
4.973	289.303
4.983	289.015
4.993	288.906
5.003	290.974
5.013	292.620
5.023	292.915
5.033	293.469
5.043	293.416
5.053	293.199
5.063	292.889
5.073	292.434
5.083	291.594
5.093	291.214
5.103	290.660
5.113	290.323
5.123	290.236
5.133	290.250
5.143	290.562
5.153	291.120
5.163	291.258
5.173	291.598
5.183	291.911
5.193	292.327
5.203	292.541
5.213	292.970
5.223	293.414
5.233	293.592
5.243	293.873
5.253	293.870
5.263	293.373
5.273	293.135
5.283	292.807
5.293	292.538
5.303	292.077
5.313	291.864
5.323	291.684
5.333	291.421
5.343	291.327
5.353	291.182
5.363	291.196
5.373	291.331
5.383	291.428
5.393	291.016
5.403	290.596
5.413	290.810
5.423	289.667
5.433	284.467
5.443	285.053
5.453	285.313
5.463	0.000
5.473	0.000
5.483	0.000
5.493	0.000
5.503	0.000
5.513	0.000
5.523	0.000
5.533	0.000
5.543	0.000
5.553	0.000
5.563	0.000
5.573	0.000
5.583	0.000
5.593	0.000
5.603	384.901
5.613	387.545
5.623	389.230
5.633	389.842
5.643	389.962
5.653	388.859
5.663	388.245
5.673	388.146
5.683	388.333
5.693	388.817
5.703	389.223
5.713	390.631
5.723	393.828
5.733	395.431
5.743	395.889
5.753	396.528
5.763	396.826
5.773	396.773
5.783	396.552
5.793	396.116
5.803	395.517
5.813	395.134
5.823	394.381
5.833	393.585
5.843	392.809
5.853	392.408
5.863	391.432
5.873	391.172
5.883	391.113
5.893	391.330
5.903	392.130
5.913	393.042
5.923	393.096
5.933	392.800
5.943	392.846
5.953	392.801
5.963	392.174
5.973	391.042
5.983	390.646
5.993	390.631
6.003	390.314
6.013	390.303
6.023	390.542
6.033	392.285
6.043	399.134
6.053	406.609
6.063	405.530
6.073	403.616
6.083	401.566
6.093	398.994
6.103	393.946
6.113	393.344
6.123	394.570
6.133	398.467
6.143	390.298
6.153	386.274
6.163	389.001
6.173	388.949
6.183	389.878
6.193	391.295
6.203	393.195
6.213	393.931
6.223	394.496
6.233	394.669
6.243	394.871
6.253	395.285
6.263	395.561
6.273	395.561
6.283	395.459
6.293	395.137
6.303	394.605
6.313	393.712
6.323	393.061
6.333	390.987
6.343	388.957
6.353	388.304
6.363	387.599
6.373	387.415
6.383	387.370
6.393	387.418
6.403	387.950
6.413	388.961
6.423	389.485
6.433	391.042
6.443	392.629
6.453	393.394
6.463	393.442
6.473	393.354
6.483	392.904
6.493	392.149
6.503	391.627
6.513	390.567
6.523	389.260
6.533	388.826
6.543	388.954
6.553	389.556
6.563	390.767
6.573	391.669
6.583	392.350
6.593	391.548
6.603	390.853
6.613	390.464
6.623	392.113
6.633	390.991
6.643	389.869
6.653	388.940
6.663	387.158
6.673	372.451
6.683	371.569
6.693	372.228
6.703	372.311
6.713	371.901
6.723	371.697
6.733	371.366
6.743	370.988
6.753	370.832
6.763	370.245
6.773	369.791
6.783	369.648
6.793	369.233
6.803	368.814
6.813	368.279
6.823	368.042
6.833	367.882
6.843	368.136
6.853	368.620
6.863	368.901
6.873	369.599
6.883	370.435
6.893	371.000
6.903	372.285
6.913	373.168
6.923	373.277
6.933	373.398
6.943	373.161
6.953	372.449
6.963	372.034
6.973	371.026
6.983	370.123
6.993	369.224
7.003	368.761
7.013	368.178
7.023	367.927
7.033	367.940
7.043	368.123
7.053	368.543
7.063	369.192
7.073	369.543
7.083	370.289
7.093	371.149
7.103	372.099
7.113	372.304
7.123	372.036
7.133	371.630
7.143	371.507
7.153	370.760
7.163	370.705
7.173	371.138
7.183	371.476
7.193	378.249
7.203	389.076
7.213	394.669
7.223	393.219
7.233	389.715
7.243	387.239
7.253	387.024
7.263	388.985
7.273	392.362
7.283	394.969
7.293	395.200
7.303	394.904
7.313	394.723
7.323	394.533
7.333	394.362
7.343	393.665
7.353	392.439
7.363	391.713
7.373	390.097
7.383	388.628
7.393	387.649
7.403	387.493
7.413	387.230
7.423	386.724
7.433	386.603
7.443	386.870
7.453	387.684
7.463	389.070
7.473	389.881
7.483	391.613
7.493	393.509
7.503	394.084
7.513	393.925
7.523	393.392
7.533	392.822
7.543	392.547
7.553	391.957
7.563	391.079
7.573	390.054
7.583	389.431
7.593	388.234
7.603	387.785
7.613	387.723
7.623	387.403
7.633	387.201
7.643	387.316
7.653	387.443
7.663	387.833
7.673	388.256
7.683	388.666
7.693	388.734
7.703	388.333
7.713	387.137
7.723	386.958
7.733	386.816
7.743	382.490
7.753	374.745
7.763	373.689
7.773	373.459
7.783	373.657
7.793	373.617
7.803	373.068
7.813	372.046
7.823	371.085
7.833	370.748
7.843	370.142
7.853	369.490
7.863	368.652
7.873	368.223
7.883	367.779
7.893	367.746
7.903	367.805
7.913	367.816
7.923	368.044
7.933	368.508
7.943	368.797
7.953	369.350
7.963	370.067
7.973	370.401
7.983	371.147
7.993	371.689
8.003	371.689
8.013	371.456
8.023	370.827
8.033	369.895
8.043	369.078
8.053	368.782
8.063	368.223
8.073	367.591
8.083	367.212
8.093	366.452
8.103	365.891
8.113	365.782
8.123	365.941
8.133	366.338
8.143	366.844
8.153	367.089
8.163	367.562
8.173	367.864
8.183	368.031
8.193	367.965
8.203	367.778
8.213	367.260
8.223	366.695
8.233	366.327
8.243	365.789
8.253	365.387
8.263	0.000
8.273	0.000
8.283	324.352
8.293	327.744
8.303	328.506
8.313	328.450
8.323	328.787
8.333	329.169
8.343	329.376
8.353	329.340
8.363	329.303
8.373	329.344
8.383	329.322
8.393	329.499
8.403	329.613
8.413	329.637
8.423	329.598
8.433	329.735
8.443	329.743
8.453	329.715
8.463	329.529
8.473	329.492
8.483	329.458
8.493	329.549
8.503	329.561
8.513	329.562
8.523	329.483
8.533	329.456
8.543	329.574
8.553	329.686
8.563	329.664
8.573	329.677
8.583	329.774
8.593	329.835
8.603	329.853
8.613	329.782
8.623	329.784
8.633	329.680
8.643	329.502
8.653	329.259
8.663	329.128
8.673	328.999
8.683	328.843
8.693	328.600
8.703	328.531
8.713	328.365
8.723	328.207
8.733	328.018
8.743	328.098
8.753	327.871
8.763	0.000
8.773	0.000
8.783	429.460
8.793	441.979
8.803	439.596
8.813	440.552
8.823	441.142
8.833	442.526
8.843	443.495
8.853	444.767
8.863	445.556
8.873	446.156
8.883	446.286
8.893	445.675
8.903	444.575
8.913	444.010
8.923	443.183
8.933	442.028
8.943	440.675
8.953	439.983
8.963	439.127
8.973	439.063
8.983	439.069
8.993	438.473
9.003	438.605
9.013	438.723
9.023	438.748
9.033	438.750
9.043	438.711
9.053	438.680
9.063	438.786
9.073	438.946
9.083	439.152
9.093	439.323
9.103	439.495
9.113	439.824
9.123	439.943
9.133	440.068
9.143	439.980
9.153	439.770
9.163	439.791
9.173	439.342
9.183	438.837
9.193	438.681
9.203	438.457
9.213	438.750
9.223	438.530
9.233	437.807
9.243	437.499
9.253	436.949
9.263	435.944
9.273	435.527
9.283	435.205
9.293	435.694
9.303	436.895
9.313	434.545
9.323	431.404
9.333	417.036
9.343	405.656
9.353	398.426
9.363	396.062
9.373	395.237
9.383	394.576
9.393	393.707
9.403	392.370
9.413	391.445
9.423	390.776
9.433	389.152
9.443	387.792
9.453	387.466
9.463	386.798
9.473	385.979
9.483	384.824
9.493	384.299
9.503	383.595
9.513	383.060
9.523	383.155
9.533	383.600
9.543	384.400
9.553	385.388
9.563	386.149
9.573	387.306
9.583	388.680
9.593	389.781
9.603	390.113
9.613	390.637
9.623	390.547
9.633	390.055
9.643	389.419
9.653	389.116
9.663	388.909
9.673	388.895
9.683	389.055
9.693	389.709
9.703	390.147
9.713	390.852
9.723	391.189
9.733	391.221
9.743	391.047
9.753	390.011
9.763	387.771
9.773	386.944
9.783	386.424
9.793	385.642
9.803	385.287
9.813	385.752
9.823	385.634
9.833	380.677
9.843	374.881
9.853	374.176
9.863	373.132
9.873	372.421
9.883	371.730
9.893	371.582
9.903	371.443
9.913	371.415
9.923	371.351
9.933	370.565
9.943	369.624
9.953	369.030
9.963	368.888
9.973	368.803
9.983	368.533
9.993	368.253
10.003	368.134
10.013	368.478
10.023	368.828
10.033	368.996
10.043	369.291
10.053	369.726
10.063	370.336
10.073	370.754
10.083	371.581
10.093	372.067
10.103	371.962
10.113	371.967
10.123	371.715
10.133	371.180
10.143	370.881
10.153	370.229
10.163	369.476
10.173	369.151
10.183	368.708
10.193	368.508
10.203	368.633
10.213	368.871
10.223	369.277
10.233	369.693
10.243	370.021
10.253	370.180
10.263	370.492
10.273	370.705
10.283	370.875
10.293	371.419
10.303	372.231
10.313	373.881
10.323	375.121
10.333	371.205
10.343	377.839
10.353	383.269
10.363	388.819
10.373	391.659
10.383	393.223
10.393	393.668
10.403	394.007
10.413	393.575
10.423	393.356
10.433	393.393
10.443	393.851
10.453	394.147
10.463	394.104
10.473	393.960
10.483	393.379
10.493	392.480
10.503	392.196
10.513	391.004
10.523	390.051
10.533	389.797
10.543	389.137
10.553	388.671
10.563	388.287
10.573	387.771
10.583	386.858
10.593	385.886
10.603	384.725
10.613	384.302
10.623	384.134
10.633	384.330
10.643	384.410
10.653	384.895
10.663	385.845
10.673	386.844
10.683	387.325
10.693	388.481
10.703	389.775
10.713	390.313
10.723	391.401
10.733	391.855
10.743	391.757
10.753	391.532
10.763	390.811
10.773	389.623
10.783	388.673
10.793	388.378
10.803	387.880
10.813	387.025
10.823	386.491
10.833	385.565
10.843	384.572
10.853	384.191
10.863	384.115
10.873	384.289
10.883	384.684
10.893	385.031
10.903	385.730
10.913	386.434
10.923	387.841
10.933	388.717
10.943	390.559
10.953	390.777
10.963	390.076
10.973	389.595
10.983	388.780
10.993	388.234
11.003	387.843
11.013	387.282
11.023	386.209
11.033	385.071
11.043	384.563
11.053	384.242
11.063	384.290
11.073	384.461
11.083	384.894
11.093	385.457
11.103	386.142
11.113	386.640
11.123	387.124
11.133	388.208
11.143	388.898
11.153	388.945
11.163	388.610
11.173	388.131
11.183	387.635
11.193	385.100
11.203	383.381
11.213	382.633
11.223	382.922
11.233	383.310
11.243	384.191
11.253	386.391
11.263	386.404
11.273	387.193
11.283	388.410
11.293	391.961
11.303	404.679
11.313	0.000
11.323	0.000
11.333	0.000
11.343	0.000
11.353	0.000
11.363	0.000
11.373	0.000
11.383	0.000
11.393	0.000
11.403	0.000
11.413	0.000
11.423	0.000
11.433	0.000
11.443	0.000
11.453	0.000
11.463	0.000
11.473	0.000
11.483	0.000
11.493	0.000
11.503	247.965
11.513	246.263
11.523	245.958
11.533	245.586
11.543	245.344
11.553	245.162
11.563	245.054
11.573	244.862
11.583	244.915
11.593	244.644
11.603	244.386
11.613	244.266
11.623	244.275
11.633	244.415
11.643	244.811
11.653	245.001
11.663	245.387
11.673	245.777
11.683	246.202
11.693	246.418
11.703	246.814
11.713	247.193
11.723	247.288
11.733	247.324
11.743	247.280
11.753	246.998
11.763	246.853
11.773	246.356
11.783	245.869
11.793	245.355
11.803	245.121
11.813	244.656
11.823	244.194
11.833	243.988
11.843	243.558
11.853	243.191
11.863	243.089
11.873	243.072
11.883	243.211
11.893	243.554
11.903	243.625
11.913	244.065
11.923	244.450
11.933	244.697
11.943	245.001
11.953	245.681
11.963	246.533
11.973	247.303
11.983	247.686
11.993	247.534
12.003	246.639
12.013	247.004
12.023	247.659
12.033	246.944
12.043	246.164
12.053	245.987
12.063	245.475
12.073	244.811
12.083	244.546
12.093	243.948
12.103	243.474
12.113	242.980
12.123	242.733
12.133	242.570
12.143	242.700
12.153	242.991
12.163	243.223
12.173	243.758
12.183	244.342
12.193	244.687
12.203	245.220
12.213	245.676
12.223	245.717
12.233	245.803
12.243	245.687
12.253	245.588
12.263	245.451
12.273	245.325
12.283	245.078
12.293	244.769
12.303	244.597
12.313	244.199
12.323	243.811
12.333	243.345
12.343	243.126
12.353	242.714
12.363	242.345
12.373	242.246
12.383	242.194
12.393	242.402
12.403	242.654
12.413	242.806
12.423	243.349
12.433	244.067
12.443	244.709
12.453	244.959
12.463	245.476
12.473	245.833
12.483	245.980
12.493	246.353
12.503	246.978
12.513	247.712
12.523	248.232
12.533	247.866
12.543	246.411
12.553	246.362
12.563	246.000
12.573	245.677
12.583	245.063
12.593	244.464
12.603	242.629
12.613	243.537
12.623	244.097
12.633	244.245
12.643	243.891
12.653	243.613
12.663	243.729
12.673	243.945
12.683	244.528
12.693	244.782
12.703	244.865
12.713	244.877
12.723	245.146
12.733	245.368
12.743	245.785
12.753	246.137
12.763	246.243
12.773	246.233
12.783	246.113
12.793	245.801
12.803	245.392
12.813	245.163
12.823	244.797
12.833	244.390
12.843	244.208
12.853	243.851
12.863	243.486
12.873	243.129
12.883	242.902
12.893	242.505
12.903	242.456
12.913	242.473
12.923	243.148
12.933	243.802
12.943	244.316
12.953	244.487
12.963	245.096
12.973	245.808
12.983	246.188
12.993	246.252
13.003	246.270
13.013	246.055
13.023	245.877
13.033	245.328
13.043	244.823
13.053	244.411
13.063	244.194
13.073	243.846
13.083	243.550
13.093	243.426
13.103	243.468
13.113	243.642
13.123	244.079
13.133	244.420
13.143	245.142
13.153	245.941
13.163	246.343
13.173	246.547
13.183	246.770
13.193	246.847
13.203	246.967
13.213	246.805
13.223	246.633
13.233	246.770
13.243	247.055
13.253	248.063
13.263	249.216
13.273	249.652
13.283	249.996
13.293	248.330
13.303	0.000
13.313	0.000
13.323	0.000
13.333	0.000
13.343	244.394
13.353	245.669
13.363	249.730
13.373	253.967
13.383	255.483
13.393	258.399
13.403	259.375
13.413	259.066
13.423	258.856
13.433	258.788
13.443	258.761
13.453	258.687
13.463	258.606
13.473	258.592
13.483	258.684
13.493	258.763
13.503	258.762
13.513	258.639
13.523	258.709
13.533	258.788
13.543	258.646
13.553	257.742
13.563	256.907
13.573	254.748
13.583	253.146
13.593	251.792
13.603	251.177
13.613	250.038
13.623	249.921
13.633	248.479
13.643	247.737
13.653	247.173
13.663	246.950
13.673	246.915
13.683	246.505
13.693	246.071
13.703	245.751
13.713	245.569
13.723	245.468
13.733	245.501
13.743	245.598
13.753	245.904
13.763	246.322
13.773	246.721
13.783	246.905
13.793	247.254
13.803	247.532
13.813	247.742
13.823	247.765
13.833	247.883
13.843	247.790
13.853	247.699
13.863	247.451
13.873	247.197
13.883	246.983
13.893	246.838
13.903	246.652
13.913	246.462
13.923	246.386
13.933	246.188
13.943	246.096
13.953	246.271
13.963	246.368
13.973	246.533
13.983	246.591
13.993	246.512
14.003	246.472
14.013	246.382
14.023	246.485
14.033	246.522
14.043	246.638
14.053	246.929
14.063	247.540
14.073	247.711
14.083	0.000
14.093	0.000
14.103	0.000
14.113	0.000
14.123	386.095
14.133	389.177
14.143	389.605
14.153	390.467
14.163	390.111
14.173	389.495
14.183	388.971
14.193	388.408
14.203	388.143
14.213	388.262
14.223	388.858
14.233	389.946
14.243	390.559
14.253	390.831
14.263	390.981
14.273	390.862
14.283	390.806
14.293	390.952
14.303	391.007
14.313	391.109
14.323	391.151
14.333	391.238
14.343	391.016
14.353	390.877
14.363	390.783
14.373	390.821
14.383	390.786
14.393	390.742
14.403	390.947
14.413	391.268
14.423	391.543
14.433	391.748
14.443	391.836
14.453	392.343
14.463	392.466
14.473	392.706
14.483	392.648
14.493	392.350
14.503	392.258
14.513	391.839
14.523	391.456
14.533	391.097
14.543	390.803
14.553	390.004
14.563	389.037
14.573	388.736
14.583	388.250
14.593	387.551
14.603	388.103
14.613	388.397
14.623	387.729
14.633	387.516
14.643	388.101
14.653	388.324
14.663	388.288
14.673	388.421
14.683	388.376
14.693	388.622
14.703	389.203
14.713	390.036
14.723	390.757
14.733	392.044
14.743	393.042
14.753	393.318
14.763	393.046
14.773	392.567
14.783	392.127
14.793	391.895
14.803	391.284
14.813	390.427
14.823	390.092
14.833	389.240
14.843	388.976
14.853	388.641
14.863	388.382
14.873	387.429
14.883	386.529
14.893	385.606
14.903	385.169
14.913	384.551
14.923	384.599
14.933	384.757
14.943	385.095
14.953	385.745
14.963	386.691
14.973	387.203
14.983	388.149
14.993	388.952
15.003	389.765
15.013	390.297
15.023	391.233
15.033	392.017
15.043	392.154
15.053	391.736
15.063	390.940
15.073	389.933
15.083	389.584
15.093	389.005
15.103	388.758
15.113	388.615
15.123	387.969
15.133	386.968
15.143	385.160
15.153	384.437
15.163	383.392
15.173	382.988
15.183	382.931
15.193	383.025
15.203	383.474
15.213	384.382
15.223	384.830
15.233	386.012
15.243	387.264
15.253	388.183
15.263	388.853
15.273	390.230
15.283	391.317
15.293	391.453
15.303	390.954
15.313	390.244
15.323	389.433
15.333	388.963
15.343	388.191
15.353	387.288
15.363	386.115
15.373	385.382
15.383	384.010
15.393	383.303
15.403	383.120
15.413	383.373
15.423	383.887
15.433	384.722
15.443	385.180
15.453	386.112
15.463	387.001
15.473	387.309
15.483	387.863
15.493	387.894
15.503	388.103
15.513	388.165
15.523	388.238
15.533	388.309
15.543	388.438
15.553	388.360
15.563	388.909
15.573	389.740
15.583	389.644
15.593	387.612
15.603	386.037
15.613	384.985
15.623	384.614
15.633	386.636
15.643	387.554
15.653	385.738
15.663	376.549
15.673	372.336
15.683	372.533
15.693	372.583
15.703	372.843
15.713	371.962
15.723	370.643
15.733	370.327
15.743	369.915
15.753	369.686
15.763	369.345
15.773	368.450
15.783	367.309
15.793	367.026
15.803	367.116
15.813	367.227
15.823	367.154
15.833	367.244
15.843	368.040
15.853	368.970
15.863	369.207
15.873	369.353
15.883	369.630
15.893	369.960
15.903	370.207
15.913	370.119
15.923	369.643
15.933	368.885
15.943	368.482
15.953	367.738
15.963	367.041
15.973	366.424
15.983	366.275
15.993	366.183
16.003	366.611
16.013	366.822
16.023	367.173
16.033	367.461
16.043	367.543
16.053	367.588
16.063	367.557
16.073	367.230
16.083	366.748
16.093	366.517
16.103	365.907
16.113	365.354
16.123	365.026
16.133	364.663
16.143	363.838
16.153	362.156
16.163	0.000
16.173	324.557
16.183	325.144
16.193	325.595
16.203	326.572
16.213	327.001
16.223	327.346
16.233	327.487
16.243	327.440
16.253	327.411
16.263	326.673
16.273	326.305
16.283	326.256
16.293	326.889
16.303	327.056
16.313	327.133
16.323	327.191
16.333	327.249
16.343	327.254
16.353	327.327
16.363	327.282
16.373	327.227
16.383	327.126
16.393	327.165
16.403	327.093
16.413	327.089
16.423	327.008
16.433	326.892
16.443	326.962
16.453	327.005
16.463	327.133
16.473	327.130
16.483	327.113
16.493	327.087
16.503	327.023
16.513	326.926
16.523	326.933
16.533	327.123
16.543	327.299
16.553	327.317
16.563	327.278
16.573	327.165
16.583	327.109
16.593	327.083
16.603	326.894
16.613	326.587
16.623	326.262
16.633	326.011
16.643	326.745
16.653	0.000
16.663	0.000
16.673	365.318
16.683	367.231
16.693	368.327
16.703	368.778
16.713	369.303
16.723	369.435
16.733	369.582
16.743	369.384
16.753	369.271
16.763	368.916
16.773	368.640
16.783	368.459
16.793	368.002
16.803	367.102
16.813	366.582
16.823	365.654
16.833	365.292
16.843	365.316
16.853	365.789
16.863	366.486
16.873	367.439
16.883	367.906
16.893	369.211
16.903	369.791
16.913	370.097
16.923	370.419
16.933	370.869
16.943	370.825
16.953	370.542
16.963	369.889
16.973	369.100
16.983	368.226
16.993	367.826
17.003	366.806
17.013	365.027
17.023	363.884
17.033	362.800
17.043	362.229
17.053	362.073
17.063	362.254
17.073	363.352
17.083	364.672
17.093	365.863
17.103	366.620
17.113	368.396
17.123	369.962
17.133	370.258
17.143	370.411
17.153	370.490
17.163	370.431
17.173	370.211
17.183	369.264
17.193	368.379
17.203	367.947
17.213	366.960
17.223	365.940
17.233	365.569
17.243	365.657
17.253	366.096
17.263	366.678
17.273	367.405
17.283	367.778
17.293	368.281
17.303	368.628
17.313	368.780
17.323	368.996
17.333	369.153
17.343	369.291
17.353	369.355
17.363	369.017
17.373	367.831
17.383	366.524
17.393	0.000
17.403	0.000
17.413	280.191
17.423	282.316
17.433	288.300
17.443	291.851
17.453	293.194
17.463	293.374
17.473	293.190
17.483	293.107
17.493	293.293
17.503	293.362
17.513	293.378
17.523	293.320
17.533	293.317
17.543	293.385
17.553	293.183
17.563	292.723
17.573	292.484
17.583	292.301
17.593	292.249
17.603	292.193
17.613	292.275
17.623	292.427
17.633	292.667
17.643	292.829
17.653	292.963
17.663	292.983
17.673	293.029
17.683	292.933
17.693	292.606
17.703	291.990
17.713	291.493
17.723	290.249
17.733	289.606
17.743	289.642
17.753	290.310
17.763	292.454
17.773	293.862
17.783	294.366
17.793	294.665
17.803	294.811
17.813	294.831
17.823	294.411
17.833	293.166
17.843	292.698
17.853	292.697
17.863	293.053
17.873	293.151
17.883	292.860
17.893	292.556
17.903	292.233
17.913	291.915
17.923	291.608
17.933	291.491
17.943	291.280
17.953	291.109
17.963	291.202
17.973	291.447
17.983	291.994
17.993	292.363
18.003	292.415
18.013	292.655
18.023	293.029
18.033	293.255
18.043	293.582
18.053	293.807
18.063	293.817
18.073	293.671
18.083	293.921
18.093	293.964
18.103	294.194
18.113	294.372
18.123	294.349
18.133	293.543
18.143	292.851
18.153	291.258
18.163	290.269
18.173	290.233
18.183	290.022
18.193	286.646
18.203	278.198
18.213	278.462
18.223	278.487
18.233	278.934
18.243	279.246
18.253	279.414
18.263	279.520
18.273	279.465
18.283	279.696
18.293	279.769
18.303	279.790
18.313	279.533
18.323	279.440
18.333	279.505
18.343	279.527
18.353	279.659
18.363	279.818
18.373	280.048
18.383	280.135
18.393	280.031
18.403	279.885
18.413	279.586
18.423	279.433
18.433	279.481
18.443	279.667
18.453	280.005
18.463	280.133
18.473	280.142
18.483	280.188
18.493	280.124
18.503	280.014
18.513	279.959
18.523	279.985
18.533	279.991
18.543	280.015
18.553	279.915
18.563	279.977
18.573	279.913
18.583	279.979
18.593	279.930
18.603	279.812
18.613	279.777
18.623	279.778
18.633	279.697
18.643	279.658
18.653	279.951
18.663	281.206
18.673	283.077
18.683	283.899
18.693	284.291
18.703	284.172
18.713	283.260
18.723	286.142
18.733	292.368
18.743	292.933
18.753	293.437
18.763	294.052
18.773	294.771
18.783	295.482
18.793	295.780
18.803	295.563
18.813	295.405
18.823	295.510
18.833	295.507
18.843	295.493
18.853	295.678
18.863	295.612
18.873	295.390
18.883	295.044
18.893	294.877
18.903	294.727
18.913	294.453
18.923	294.210
18.933	293.450
18.943	293.027
18.953	292.721
18.963	292.146
18.973	291.795
18.983	291.452
18.993	291.121
19.003	290.601
19.013	290.274
19.023	289.746
19.033	289.917
19.043	290.151
19.053	290.516
19.063	290.903
19.073	291.548
19.083	291.664
19.093	292.150
19.103	292.493
19.113	292.514
19.123	292.497
19.133	292.816
19.143	292.970
19.153	293.022
19.163	293.078
19.173	292.939
19.183	292.741
19.193	292.564
19.203	291.854
19.213	290.838
19.223	290.339
19.233	289.386
19.243	288.491
19.253	286.688
19.263	285.589
19.273	284.343
19.283	283.999
19.293	284.487
19.303	284.783
19.313	286.240
19.323	288.277
19.333	289.272
19.343	290.720
19.353	292.037
19.363	292.803
19.373	292.989
19.383	293.240
19.393	293.309
19.403	293.443
19.413	293.801
19.423	294.186
19.433	294.253
19.443	294.068
19.453	293.771
19.463	293.432
19.473	293.010
19.483	292.784
19.493	292.137
19.503	291.656
19.513	291.563
19.523	291.366
19.533	291.336
19.543	290.878
19.553	291.162
19.563	291.436
19.573	291.503
19.583	291.803
19.593	291.874
19.603	292.477
19.613	291.660
19.623	291.297
19.633	291.305
19.643	291.471
19.653	291.953
19.663	292.794
19.673	293.160
19.683	292.678
19.693	293.207
19.703	292.052
19.713	291.839
19.723	292.861
19.733	293.176
19.743	292.508
19.753	292.709
19.763	292.673
19.773	292.536
19.783	291.871
19.793	292.464
19.803	292.621
19.813	291.065
19.823	290.067
19.833	290.700
19.843	291.650
19.853	293.019
19.863	290.454
19.873	290.047
19.883	290.065
19.893	291.008
19.903	290.680
19.913	291.039
19.923	291.749
19.933	292.200
19.943	292.487
19.953	292.869
19.963	293.201
19.973	293.147
19.983	293.239
19.993	293.418
20.003	293.396
20.013	293.814
20.023	293.808
20.033	293.680
20.043	293.614
20.053	293.581
20.063	293.564
20.073	293.925
20.083	294.122
20.093	293.772
20.103	293.219
20.113	292.970
20.123	292.808
20.133	292.798
20.143	292.731
20.153	293.010
20.163	293.194
20.173	293.364
20.183	291.163
20.193	290.987
20.203	291.468
20.213	291.370
20.223	291.321
20.233	291.419
20.243	291.931
20.253	291.993
20.263	291.737
20.273	294.422
20.283	292.972
20.293	295.649
20.303	300.267
20.313	297.012
20.323	291.612
20.333	291.451
20.343	291.155
20.353	290.709
20.363	291.424
20.373	292.887
20.383	292.736
20.393	293.252
20.403	295.150
20.413	295.373
20.423	292.814
20.433	291.895
20.443	291.682
20.453	291.680
20.463	291.355
20.473	290.962
20.483	291.137
20.493	291.302
20.503	291.089
20.513	290.905
20.523	290.895
20.533	291.233
20.543	291.529
20.553	291.816
20.563	292.033
20.573	292.315
20.583	292.596
20.593	292.730
20.603	293.042
20.613	293.359
20.623	293.708
20.633	293.725
20.643	294.358
20.653	294.941
20.663	295.237
20.673	295.059
20.683	294.692
20.693	294.386
20.703	294.377
20.713	294.349
20.723	294.315
20.733	294.731
20.743	294.964
20.753	294.482
20.763	294.879
20.773	296.173
20.783	296.074
20.793	293.491
20.803	292.152
20.813	291.403
20.823	290.247
20.833	290.174
20.843	289.431
20.853	289.508
20.863	292.023
20.873	294.310
20.883	293.930
20.893	293.341
20.903	293.695
20.913	294.172
20.923	294.406
20.933	294.684
20.943	294.690
20.953	294.651
20.963	294.608
20.973	294.506
20.983	294.019
20.993	293.926
21.003	293.224
21.013	292.966
21.023	292.834
21.033	292.610
21.043	292.318
21.053	292.114
21.063	292.057
21.073	292.236
21.083	292.494
21.093	292.755
21.103	292.889
21.113	293.106
21.123	293.396
21.133	293.622
21.143	293.956
21.153	294.261
21.163	294.050
21.173	294.130
21.183	294.103
21.193	294.284
21.203	294.351
21.213	293.305
21.223	294.223
21.233	293.197
21.243	290.770
21.253	290.825
21.263	292.514
21.273	292.500
21.283	292.143
21.293	0.000
21.303	0.000
21.313	0.000
21.323	0.000
21.333	0.000
21.343	402.315
21.353	403.043
21.363	402.011
21.373	399.168
21.383	397.391
21.393	397.515
21.403	396.799
21.413	396.348
21.423	396.431
21.433	396.537
21.443	396.294
21.453	395.812
21.463	395.403
21.473	394.365
21.483	393.417
21.493	392.981
21.503	392.952
21.513	393.027
21.523	393.607
21.533	394.001
21.543	394.605
21.553	395.178
21.563	395.810
21.573	396.033
21.583	396.658
21.593	397.031
21.603	397.053
21.613	396.860
21.623	396.270
21.633	395.306
21.643	394.817
21.653	393.479
21.663	392.468
21.673	391.889
21.683	391.758
21.693	391.760
21.703	392.309
21.713	392.518
21.723	392.912
21.733	393.357
21.743	393.783
21.753	393.840
21.763	393.899
21.773	393.632
21.783	393.267
21.793	392.233
21.803	391.616
21.813	391.502
21.823	391.565
21.833	392.011
21.843	394.158
21.853	401.068
21.863	409.762
21.873	429.896
21.883	435.983
21.893	437.181
21.903	437.944
21.913	439.745
21.923	441.041
21.933	442.449
21.943	442.023
21.953	442.276
21.963	442.134
21.973	442.340
21.983	442.048
21.993	441.493
22.003	441.229
22.013	440.390
22.023	439.631
22.033	438.703
22.043	438.484
22.053	438.075
22.063	438.105
22.073	438.091
22.083	438.226
22.093	438.440
22.103	438.913
22.113	439.132
22.123	439.602
22.133	440.127
22.143	440.519
22.153	441.038
22.163	441.003
22.173	440.859
22.183	440.946
22.193	440.974
22.203	441.030
22.213	441.080
22.223	441.089
22.233	441.194
22.243	441.163
22.253	441.168
22.263	441.050
22.273	441.165
22.283	441.592
22.293	441.921
22.303	440.964
22.313	437.453
22.323	435.474
22.333	436.715
22.343	432.840
22.353	411.321
22.363	404.961
22.373	398.871
22.383	396.588
22.393	394.544
22.403	394.131
22.413	392.197
22.423	391.282
22.433	390.987
22.443	390.351
22.453	389.796
22.463	389.603
22.473	389.741
22.483	390.437
22.493	391.348
22.503	391.778
22.513	392.947
22.523	394.060
22.533	394.503
22.543	394.597
22.553	395.048
22.563	395.506
22.573	395.747
22.583	395.644
22.593	395.257
22.603	394.848
22.613	394.551
22.623	393.977
22.633	393.499
22.643	393.046
22.653	392.865
22.663	392.476
22.673	392.198
22.683	392.008
22.693	392.095
22.703	391.760
22.713	391.692
22.723	391.693
22.733	391.595
22.743	391.901
22.753	392.450
22.763	392.637
22.773	392.913
22.783	393.072
22.793	393.155
22.803	393.339
22.813	393.458
22.823	393.450
22.833	393.421
22.843	393.549
22.853	394.200
22.863	394.667
22.873	393.187
22.883	391.060
22.893	391.193
22.903	391.502
22.913	391.546
22.923	390.749
22.933	390.710
22.943	390.599
22.953	390.060
22.963	389.459
22.973	389.509
22.983	389.874
22.993	390.076
23.003	390.660
23.013	391.084
23.023	391.938
23.033	392.988
23.043	393.897
23.053	394.011
23.063	393.838
23.073	393.622
23.083	393.629
23.093	393.627
23.103	393.531
23.113	393.014
23.123	392.580
23.133	391.759
23.143	391.181
23.153	390.805
23.163	389.782
23.173	389.099
23.183	389.230
23.193	389.301
23.203	389.550
23.213	389.951
23.223	390.566
23.233	390.899
23.243	391.829
23.253	392.814
23.263	393.188
23.273	393.244
23.283	393.265
23.293	393.266
23.303	393.197
23.313	393.196
23.323	393.493
23.333	393.653
23.343	393.890
23.353	393.754
23.363	392.498
23.373	391.307
23.383	387.788
23.393	384.885
23.403	383.005
23.413	381.961
23.423	378.880
23.433	377.891
23.443	378.017
23.453	376.521
23.463	375.647
23.473	374.861
23.483	374.293
23.493	373.919
23.503	372.981
23.513	372.162
23.523	370.639
23.533	369.404
23.543	368.599
23.553	368.262
23.563	368.012
23.573	367.652
23.583	367.716
23.593	368.080
23.603	369.130
23.613	369.890
23.623	370.222
23.633	371.041
23.643	371.944
23.653	371.982
23.663	371.872
23.673	371.543
23.683	370.801
23.693	370.339
23.703	369.582
23.713	369.032
23.723	368.759
23.733	368.672
23.743	368.797
23.753	369.247
23.763	370.017
23.773	370.482
23.783	371.589
23.793	372.864
23.803	373.360
23.813	373.482
23.823	373.729
23.833	373.910
23.843	374.070
23.853	374.559
23.863	376.124
23.873	375.632
23.883	0.000
23.893	0.000
23.903	0.000
23.913	0.000
23.923	0.000
23.933	0.000
23.943	0.000
23.953	0.000
23.963	0.000
23.973	0.000
23.983	0.000
23.993	0.000
24.003	0.000
24.013	0.000
24.023	0.000
24.033	0.000
24.043	0.000
24.053	0.000
24.063	0.000
24.073	0.000
24.083	0.000
24.093	0.000
24.103	0.000
24.113	0.000
24.123	0.000
24.133	0.000
24.143	294.384
24.153	294.063
24.163	293.629
24.173	293.621
24.183	293.017
24.193	293.141
24.203	293.465
24.213	293.222
24.223	292.666
24.233	293.346
24.243	293.403
24.253	293.885
24.263	293.852
24.273	294.423
24.283	294.284
24.293	292.131
24.303	290.099
24.313	290.751
24.323	290.488
24.333	289.484
24.343	289.168
24.353	288.774
24.363	290.274
24.373	291.095
24.383	290.697
24.393	291.124
24.403	291.663
24.413	291.758
24.423	291.875
24.433	292.086
24.443	291.895
24.453	291.700
24.463	291.620
24.473	291.878
24.483	291.775
24.493	291.639
24.503	291.252
24.513	291.037
24.523	291.092
24.533	291.386
24.543	291.335
24.553	291.540
24.563	291.680
24.573	291.765
24.583	292.003
24.593	292.173
24.603	292.271
24.613	292.512
24.623	292.366
24.633	292.479
24.643	292.629
24.653	292.600
24.663	292.493
24.673	292.559
24.683	292.613
24.693	292.323
24.703	292.325
24.713	291.175
24.723	290.514
24.733	290.185
24.743	290.762
24.753	292.259
24.763	291.674
24.773	291.410
24.783	291.660
24.793	291.487
24.803	292.117
24.813	292.229
24.823	292.832
24.833	291.730
24.843	287.375
24.853	286.999
24.863	288.063
24.873	290.040
24.883	290.919
24.893	292.038
24.903	292.361
24.913	292.438
24.923	292.417
24.933	292.419
24.943	292.681
24.953	292.863
24.963	292.923
24.973	292.970
24.983	292.951
24.993	293.111
25.003	293.240
25.013	293.341
25.023	293.262
25.033	293.338
25.043	293.369
25.053	293.539
25.063	293.648
25.073	293.873
25.083	294.133
25.093	294.435
25.103	294.375
25.113	294.394
25.123	294.348
25.133	294.605
25.143	294.737
25.153	294.885
25.163	295.250
25.173	295.041
25.183	293.552
25.193	291.490
25.203	290.591
25.213	291.927
25.223	292.954
25.233	0.000
25.243	0.000
25.253	0.000
25.263	0.000
25.273	0.000
25.283	0.000
25.293	0.000
25.303	0.000
25.313	0.000
25.323	0.000
25.333	388.149
25.343	386.428
25.353	387.465
25.363	389.111
25.373	389.739
25.383	389.657
25.393	389.626
25.403	389.574
25.413	389.261
25.423	388.570
25.433	388.151
25.443	387.377
25.453	386.576
25.463	386.208
25.473	385.859
25.483	386.374
25.493	387.671
25.503	388.484
25.513	390.143
25.523	391.746
25.533	392.573
25.543	393.828
25.553	393.973
25.563	393.405
25.573	392.981
25.583	392.152
25.593	391.053
25.603	389.950
25.613	389.526
25.623	388.780
25.633	388.518
25.643	388.796
25.653	389.616
25.663	390.621
25.673	391.760
25.683	392.660
25.693	394.031
25.703	394.094
25.713	393.948
25.723	394.010
25.733	394.259
25.743	394.787
25.753	395.013
25.763	395.391
25.773	395.927
25.783	398.305
25.793	403.393
25.803	420.490
25.813	426.289
25.823	426.276
25.833	439.495
25.843	443.084
25.853	444.963
25.863	445.002
25.873	444.555
25.883	444.167
25.893	444.365
25.903	445.748
25.913	445.750
25.923	444.606
25.933	443.887
25.943	443.131
25.953	442.928
25.963	443.095
25.973	443.155
25.983	443.073
25.993	442.738
26.003	442.712
26.013	442.466
26.023	442.192
26.033	441.819
26.043	441.534
26.053	441.078
26.063	440.522
26.073	440.445
26.083	440.849
26.093	441.564
26.103	441.568
26.113	441.426
26.123	440.873
26.133	440.239
26.143	439.556
26.153	439.373
26.163	439.366
26.173	440.635
26.183	441.499
26.193	441.954
26.203	441.625
26.213	441.448
26.223	441.277
26.233	440.684
26.243	438.941
26.253	437.558
26.263	430.226
26.273	428.650
26.283	431.580
26.293	432.701
26.303	435.206
26.313	413.091
26.323	400.091
26.333	397.368
26.343	394.591
26.353	393.162
26.363	392.251
26.373	391.158
26.383	389.915
26.393	389.268
26.403	389.350
26.413	389.827
26.423	390.558
26.433	390.977
26.443	392.064
26.453	393.040
26.463	393.476
26.473	393.413
26.483	393.174
26.493	393.010
26.503	392.983
26.513	392.863
26.523	392.925
26.533	392.572
26.543	392.274
26.553	391.568
26.563	390.873
26.573	389.530
26.583	388.831
26.593	387.845
26.603	387.581
26.613	386.989
26.623	386.526
26.633	386.091
26.643	386.134
26.653	386.261
26.663	386.961
26.673	387.906
26.683	388.676
26.693	389.262
26.703	390.229
26.713	391.022
26.723	391.386
26.733	392.016
26.743	392.020
26.753	391.947
26.763	392.087
26.773	392.025
26.783	390.308
26.793	389.385
26.803	388.828
26.813	386.853
26.823	384.874
26.833	385.629
26.843	387.358
26.853	388.192
26.863	388.169
26.873	388.099
26.883	388.190
26.893	388.682
26.903	388.960
26.913	389.492
26.923	390.272
26.933	391.025
26.943	391.502
26.953	392.598
26.963	393.633
26.973	393.534
26.983	393.406
26.993	393.011
27.003	392.809
27.013	392.681
27.023	391.884
27.033	390.868
27.043	389.895
27.053	389.423
27.063	388.624
27.073	388.392
27.083	388.301
27.093	388.017
27.103	387.840
27.113	387.953
27.123	388.076
27.133	388.221
27.143	388.658
27.153	389.384
27.163	389.669
27.173	389.955
27.183	390.569
27.193	391.197
27.203	392.806
27.213	393.903
27.223	393.816
27.233	393.539
27.243	392.164
27.253	389.548
27.263	388.803
27.273	387.632
27.283	386.991
27.293	385.816
27.303	385.013
27.313	382.845
27.323	380.783
27.333	379.637
27.343	378.674
27.353	375.975
27.363	374.247
27.373	373.689
27.383	372.715
27.393	372.708
27.403	372.137
27.413	371.825
27.423	370.563
27.433	369.542
27.443	369.245
27.453	369.111
27.463	369.250
27.473	369.460
27.483	369.615
27.493	370.416
27.503	371.550
27.513	372.890
27.523	373.292
27.533	373.594
27.543	373.400
27.553	373.183
27.563	372.436
27.573	371.625
27.583	370.743
27.593	370.367
27.603	369.669
27.613	369.439
27.623	369.448
27.633	369.512
27.643	369.703
27.653	370.167
27.663	370.540
27.673	371.545
27.683	378.194
27.693	0.000
27.703	0.000
27.713	0.000
27.723	0.000
27.733	0.000
27.743	0.000
27.753	0.000
27.763	0.000
27.773	0.000
27.783	0.000
27.793	515.175
27.803	522.381
27.813	523.638
27.823	526.415
27.833	527.888
27.843	528.174
27.853	528.653
27.863	529.201
27.873	529.596
27.883	529.492
27.893	529.187
27.903	528.824
27.913	528.837
27.923	528.589
27.933	528.046
27.943	527.410
27.953	527.088
27.963	526.528
27.973	525.737
27.983	524.824
27.993	524.397
28.003	523.177
28.013	522.051
28.023	521.600
28.033	521.024
28.043	520.748
28.053	520.702
28.063	520.730
28.073	521.022
28.083	521.613
28.093	522.090
28.103	523.320
28.113	524.635
28.123	525.130
28.133	525.113
28.143	525.452
28.153	526.481
28.163	528.079
28.173	528.828
28.183	527.978
28.193	528.192
28.203	528.707
28.213	528.393
28.223	525.279
28.233	0.000
28.243	0.000
28.253	0.000
28.263	490.649
28.273	498.953
28.283	511.285
28.293	516.329
28.303	518.705
28.313	519.070
28.323	518.924
28.333	519.141
28.343	519.848
28.353	520.438
28.363	522.147
28.373	524.231
28.383	525.199
28.393	526.425
28.403	526.945
28.413	527.435
28.423	527.643
28.433	527.473
28.443	526.140
28.453	525.262
28.463	523.492
28.473	522.091
28.483	520.864
28.493	520.305
28.503	519.303
28.513	518.504
28.523	517.939
28.533	517.853
28.543	517.945
28.553	518.565
28.563	519.072
28.573	520.667
28.583	523.506
28.593	526.474
28.603	527.220
28.613	527.390
28.623	527.617
28.633	527.751
28.643	527.734
28.653	527.156
28.663	526.265
28.673	525.958
28.683	525.286
28.693	524.945
28.703	523.627
28.713	522.670
28.723	514.534
28.733	516.823
28.743	516.805
28.753	517.070
28.763	518.310
28.773	519.974
28.783	520.905
28.793	523.312
28.803	525.746
28.813	526.771
28.823	527.917
28.833	528.974
28.843	529.797
28.853	529.856
28.863	529.097
28.873	528.213
28.883	527.050
28.893	526.287
28.903	524.460
28.913	522.840
28.923	522.279
28.933	521.075
28.943	519.914
28.953	519.485
28.963	519.532
28.973	519.977
28.983	520.926
28.993	521.402
29.003	523.209
29.013	525.057
29.023	525.876
29.033	526.086
29.043	526.301
29.053	526.196
29.063	525.621
29.073	524.914
29.083	523.097
29.093	521.861
29.103	521.480
29.113	520.935
29.123	521.107
29.133	522.361
29.143	523.453
29.153	525.569
29.163	525.994
29.173	525.792
29.183	525.704
29.193	524.883
29.203	522.355
29.213	521.180
29.223	516.038
29.233	487.398
29.243	491.353
29.253	492.347
29.263	492.967
29.273	492.869
29.283	492.901
29.293	492.904
29.303	492.783
29.313	492.690
29.323	492.656
29.333	492.363
29.343	492.186
29.353	492.228
29.363	492.226
29.373	492.300
29.383	492.483
29.393	492.646
29.403	492.708
29.413	492.662
29.423	492.540
29.433	492.612
29.443	492.537
29.453	492.754
29.463	492.708
29.473	492.710
29.483	492.477
29.493	492.662
29.503	492.494
29.513	492.490
29.523	492.302
29.533	492.442
29.543	492.322
29.553	492.299
29.563	492.062
29.573	492.082
29.583	492.082
29.593	492.048
29.603	491.846
29.613	491.871
29.623	491.877
29.633	491.879
29.643	492.040
29.653	492.092
29.663	492.226
29.673	493.089
29.683	493.405
29.693	493.614
29.703	492.930
29.713	446.041
29.723	439.871
29.733	438.306
29.743	438.807
29.753	439.440
29.763	440.693
29.773	441.794
29.783	442.446
29.793	442.545
29.803	442.487
29.813	442.537
29.823	442.476
29.833	442.578
29.843	442.574
29.853	442.246
29.863	441.938
29.873	441.482
29.883	441.774
29.893	441.851
29.903	441.969
29.913	441.716
29.923	441.502
29.933	441.441
29.943	441.160
29.953	440.765
29.963	440.295
29.973	440.089
29.983	439.724
29.993	439.202
30.003	438.895
30.013	438.809
30.023	438.930
30.033	439.603
30.043	440.050
30.053	440.527
30.063	440.578
30.073	440.465
30.083	440.438
30.093	440.701
30.103	440.810
30.113	441.022
30.123	441.368
30.133	441.302
30.143	440.826
30.153	440.776
30.163	441.443
30.173	442.255
30.183	442.542
30.193	444.233
30.203	441.058
30.213	437.769
30.223	438.127
30.233	436.277
30.243	429.720
30.253	425.728
30.263	424.245
30.273	420.652
30.283	417.992
30.293	418.359
30.303	419.341
30.313	418.706
30.323	416.541
30.333	415.761
30.343	416.327
30.353	417.218
30.363	416.399
30.373	416.008
30.383	415.742
30.393	415.486
30.403	415.497
30.413	415.566
30.423	416.300
30.433	416.905
30.443	417.200
30.453	417.586
30.463	417.401
30.473	417.344
30.483	417.150
30.493	417.068
30.503	417.277
30.513	417.531
30.523	417.759
30.533	417.948
30.543	417.925
30.553	418.035
30.563	418.135
30.573	418.197
30.583	418.103
30.593	418.143
30.603	418.168
30.613	418.015
30.623	417.720
30.633	417.333
30.643	417.232
30.653	417.197
30.663	417.401
30.673	417.672
30.683	418.226
30.693	418.809
30.703	420.868
30.713	422.900
30.723	424.469
30.733	424.934
30.743	426.790
30.753	432.406
30.763	434.297
30.773	437.242
30.783	439.445
30.793	441.320
30.803	442.204
30.813	442.847
30.823	442.430
30.833	442.131
30.843	441.535
30.853	440.722
30.863	440.646
30.873	440.970
30.883	440.985
30.893	440.752
30.903	440.075
30.913	439.212
30.923	437.575
30.933	437.324
30.943	437.416
30.953	437.476
30.963	437.198
30.973	436.857
30.983	436.800
30.993	436.841
31.003	437.155
31.013	437.333
31.023	437.778
31.033	438.607
31.043	439.557
31.053	440.185
31.063	441.780
31.073	442.350
31.083	441.859
31.093	441.743
31.103	441.443
31.113	441.226
31.123	441.186
31.133	440.912
31.143	440.594
31.153	440.164
31.163	439.844
31.173	438.947
31.183	438.380
31.193	438.095
31.203	437.673
31.213	437.353
31.223	437.276
31.233	437.154
31.243	437.000
31.253	436.912
31.263	437.262
31.273	437.652
31.283	438.157
31.293	438.609
31.303	438.870
31.313	439.663
31.323	440.721
31.333	441.643
31.343	441.748
31.353	441.376
31.363	440.942
31.373	440.819
31.383	440.406
31.393	439.828
31.403	438.697
31.413	438.050
31.423	437.513
31.433	437.105
31.443	436.566
31.453	436.299
31.463	436.029
31.473	436.505
31.483	436.942
31.493	437.234
31.503	437.506
31.513	437.068
31.523	436.476
31.533	436.537
31.543	437.505
31.553	437.963
31.563	438.392
31.573	438.302
31.583	438.645
31.593	438.913
31.603	438.858
31.613	439.024
31.623	439.132
31.633	439.461
31.643	439.638
31.653	438.898
31.663	440.050
31.673	437.191
31.683	0.000
31.693	371.442
31.703	370.836
31.713	371.374
31.723	371.319
31.733	370.970
31.743	370.774
31.753	369.817
31.763	368.787
31.773	368.274
31.783	367.522
31.793	366.858
31.803	365.573
31.813	365.134
31.823	364.862
31.833	365.408
31.843	365.798
31.853	366.610
31.863	367.695
31.873	368.496
31.883	368.521
31.893	368.485
31.903	368.757
31.913	369.025
31.923	369.122
31.933	369.540
31.943	370.104
31.953	370.294
31.963	370.655
31.973	370.660
31.983	370.069
31.993	369.572
32.003	368.574
32.013	367.574
32.023	367.032
32.033	366.180
32.043	365.415
32.053	364.892
32.063	364.776
32.073	364.819
32.083	364.986
32.093	365.632
32.103	365.910
32.113	366.894
32.123	368.078
32.133	367.722
32.143	368.488
32.153	368.614
32.163	368.108
32.173	0.000
32.183	0.000
32.193	0.000
32.203	0.000
32.213	367.349
32.223	367.631
32.233	366.792
32.243	366.524
32.253	365.332
32.263	364.912
32.273	365.087
32.283	364.949
32.293	364.649
32.303	364.442
32.313	364.348
32.323	364.363
32.333	365.047
32.343	365.950
32.353	366.487
32.363	367.862
32.373	368.969
32.383	369.351
32.393	369.775
32.403	370.203
32.413	370.590
32.423	370.628
32.433	370.359
32.443	369.755
32.453	369.027
32.463	368.722
32.473	367.903
32.483	367.110
32.493	366.713
32.503	365.821
32.513	365.501
32.523	365.652
32.533	365.759
32.543	366.134
32.553	366.890
32.563	367.246
32.573	368.026
32.583	368.716
32.593	369.234
32.603	369.552
32.613	370.136
32.623	370.928
32.633	376.445
32.643	380.157
32.653	393.074
32.663	391.811
32.673	390.858
32.683	389.678
32.693	388.814
32.703	388.612
32.713	389.383
32.723	390.224
32.733	390.950
32.743	391.343
32.753	391.875
32.763	392.132
32.773	392.531
32.783	392.861
32.793	392.091
32.803	390.809
32.813	390.095
32.823	389.871
32.833	389.649
32.843	389.258
32.853	389.063
32.863	388.883
32.873	388.389
32.883	387.948
32.893	387.650
32.903	387.076
32.913	386.469
32.923	385.953
32.933	386.207
32.943	385.099
32.953	385.130
32.963	384.986
32.973	385.148
32.983	386.037
32.993	386.686
33.003	387.030
33.013	388.146
33.023	389.049
33.033	389.473
33.043	390.148
33.053	390.900
33.063	390.393
33.073	390.014
33.083	389.295
33.093	388.087
33.103	387.774
33.113	387.168
33.123	385.925
33.133	385.009
33.143	384.757
33.153	384.904
33.163	385.204
33.173	385.322
33.183	385.477
33.193	385.900
33.203	386.056
33.213	386.113
33.223	385.981
33.233	386.261
33.243	387.193
33.253	387.692
33.263	388.273
33.273	388.707
33.283	388.833
33.293	388.396
33.303	386.718
33.313	385.408
33.323	385.508
33.333	389.639
33.343	389.575
33.353	389.281
33.363	388.500
33.373	388.319
33.383	391.061
33.393	391.675
33.403	0.000
33.413	0.000
33.423	0.000
33.433	292.416
33.443	293.006
33.453	293.617
33.463	293.738
33.473	293.247
33.483	293.385
33.493	293.469
33.503	293.539
33.513	293.360
33.523	293.266
33.533	293.343
33.543	293.467
33.553	293.388
33.563	293.268
33.573	293.347
33.583	293.309
33.593	293.186
33.603	292.822
33.613	292.810
33.623	292.772
33.633	293.199
33.643	292.742
33.653	292.117
33.663	291.811
33.673	292.275
33.683	292.121
33.693	292.385
33.703	292.849
33.713	293.041
33.723	293.084
33.733	293.284
33.743	293.378
33.753	293.303
33.763	293.382
33.773	293.406
33.783	293.470
33.793	293.501
33.803	293.491
33.813	293.591
33.823	293.517
33.833	293.527
33.843	293.335
33.853	293.559
33.863	293.443
33.873	293.464
33.883	293.460
33.893	293.392
33.903	293.242
33.913	293.207
33.923	293.045
33.933	292.915
33.943	293.107
33.953	293.281
33.963	293.086
33.973	293.165
33.983	293.095
33.993	292.842
34.003	293.062
34.013	293.209
34.023	292.957
34.033	292.804
34.043	292.794
34.053	291.086
34.063	0.000
34.073	0.000
34.083	0.000
34.093	0.000
34.103	0.000
34.113	0.000
34.123	368.331
34.133	369.750
34.143	370.473
34.153	370.584
34.163	370.860
34.173	371.083
34.183	370.751
34.193	370.448
34.203	369.762
34.213	369.129
34.223	368.659
34.233	367.525
34.243	366.302
34.253	365.940
34.263	366.098
34.273	366.953
34.283	368.054
34.293	368.767
34.303	369.097
34.313	369.615
34.323	370.268
34.333	370.744
34.343	372.011
34.353	372.455
34.363	372.180
34.373	372.002
34.383	371.259
34.393	370.420
34.403	369.952
34.413	368.838
34.423	367.701
34.433	366.636
34.443	366.126
34.453	365.341
34.463	365.510
34.473	366.402
34.483	367.028
34.493	367.909
34.503	368.112
34.513	367.637
34.523	365.600
34.533	364.023
34.543	0.000
34.553	0.000
34.563	0.000
34.573	291.003
34.583	291.694
34.593	292.231
34.603	292.897
34.613	292.935
34.623	292.763
34.633	292.530
34.643	292.389
34.653	292.409
34.663	292.543
34.673	292.850
34.683	292.931
34.693	292.957
34.703	292.934
34.713	292.874
34.723	292.981
34.733	292.889
34.743	292.894
34.753	292.954
34.763	292.966
34.773	292.899
34.783	293.032
34.793	292.904
34.803	292.938
34.813	292.975
34.823	292.946
34.833	292.840
34.843	292.912
34.853	292.834
34.863	292.903
34.873	292.932
34.883	292.957
34.893	292.851
34.903	292.867
34.913	292.872
34.923	292.794
34.933	292.917
34.943	292.916
34.953	292.874
34.963	292.843
34.973	292.903
34.983	292.960
34.993	292.940
35.003	292.843
35.013	292.934
35.023	292.928
35.033	292.893
35.043	292.943
35.053	293.004
35.063	292.841
35.073	292.876
35.083	292.906
35.093	292.842
35.103	292.827
35.113	292.846
35.123	292.771
35.133	292.862
35.143	292.731
35.153	292.666
35.163	292.752
35.173	292.785
35.183	292.693
35.193	292.721
35.203	292.745
35.213	292.778
35.223	292.801
35.233	292.888
35.243	292.790
35.253	292.544
35.263	292.460
35.273	292.632
35.283	292.650
35.293	292.560
35.303	292.617
35.313	292.646
35.323	292.591
35.333	292.623
35.343	292.615
35.353	292.593
35.363	292.719
35.373	292.478
35.383	292.225
35.393	292.123
35.403	292.381
35.413	292.324
35.423	292.158
35.433	292.205
35.443	292.185
35.453	292.061
35.463	292.033
35.473	292.510
35.483	292.044
35.493	291.829
35.503	292.833
35.513	292.871
35.523	292.245
35.533	292.321
35.543	292.845
35.553	292.888
35.563	293.866
35.573	0.000
35.583	525.560
35.593	527.382
35.603	529.669
35.613	529.755
35.623	529.337
35.633	529.106
35.643	528.635
35.653	527.883
35.663	526.496
35.673	525.730
35.683	523.409
35.693	521.475
35.703	520.774
35.713	519.504
35.723	519.095
35.733	519.310
35.743	519.575
35.753	520.102
35.763	521.463
35.773	522.272
35.783	524.786
35.793	527.576
35.803	528.714
35.813	529.348
35.823	530.558
35.833	531.180
35.843	530.928
35.853	530.579
35.863	529.619
35.873	528.330
35.883	527.544
35.893	525.504
35.903	522.691
35.913	520.813
35.923	520.309
35.933	519.353
35.943	518.743
35.953	518.625
35.963	518.731
35.973	519.049
35.983	519.874
35.993	520.569
36.003	522.277
36.013	525.091
36.023	527.142
36.033	527.536
36.043	528.190
36.053	529.090
36.063	529.509
36.073	529.661
36.083	528.863
36.093	527.627
36.103	526.911
36.113	525.044
36.123	522.883
36.133	522.027
36.143	520.780
36.153	519.882
36.163	519.381
36.173	519.367
36.183	519.717
36.193	520.230
36.203	520.566
36.213	520.834
36.223	521.305
36.233	522.145
36.243	522.882
36.253	0.000
36.263	0.000
36.273	0.000
36.283	0.000
36.293	0.000
36.303	0.000
36.313	0.000
36.323	0.000
36.333	520.118
36.343	520.863
36.353	521.547
36.363	521.332
36.373	520.007
36.383	518.689
36.393	518.346
36.403	517.972
36.413	517.964
36.423	517.975
36.433	518.107
36.443	518.509
36.453	519.267
36.463	519.701
36.473	520.766
36.483	522.853
36.493	524.231
36.503	525.853
36.513	526.422
36.523	527.357
36.533	527.513
36.543	527.490
36.553	527.117
36.563	526.982
36.573	525.594
36.583	520.890
36.593	520.832
36.603	520.843
36.613	520.986
36.623	520.922
36.633	520.877
36.643	520.835
36.653	520.961
36.663	521.355
36.673	521.727
36.683	522.395
36.693	523.865
36.703	525.586
36.713	526.137
36.723	526.755
36.733	527.646
36.743	528.285
36.753	528.232
36.763	527.047
36.773	525.195
36.783	524.283
36.793	522.495
36.803	521.401
36.813	520.420
36.823	519.993
36.833	519.306
36.843	518.851
36.853	518.654
36.863	518.687
36.873	518.859
36.883	519.382
36.893	519.885
36.903	521.233
36.913	523.320
36.923	525.873
36.933	526.488
36.943	526.601
36.953	526.613
36.963	526.651
36.973	527.482
36.983	528.038
36.993	527.607
37.003	527.025
37.013	525.656
37.023	525.026
37.033	524.212
37.043	523.252
37.053	520.648
37.063	512.393
37.073	492.639
37.083	492.263
37.093	494.580
37.103	494.939
37.113	495.126
37.123	495.307
37.133	495.375
37.143	495.403
37.153	495.413
37.163	495.242
37.173	494.852
37.183	494.590
37.193	493.996
37.203	493.080
37.213	491.765
37.223	490.935
37.233	489.751
37.243	488.779
37.253	488.521
37.263	488.299
37.273	488.924
37.283	490.379
37.293	491.021
37.303	492.382
37.313	493.142
37.323	493.514
37.333	493.846
37.343	493.903
37.353	493.593
37.363	493.353
37.373	492.781
37.383	492.426
37.393	492.041
37.403	491.960
37.413	491.717
37.423	491.579
37.433	491.656
37.443	491.607
37.453	491.722
37.463	491.535
37.473	491.470
37.483	490.951
37.493	490.658
37.503	490.815
37.513	490.840
37.523	491.030
37.533	492.526
37.543	492.665
37.553	495.195
37.563	0.000
37.573	442.529
37.583	440.822
37.593	439.991
37.603	439.852
37.613	439.739
37.623	439.542
37.633	439.820
37.643	440.189
37.653	439.977
37.663	439.958
37.673	439.780
37.683	439.932
37.693	439.767
37.703	439.813
37.713	440.237
37.723	440.434
37.733	441.021
37.743	441.380
37.753	441.534
37.763	441.266
37.773	440.864
37.783	440.092
37.793	439.797
37.803	439.513
37.813	439.071
37.823	438.784
37.833	438.883
37.843	439.011
37.853	439.135
37.863	439.127
37.873	439.487
37.883	439.612
37.893	439.411
37.903	439.335
37.913	439.402
37.923	439.892
37.933	440.231
37.943	440.301
37.953	440.171
37.963	439.859
37.973	439.414
37.983	438.371
37.993	437.721
38.003	437.865
38.013	438.132
38.023	438.274
38.033	436.761
38.043	432.904
38.053	432.694
38.063	431.643
38.073	432.596
38.083	432.771
38.093	428.819
38.103	425.195
38.113	424.676
38.123	424.174
38.133	423.238
38.143	421.488
38.153	420.573
38.163	419.018
38.173	419.213
38.183	418.355
38.193	416.724
38.203	414.257
38.213	414.280
38.223	413.982
38.233	413.175
38.243	412.800
38.253	413.979
38.263	414.514
38.273	414.971
38.283	416.181
38.293	417.087
38.303	417.431
38.313	417.494
38.323	417.064
38.333	416.973
38.343	416.269
38.353	415.504
38.363	414.954
38.373	414.744
38.383	414.627
38.393	414.144
38.403	413.711
38.413	413.595
38.423	413.417
38.433	413.303
38.443	413.232
38.453	413.128
38.463	413.427
38.473	413.570
38.483	413.437
38.493	413.235
38.503	413.024
38.513	412.876
38.523	413.472
38.533	415.522
38.543	419.785
38.553	421.590
38.563	424.726
38.573	425.373
38.583	425.601
38.593	428.546
38.603	432.775
38.613	433.463
38.623	433.041
38.633	434.524
38.643	435.785
38.653	436.604
38.663	436.869
38.673	436.982
38.683	437.066
38.693	437.056
38.703	437.011
38.713	436.968
38.723	436.801
38.733	436.901
38.743	436.774
38.753	436.764
38.763	436.733
38.773	436.834
38.783	436.660
38.793	436.511
38.803	436.451
38.813	435.927
38.823	435.687
38.833	435.339
38.843	434.960
38.853	434.604
38.863	434.241
38.873	434.067
38.883	434.011
38.893	434.324
38.903	434.588
38.913	435.097
38.923	436.161
38.933	437.669
38.943	439.160
38.953	440.095
38.963	441.998
38.973	442.522
38.983	442.547
38.993	442.314
39.003	442.128
39.013	441.836
39.023	441.693
39.033	441.409
39.043	440.921
39.053	440.475
39.063	439.294
39.073	437.840
39.083	436.645
39.093	436.611
39.103	436.852
39.113	436.960
39.123	436.909
39.133	437.095
39.143	437.664
39.153	438.393
39.163	438.886
39.173	439.771
39.183	440.774
39.193	441.556
39.203	441.564
39.213	441.336
39.223	441.162
39.233	441.146
39.243	441.033
39.253	440.809
39.263	440.332
39.273	440.110
39.283	439.689
39.293	439.245
39.303	439.244
39.313	439.237
39.323	439.014
39.333	438.657
39.343	438.592
39.353	438.553
39.363	438.497
39.373	438.266
39.383	438.576
39.393	439.270
39.403	439.692
39.413	439.647
39.423	439.369
39.433	438.354
39.443	438.231
39.453	438.240
39.463	439.984
39.473	441.506
39.483	440.071
39.493	439.900
39.503	438.614
39.513	0.000
39.523	0.000
39.533	0.000
39.543	0.000
39.553	374.201
39.563	374.549
39.573	374.757
39.583	375.162
39.593	375.157
39.603	375.008
39.613	373.856
39.623	372.687
39.633	371.938
39.643	370.874
39.653	369.953
39.663	369.459
39.673	369.233
39.683	369.061
39.693	369.146
39.703	369.286
39.713	369.731
39.723	370.297
39.733	370.964
39.743	371.339
39.753	372.267
39.763	373.312
39.773	374.099
39.783	374.252
39.793	374.553
39.803	374.628
39.813	374.546
39.823	374.344
39.833	373.857
39.843	373.345
39.853	372.867
39.863	371.974
39.873	371.054
39.883	370.623
39.893	369.832
39.903	369.201
39.913	368.770
39.923	368.538
39.933	368.212
39.943	368.112
39.953	368.307
39.963	368.414
39.973	368.866
39.983	369.256
39.993	369.559
40.003	370.018
40.013	371.213
40.023	0.000
40.033	0.000
40.043	0.000
40.053	0.000
40.063	0.000
40.073	0.000
40.083	0.000
40.093	0.000
40.103	0.000
40.113	370.636
40.123	371.903
40.133	371.670
40.143	371.247
40.153	370.007
40.163	368.965
40.173	368.603
40.183	368.191
40.193	368.088
40.203	368.130
40.213	368.236
40.223	368.414
40.233	368.799
40.243	369.047
40.253	369.817
40.263	370.764
40.273	371.841
40.283	372.400
40.293	373.283
40.303	373.901
40.313	373.914
40.323	373.899
40.333	373.351
40.343	372.627
40.353	372.132
40.363	371.238
40.373	370.448
40.383	369.840
40.393	369.589
40.403	369.250
40.413	369.381
40.423	369.557
40.433	370.137
40.443	370.908
40.453	371.736
40.463	372.120
40.473	373.040
40.483	373.473
40.493	373.514
40.503	373.718
40.513	373.532
40.523	372.672
40.533	373.301
40.543	373.132
40.553	374.704
40.563	376.606
40.573	376.480
40.583	377.952
40.593	0.000
40.603	0.000
40.613	0.000
40.623	0.000
40.633	372.339
40.643	373.850
40.653	380.187
40.663	388.261
40.673	391.745
40.683	392.713
40.693	394.405
40.703	394.935
40.713	394.829
40.723	394.821
40.733	394.947
40.743	395.022
40.753	394.899
40.763	394.629
40.773	394.238
40.783	393.711
40.793	393.359
40.803	392.262
40.813	390.413
40.823	389.539
40.833	388.168
40.843	387.290
40.853	386.847
40.863	386.495
40.873	386.159
40.883	386.525
40.893	386.938
40.903	387.753
40.913	388.340
40.923	388.697
40.933	388.973
40.943	389.363
40.953	389.763
40.963	390.325
40.973	390.690
40.983	391.419
40.993	391.886
41.003	392.015
41.013	391.784
41.023	391.265
41.033	390.978
41.043	390.720
41.053	390.044
41.063	388.923
41.073	388.306
41.083	387.203
41.093	385.880
41.103	384.462
41.113	383.699
41.123	382.999
41.133	383.275
41.143	384.058
41.153	384.523
41.163	385.131
41.173	386.044
41.183	386.652
41.193	387.896
41.203	388.841
41.213	389.413
41.223	389.320
41.233	389.161
41.243	389.334
41.253	389.191
41.263	388.836
41.273	388.401
41.283	387.903
41.293	387.596
41.303	386.870
41.313	386.883
41.323	387.052
41.333	387.292
41.343	387.877
41.353	388.361
41.363	388.763
41.373	389.074
41.383	388.838
41.393	388.039
41.403	388.216
41.413	391.578
41.423	397.110
41.433	405.690
41.443	0.000
41.453	0.000
41.463	0.000
41.473	0.000
41.483	0.000
41.493	0.000
41.503	0.000
41.513	0.000
41.523	289.135
41.533	294.539
41.543	294.918
41.553	295.589
41.563	295.581
41.573	295.044
41.583	294.650
41.593	294.192
41.603	294.480
41.613	294.564
41.623	294.605
41.633	294.476
41.643	294.191
41.653	294.050
41.663	293.787
41.673	293.749
41.683	293.699
41.693	293.702
41.703	293.652
41.713	293.649
41.723	293.628
41.733	293.525
41.743	293.348
41.753	293.178
41.763	293.197
41.773	292.987
41.783	292.983
41.793	293.081
41.803	292.199
41.813	292.332
41.823	292.684
41.833	292.562
41.843	291.717
41.853	0.000
41.863	0.000
41.873	0.000
41.883	0.000
41.893	0.000
41.903	283.056
41.913	287.113
41.923	290.222
41.933	291.296
41.943	291.516
41.953	291.900
41.963	291.956
41.973	292.046
41.983	292.077
41.993	292.103
42.003	292.290
42.013	292.274
42.023	292.200
42.033	292.122
42.043	292.155
42.053	292.043
42.063	291.795
42.073	291.466
42.083	291.204
42.093	290.825
42.103	290.906
42.113	290.997
42.123	290.983
42.133	290.911
42.143	290.787
42.153	290.572
42.163	290.534
42.173	290.457
42.183	290.461
42.193	290.518
42.203	290.653
42.213	290.765
42.223	291.066
42.233	291.370
42.243	291.584
42.253	291.867
42.263	292.099
42.273	292.093
42.283	291.723
42.293	291.471
42.303	291.293
42.313	290.977
42.323	290.656
42.333	290.397
42.343	290.377
42.353	290.338
42.363	290.439
42.373	290.562
42.383	290.783
42.393	290.973
42.403	290.741
42.413	290.898
42.423	290.713
42.433	291.154
42.443	291.612
42.453	290.533
42.463	290.478
42.473	291.576
42.483	291.746
42.493	291.965
42.503	0.000
42.513	0.000
42.523	0.000
42.533	0.000
42.543	0.000
42.553	0.000
42.563	0.000
42.573	0.000
42.583	0.000
42.593	0.000
42.603	365.964
42.613	367.815
42.623	368.077
42.633	368.547
42.643	368.698
42.653	368.449
42.663	368.089
42.673	367.461
42.683	366.322
42.693	365.598
42.703	365.514
42.713	365.879
42.723	366.298
42.733	366.525
42.743	367.093
42.753	367.868
42.763	368.419
42.773	368.383
42.783	368.816
42.793	369.274
42.803	369.508
42.813	370.144
42.823	370.813
42.833	371.360
42.843	371.389
42.853	371.094
42.863	370.599
42.873	370.082
42.883	369.628
42.893	368.921
42.903	368.403
42.913	368.216
42.923	367.832
42.933	367.538
42.943	367.418
42.953	367.517
42.963	367.851
42.973	368.497
42.983	368.896
42.993	369.979
43.003	370.928
43.013	371.739
43.023	372.065
43.033	372.416
43.043	372.149
43.053	371.699
43.063	371.308
43.073	370.570
43.083	369.638
43.093	369.320
43.103	368.618
43.113	368.392
43.123	368.320
43.133	368.273
43.143	368.473
43.153	368.637
43.163	368.827
43.173	369.226
43.183	369.558
43.193	370.633
43.203	371.031
43.213	372.004
43.223	373.150
43.233	371.259
43.243	371.219
43.253	372.061
43.263	372.966
43.273	372.338
43.283	374.009
43.293	0.000
43.303	0.000
43.313	0.000
43.323	0.000
43.333	0.000
43.343	0.000
43.353	0.000
43.363	0.000
43.373	387.708
43.383	388.473
43.393	390.754
43.403	392.596
43.413	393.731
43.423	393.838
43.433	393.404
43.443	392.988
43.453	392.927
43.463	392.766
43.473	392.514
43.483	392.255
43.493	392.288
43.503	392.065
43.513	391.993
43.523	391.959
43.533	391.932
43.543	392.022
43.553	391.980
43.563	391.987
43.573	392.052
43.583	392.196
43.593	392.231
43.603	392.210
43.613	392.490
43.623	392.475
43.633	392.437
43.643	392.380
43.653	392.535
43.663	392.364
43.673	392.398
43.683	392.137
43.693	391.716
43.703	391.042
43.713	390.551
43.723	389.387
43.733	388.603
43.743	388.208
43.753	387.595
43.763	386.742
43.773	386.151
43.783	385.968
43.793	385.528
43.803	385.559
43.813	385.637
43.823	385.642
43.833	386.008
43.843	386.717
43.853	387.331
43.863	388.532
43.873	389.351
43.883	390.636
43.893	391.291
43.903	392.289
43.913	392.776
43.923	392.952
43.933	393.148
43.943	393.012
43.953	392.661
43.963	392.510
43.973	391.377
43.983	390.573
43.993	390.492
44.003	390.032
44.013	389.129
44.023	388.520
44.033	388.314
44.043	387.715
44.053	387.112
44.063	386.313
44.073	386.176
44.083	386.425
44.093	386.726
44.103	386.936
44.113	387.575
44.123	388.371
44.133	389.135
44.143	389.462
44.153	389.905
44.163	390.580
44.173	390.698
44.183	391.052
44.193	391.082
44.203	390.948
44.213	390.849
44.223	390.660
44.233	390.294
44.243	389.668
44.253	389.561
44.263	388.975
44.273	388.439
44.283	388.088
44.293	387.476
44.303	387.045
44.313	386.611
44.323	386.417
44.333	386.538
44.343	386.521
44.353	386.419
44.363	386.722
44.373	387.333
44.383	387.893
44.393	388.106
44.403	388.552
44.413	389.264
44.423	390.095
44.433	390.258
44.443	390.670
44.453	390.955
44.463	391.071
44.473	391.584
44.483	391.822
44.493	391.491
44.503	391.501
44.513	391.518
44.523	391.293
44.533	390.853
44.543	390.705
44.553	390.566
44.563	390.213
44.573	389.854
44.583	389.476
44.593	389.510
44.603	389.507
44.613	389.384
44.623	389.308
44.633	389.402
44.643	389.782
44.653	390.353
44.663	390.992
44.673	391.515
44.683	391.714
44.693	392.022
44.703	392.541
44.713	392.495
44.723	392.412
44.733	391.886
44.743	391.810
44.753	391.986
44.763	391.904
44.773	391.755
44.783	391.294
44.793	391.154
44.803	391.047
44.813	390.417
44.823	390.186
44.833	390.015
44.843	389.785
44.853	388.770
44.863	388.542
44.873	388.419
44.883	388.375
44.893	388.281
44.903	388.351
44.913	388.751
44.923	388.502
44.933	388.414
44.943	388.451
44.953	388.924
44.963	389.751
44.973	390.181
44.983	390.937
44.993	391.731
45.003	392.372
45.013	392.567
45.023	393.586
45.033	393.677
45.043	393.843
45.053	393.283
45.063	392.946
45.073	392.466
45.083	392.281
45.093	392.160
45.103	392.247
45.113	391.615
45.123	391.153
45.133	390.940
45.143	390.851
45.153	390.957
45.163	390.776
45.173	390.655
45.183	390.947
45.193	391.004
45.203	390.597
45.213	391.228
45.223	391.670
45.233	392.024
45.243	392.924
45.253	392.848
45.263	392.793
45.273	392.605
45.283	392.757
45.293	392.883
45.303	392.926
45.313	392.806
45.323	392.933
45.333	392.915
45.343	392.912
45.353	392.096
45.363	392.206
45.373	391.718
45.383	391.382
45.393	391.420
45.403	391.347
45.413	391.335
45.423	0.000
45.433	0.000
45.443	0.000
45.453	0.000
45.463	0.000
45.473	0.000
45.483	0.000
45.493	0.000
45.503	0.000
45.513	0.000
45.523	0.000
45.533	0.000
45.543	0.000
45.553	0.000
45.563	0.000
45.573	0.000
45.583	0.000
45.593	0.000
45.603	0.000
45.613	0.000
45.623	0.000
45.633	0.000
45.643	0.000
45.653	0.000
45.663	0.000
45.673	0.000
45.683	0.000
45.693	0.000
45.703	0.000
45.713	0.000
45.723	0.000
45.733	0.000
45.743	0.000
45.753	0.000
45.763	0.000
45.773	0.000
45.783	0.000
45.793	0.000
45.803	0.000
45.813	0.000
45.823	0.000
45.833	0.000
45.843	0.000
45.853	0.000
45.863	0.000
45.873	0.000
45.883	0.000
45.893	0.000
45.903	0.000
45.913	0.000
45.923	0.000
45.933	0.000
45.943	0.000
45.953	0.000
45.963	0.000
45.973	0.000
45.983	0.000
45.993	0.000
46.003	0.000
46.013	0.000
46.023	0.000
46.033	0.000
46.043	0.000
46.053	0.000
46.063	0.000
46.073	0.000
46.083	0.000
46.093	0.000
46.103	0.000
46.113	0.000
46.123	0.000
46.133	0.000
46.143	0.000
46.153	0.000
46.163	0.000
46.173	0.000
46.183	0.000
46.193	0.000
46.203	0.000
46.213	0.000
46.223	0.000
46.233	0.000
46.243	0.000
46.253	0.000
46.263	0.000
46.273	0.000
46.283	0.000
46.293	0.000
46.303	0.000
46.313	0.000
46.323	0.000
46.333	0.000
46.343	0.000
46.353	0.000
46.363	0.000
46.373	0.000
46.383	0.000
46.393	0.000
46.403	0.000
46.413	0.000
46.423	0.000
46.433	0.000
46.443	0.000
46.453	0.000
46.463	0.000
46.473	0.000
46.483	0.000
46.493	0.000
46.503	0.000
46.513	0.000
46.523	0.000
46.533	0.000
46.543	0.000
46.553	0.000
46.563	0.000
46.573	0.000
46.583	0.000
46.593	0.000
46.603	0.000
46.613	0.000
46.623	0.000
46.633	0.000
46.643	0.000
46.653	0.000
46.663	0.000
46.673	0.000
46.683	0.000
46.693	0.000
46.703	0.000
