0.023	0.000
0.033	0.000
0.043	0.000
0.053	0.000
0.063	0.000
0.073	0.000
0.083	0.000
0.093	0.000
0.103	0.000
0.113	0.000
0.123	0.000
0.133	0.000
0.143	0.000
0.153	0.000
0.163	0.000
0.173	0.000
0.183	0.000
0.193	0.000
0.203	0.000
0.213	0.000
0.223	0.000
0.233	0.000
0.243	0.000
0.253	0.000
0.263	0.000
0.273	0.000
0.283	0.000
0.293	0.000
0.303	0.000
0.313	0.000
0.323	0.000
0.333	0.000
0.343	0.000
0.353	0.000
0.363	0.000
0.373	0.000
0.383	0.000
0.393	0.000
0.403	0.000
0.413	0.000
0.423	0.000
0.433	0.000
0.443	0.000
0.453	0.000
0.463	0.000
0.473	0.000
0.483	0.000
0.493	0.000
0.503	0.000
0.513	0.000
0.523	0.000
0.533	0.000
0.543	0.000
0.553	0.000
0.563	0.000
0.573	0.000
0.583	0.000
0.593	0.000
0.603	0.000
0.613	0.000
0.623	0.000
0.633	0.000
0.643	0.000
0.653	0.000
0.663	0.000
0.673	0.000
0.683	0.000
0.693	0.000
0.703	0.000
0.713	0.000
0.723	0.000
0.733	0.000
0.743	0.000
0.753	0.000
0.763	0.000
0.773	0.000
0.783	0.000
0.793	0.000
0.803	0.000
0.813	0.000
0.823	0.000
0.833	0.000
0.843	0.000
0.853	0.000
0.863	0.000
0.873	0.000
0.883	0.000
0.893	0.000
0.903	0.000
0.913	0.000
0.923	0.000
0.933	0.000
0.943	0.000
0.953	0.000
0.963	0.000
0.973	0.000
0.983	0.000
0.993	0.000
1.003	0.000
1.013	0.000
1.023	0.000
1.033	0.000
1.043	0.000
1.053	0.000
1.063	0.000
1.073	0.000
1.083	0.000
1.093	0.000
1.103	0.000
1.113	0.000
1.123	0.000
1.133	0.000
1.143	0.000
1.153	0.000
1.163	0.000
1.173	0.000
1.183	0.000
1.193	0.000
1.203	0.000
1.213	0.000
1.223	0.000
1.233	0.000
1.243	0.000
1.253	0.000
1.263	0.000
1.273	0.000
1.283	0.000
1.293	0.000
1.303	0.000
1.313	0.000
1.323	0.000
1.333	0.000
1.343	0.000
1.353	0.000
1.363	0.000
1.373	0.000
1.383	0.000
1.393	0.000
1.403	0.000
1.413	0.000
1.423	0.000
1.433	0.000
1.443	0.000
1.453	0.000
1.463	0.000
1.473	0.000
1.483	0.000
1.493	0.000
1.503	0.000
1.513	0.000
1.523	0.000
1.533	0.000
1.543	0.000
1.553	0.000
1.563	0.000
1.573	0.000
1.583	0.000
1.593	0.000
1.603	0.000
1.613	0.000
1.623	0.000
1.633	0.000
1.643	0.000
1.653	0.000
1.663	0.000
1.673	0.000
1.683	0.000
1.693	0.000
1.703	0.000
1.713	0.000
1.723	0.000
1.733	0.000
1.743	0.000
1.753	0.000
1.763	0.000
1.773	0.000
1.783	0.000
1.793	0.000
1.803	0.000
1.813	0.000
1.823	0.000
1.833	0.000
1.843	0.000
1.853	0.000
1.863	0.000
1.873	0.000
1.883	0.000
1.893	0.000
1.903	0.000
1.913	0.000
1.923	0.000
1.933	0.000
1.943	0.000
1.953	0.000
1.963	0.000
1.973	0.000
1.983	0.000
1.993	0.000
2.003	0.000
2.013	0.000
2.023	0.000
2.033	0.000
2.043	0.000
2.053	0.000
2.063	0.000
2.073	0.000
2.083	0.000
2.093	0.000
2.103	0.000
2.113	0.000
2.123	0.000
2.133	0.000
2.143	0.000
2.153	0.000
2.163	0.000
2.173	0.000
2.183	0.000
2.193	0.000
2.203	0.000
2.213	0.000
2.223	0.000
2.233	0.000
2.243	0.000
2.253	0.000
2.263	0.000
2.273	0.000
2.283	0.000
2.293	0.000
2.303	0.000
2.313	0.000
2.323	0.000
2.333	0.000
2.343	0.000
2.353	0.000
2.363	0.000
2.373	0.000
2.383	0.000
2.393	0.000
2.403	0.000
2.413	0.000
2.423	0.000
2.433	0.000
2.443	0.000
2.453	0.000
2.463	0.000
2.473	0.000
2.483	0.000
2.493	0.000
2.503	0.000
2.513	0.000
2.523	0.000
2.533	0.000
2.543	0.000
2.553	0.000
2.563	0.000
2.573	0.000
2.583	0.000
2.593	0.000
2.603	0.000
2.613	0.000
2.623	0.000
2.633	0.000
2.643	0.000
2.653	0.000
2.663	0.000
2.673	0.000
2.683	0.000
2.693	0.000
2.703	0.000
2.713	0.000
2.723	0.000
2.733	0.000
2.743	0.000
2.753	0.000
2.763	0.000
2.773	0.000
2.783	0.000
2.793	0.000
2.803	0.000
2.813	0.000
2.823	292.013
2.833	292.873
2.843	293.780
2.853	293.746
2.863	293.938
2.873	294.073
2.883	293.890
2.893	293.740
2.903	293.997
2.913	294.164
2.923	294.011
2.933	294.024
2.943	293.948
2.953	293.770
2.963	293.703
2.973	293.813
2.983	293.697
2.993	293.605
3.003	293.713
3.013	293.656
3.023	293.482
3.033	293.511
3.043	293.598
3.053	293.540
3.063	293.549
3.073	293.573
3.083	293.491
3.093	293.499
3.103	293.494
3.113	293.386
3.123	293.382
3.133	293.464
3.143	293.470
3.153	293.481
3.163	293.558
3.173	293.503
3.183	293.377
3.193	293.459
3.203	293.405
3.213	293.469
3.223	293.529
3.233	293.468
3.243	293.381
3.253	293.353
3.263	293.397
3.273	293.519
3.283	294.658
3.293	295.201
3.303	293.058
3.313	292.499
3.323	293.664
3.333	292.161
3.343	289.773
3.353	0.000
3.363	0.000
3.373	0.000
3.383	0.000
3.393	0.000
3.403	394.252
3.413	395.775
3.423	396.227
3.433	396.108
3.443	395.869
3.453	395.232
3.463	394.911
3.473	394.711
3.483	394.157
3.493	393.578
3.503	393.257
3.513	392.893
3.523	392.608
3.533	392.460
3.543	392.362
3.553	392.158
3.563	392.018
3.573	391.836
3.583	391.754
3.593	391.692
3.603	391.536
3.613	391.434
3.623	391.396
3.633	391.346
3.643	391.483
3.653	391.607
3.663	391.717
3.673	391.759
3.683	391.709
3.693	391.739
3.703	391.638
3.713	391.522
3.723	391.494
3.733	391.415
3.743	391.380
3.753	391.390
3.763	391.425
3.773	391.425
3.783	391.588
3.793	391.601
3.803	391.605
3.813	391.464
3.823	391.351
3.833	391.241
3.843	391.134
3.853	391.009
3.863	390.976
3.873	390.989
3.883	391.043
3.893	391.319
3.903	391.539
3.913	391.963
3.923	392.444
3.933	392.549
3.943	392.632
3.953	392.372
3.963	389.324
3.973	389.819
3.983	391.171
3.993	391.662
4.003	391.338
4.013	391.040
4.023	390.290
4.033	389.472
4.043	389.088
4.053	388.246
4.063	387.739
4.073	387.702
4.083	387.888
4.093	388.409
4.103	389.048
4.113	389.765
4.123	390.091
4.133	390.760
4.143	391.496
4.153	391.748
4.163	392.120
4.173	392.036
4.183	391.636
4.193	391.384
4.203	390.808
4.213	390.304
4.223	390.052
4.233	389.602
4.243	389.316
4.253	389.210
4.263	389.225
4.273	389.172
4.283	389.203
4.293	389.444
4.303	389.603
4.313	390.141
4.323	390.574
4.333	390.743
4.343	391.121
4.353	391.440
4.363	391.659
4.373	391.712
4.383	391.476
4.393	390.898
4.403	390.577
4.413	389.906
4.423	389.071
4.433	388.358
4.443	388.127
4.453	387.732
4.463	387.670
4.473	387.721
4.483	387.706
4.493	387.803
4.503	388.303
4.513	388.590
4.523	388.894
4.533	389.079
4.543	388.982
4.553	388.827
4.563	388.328
4.573	387.740
4.583	387.586
4.593	387.418
4.603	387.414
4.613	387.489
4.623	387.471
4.633	387.250
4.643	387.186
4.653	387.437
4.663	387.728
4.673	387.595
4.683	387.509
4.693	387.828
4.703	387.789
4.713	387.285
4.723	403.250
4.733	404.678
4.743	404.372
4.753	388.899
4.763	372.498
4.773	373.059
4.783	373.809
4.793	373.742
4.803	373.706
4.813	373.581
4.823	373.385
4.833	373.102
4.843	373.072
4.853	373.027
4.863	373.060
4.873	373.109
4.883	373.151
4.893	373.262
4.903	373.267
4.913	373.306
4.923	373.317
4.933	373.132
4.943	372.816
4.953	372.593
4.963	372.261
4.973	371.750
4.983	371.489
4.993	370.795
5.003	369.972
5.013	368.862
5.023	368.319
5.033	369.081
5.043	374.145
5.053	378.510
5.063	380.090
5.073	386.545
5.083	391.189
5.093	392.672
5.103	394.708
5.113	394.918
5.123	393.160
5.133	391.947
5.143	389.693
5.153	387.614
5.163	386.804
5.173	386.229
5.183	386.638
5.193	387.800
5.203	388.489
5.213	390.103
5.223	391.138
5.233	391.466
5.243	391.417
5.253	391.005
5.263	390.515
5.273	390.067
5.283	388.843
5.293	387.587
5.303	386.739
5.313	386.608
5.323	386.635
5.333	386.701
5.343	386.779
5.353	386.789
5.363	386.900
5.373	386.785
5.383	386.739
5.393	386.681
5.403	386.581
5.413	386.379
5.423	386.461
5.433	386.163
5.443	385.638
5.453	385.421
5.463	385.941
5.473	386.179
5.483	385.145
5.493	370.803
5.503	0.000
5.513	0.000
5.523	0.000
5.533	0.000
5.543	0.000
5.553	0.000
5.563	497.519
5.573	497.093
5.583	496.928
5.593	496.874
5.603	495.987
5.613	495.057
5.623	494.252
5.633	493.961
5.643	493.224
5.653	492.424
5.663	491.682
5.673	491.433
5.683	491.242
5.693	491.069
5.703	491.222
5.713	491.935
5.723	493.206
5.733	494.602
5.743	495.302
5.753	496.464
5.763	497.252
5.773	497.292
5.783	497.685
5.793	497.551
5.803	496.917
5.813	496.547
5.823	495.291
5.833	493.285
5.843	491.389
5.853	490.807
5.863	489.939
5.873	489.015
5.883	488.939
5.893	488.609
5.903	488.592
5.913	488.740
5.923	488.966
5.933	489.743
5.943	490.516
5.953	490.774
5.963	491.091
5.973	491.072
5.983	490.554
5.993	490.381
6.003	489.581
6.013	488.410
6.023	486.987
6.033	486.404
6.043	485.182
6.053	484.089
6.063	483.949
6.073	483.901
6.083	483.779
6.093	483.775
6.103	484.125
6.113	483.744
6.123	484.684
6.133	486.046
6.143	486.886
6.153	488.107
6.163	489.106
6.173	489.961
6.183	491.196
6.193	492.345
6.203	493.050
6.213	493.301
6.223	492.966
6.233	491.992
6.243	491.261
6.253	489.679
6.263	487.876
6.273	486.142
6.283	485.577
6.293	485.030
6.303	485.165
6.313	485.732
6.323	486.089
6.333	486.989
6.343	488.066
6.353	488.942
6.363	490.460
6.373	491.877
6.383	492.845
6.393	493.193
6.403	493.088
6.413	492.398
6.423	491.843
6.433	490.472
6.443	488.906
6.453	487.698
6.463	487.249
6.473	487.074
6.483	487.628
6.493	488.570
6.503	489.096
6.513	489.961
6.523	490.939
6.533	491.125
6.543	492.147
6.553	493.205
6.563	494.499
6.573	495.185
6.583	496.031
6.593	495.987
6.603	495.737
6.613	494.719
6.623	493.786
6.633	489.077
6.643	472.516
6.653	443.840
6.663	442.691
6.673	440.913
6.683	440.814
6.693	440.577
6.703	441.052
6.713	441.172
6.723	441.305
6.733	441.166
6.743	441.102
6.753	441.388
6.763	441.464
6.773	441.445
6.783	441.335
6.793	441.220
6.803	441.209
6.813	441.135
6.823	441.232
6.833	441.187
6.843	440.966
6.853	440.932
6.863	440.900
6.873	440.975
6.883	441.028
6.893	441.001
6.903	441.081
6.913	440.984
6.923	440.875
6.933	440.848
6.943	441.170
6.953	441.176
6.963	441.154
6.973	441.107
6.983	441.049
6.993	441.073
7.003	441.022
7.013	441.038
7.023	441.092
7.033	441.114
7.043	441.187
7.053	441.214
7.063	441.242
7.073	441.248
7.083	441.263
7.093	441.317
7.103	441.235
7.113	441.369
7.123	441.331
7.133	441.192
7.143	441.706
7.153	441.718
7.163	441.513
7.173	0.000
7.183	0.000
7.193	0.000
7.203	584.139
7.213	587.260
7.223	589.104
7.233	590.258
7.243	589.809
7.253	589.040
7.263	587.486
7.273	585.034
7.283	582.596
7.293	581.211
7.303	579.452
7.313	578.733
7.323	578.650
7.333	578.402
7.343	577.733
7.353	577.360
7.363	577.779
7.373	578.625
7.383	580.017
7.393	581.987
7.403	583.308
7.413	585.100
7.423	584.995
7.433	584.958
7.443	585.179
7.453	584.333
7.463	583.114
7.473	582.493
7.483	581.011
7.493	579.405
7.503	578.264
7.513	577.694
7.523	576.710
7.533	576.357
7.543	576.645
7.553	577.712
7.563	579.307
7.573	581.304
7.583	582.531
7.593	586.323
7.603	587.474
7.613	587.850
7.623	588.729
7.633	588.731
7.643	588.150
7.653	587.766
7.663	587.121
7.673	585.847
7.683	584.543
7.693	583.830
7.703	581.243
7.713	577.940
7.723	577.591
7.733	576.244
7.743	564.372
7.753	568.883
7.763	571.124
7.773	577.587
7.783	581.779
7.793	584.327
7.803	589.361
7.813	591.051
7.823	591.748
7.833	591.746
7.843	591.289
7.853	590.434
7.863	589.463
7.873	588.932
7.883	586.835
7.893	584.282
7.903	582.845
7.913	580.669
7.923	579.541
7.933	579.583
7.943	579.867
7.953	580.619
7.963	581.895
7.973	582.588
7.983	584.644
7.993	586.805
8.003	587.674
8.013	587.991
8.023	588.683
8.033	587.289
8.043	586.241
8.053	585.966
8.063	584.730
8.073	583.526
8.083	582.592
8.093	580.987
8.103	580.173
8.113	579.958
8.123	579.567
8.133	578.974
8.143	578.347
8.153	578.014
8.163	578.569
8.173	579.556
8.183	581.323
8.193	582.546
8.203	585.459
8.213	588.114
8.223	589.872
8.233	590.252
8.243	590.224
8.253	590.463
8.263	591.179
8.273	593.658
8.283	590.427
8.293	585.165
8.303	582.382
8.313	580.513
8.323	581.158
8.333	581.147
8.343	581.233
8.353	581.532
8.363	581.848
8.373	582.673
8.383	583.452
8.393	585.783
8.403	589.092
8.413	590.264
8.423	592.569
8.433	593.450
8.443	593.325
8.453	592.400
8.463	590.827
8.473	589.198
8.483	588.231
8.493	586.007
8.503	583.465
8.513	582.528
8.523	580.908
8.533	581.028
8.543	581.944
8.553	582.571
8.563	583.517
8.573	584.980
8.583	586.666
8.593	587.454
8.603	589.605
8.613	590.981
8.623	591.843
8.633	591.905
8.643	591.269
8.653	589.915
8.663	588.987
8.673	586.872
8.683	584.212
8.693	581.669
8.703	580.520
8.713	579.418
8.723	578.889
8.733	578.654
8.743	578.289
8.753	578.584
8.763	579.848
8.773	580.736
8.783	584.079
8.793	586.678
8.803	586.537
8.813	586.934
8.823	587.190
8.833	584.772
8.843	583.541
8.853	581.911
8.863	580.861
8.873	580.784
8.883	581.369
8.893	582.385
8.903	582.875
8.913	583.024
8.923	582.637
8.933	582.025
8.943	580.955
8.953	580.347
8.963	578.590
8.973	577.063
8.983	576.689
8.993	577.256
9.003	579.853
9.013	580.967
9.023	581.776
9.033	590.183
9.043	0.000
9.053	0.000
9.063	514.388
9.073	511.127
9.083	511.177
9.093	511.672
9.103	513.174
9.113	514.682
9.123	515.405
9.133	515.425
9.143	515.719
9.153	515.840
9.163	515.669
9.173	515.795
9.183	515.870
9.193	515.728
9.203	515.734
9.213	516.058
9.223	516.630
9.233	517.141
9.243	517.441
9.253	517.464
9.263	515.509
9.273	513.722
9.283	507.268
9.293	496.444
9.303	493.885
9.313	494.379
9.323	494.437
9.333	494.176
9.343	493.973
9.353	493.445
9.363	492.354
9.373	491.475
9.383	490.822
9.393	489.375
9.403	487.886
9.413	486.757
9.423	486.417
9.433	485.822
9.443	485.993
9.453	486.238
9.463	487.906
9.473	489.842
9.483	491.572
9.493	492.436
9.503	493.188
9.513	492.970
9.523	492.629
9.533	491.264
9.543	489.622
9.553	487.701
9.563	486.679
9.573	485.743
9.583	485.785
9.593	486.360
9.603	486.962
9.613	488.144
9.623	489.162
9.633	489.208
9.643	489.758
9.653	490.102
9.663	490.449
9.673	490.642
9.683	491.537
9.693	492.774
9.703	493.512
9.713	495.072
9.723	496.324
9.733	495.989
9.743	495.220
9.753	492.724
9.763	490.429
9.773	486.524
9.783	481.939
9.793	452.577
9.803	448.294
9.813	438.915
9.823	436.945
9.833	439.361
9.843	440.447
9.853	440.382
9.863	440.930
9.873	441.421
9.883	441.420
9.893	441.475
9.903	441.567
9.913	441.601
9.923	441.523
9.933	441.584
9.943	441.525
9.953	441.533
9.963	441.533
9.973	441.574
9.983	441.564
9.993	441.526
10.003	441.567
10.013	441.586
10.023	441.672
10.033	441.699
10.043	441.676
10.053	441.699
10.063	441.682
10.073	441.743
10.083	441.730
10.093	441.710
10.103	441.624
10.113	441.606
10.123	441.616
10.133	441.631
10.143	441.647
10.153	441.620
10.163	441.665
10.173	441.643
10.183	441.495
10.193	441.490
10.203	441.403
10.213	441.408
10.223	441.446
10.233	441.334
10.243	441.309
10.253	441.290
10.263	441.253
10.273	441.313
10.283	441.262
10.293	441.303
10.303	441.302
10.313	443.691
10.323	445.987
10.333	454.991
10.343	470.880
10.353	482.857
10.363	493.346
10.373	497.029
10.383	497.362
10.393	497.039
10.403	496.699
10.413	495.552
10.423	494.396
10.433	493.673
10.443	492.438
10.453	491.238
10.463	490.812
10.473	489.935
10.483	489.575
10.493	489.531
10.503	489.707
10.513	489.811
10.523	490.657
10.533	491.382
10.543	492.945
10.553	494.225
10.563	496.132
10.573	496.693
10.583	497.498
10.593	497.589
10.603	497.105
10.613	496.724
10.623	495.250
10.633	493.351
10.643	492.433
10.653	491.043
10.663	490.014
10.673	489.655
10.683	489.463
10.693	489.367
10.703	489.156
10.713	489.483
10.723	489.945
10.733	491.175
10.743	493.227
10.753	494.228
10.763	496.980
10.773	498.534
10.783	499.646
10.793	499.881
10.803	500.106
10.813	499.632
10.823	498.998
10.833	497.835
10.843	496.119
10.853	493.731
10.863	492.758
10.873	491.182
10.883	490.326
10.893	490.134
10.903	489.563
10.913	489.693
10.923	490.656
10.933	490.880
10.943	492.518
10.953	494.711
10.963	496.475
10.973	497.478
10.983	499.155
10.993	500.196
11.003	500.582
11.013	501.006
11.023	500.999
11.033	500.399
11.043	499.883
11.053	498.537
11.063	496.538
11.073	495.082
11.083	492.927
11.093	491.884
11.103	491.729
11.113	491.800
11.123	492.422
11.133	493.868
11.143	495.394
11.153	496.208
11.163	497.561
11.173	498.492
11.183	498.892
11.193	499.087
11.203	498.839
11.213	497.809
11.223	496.908
11.233	494.855
11.243	493.348
11.253	493.233
11.263	493.647
11.273	494.354
11.283	495.105
11.293	495.742
11.303	496.727
11.313	497.583
11.323	498.488
11.333	498.699
11.343	499.322
11.353	0.000
11.363	0.000
11.373	0.000
11.383	0.000
11.393	0.000
11.403	0.000
11.413	0.000
11.423	0.000
11.433	0.000
11.443	0.000
11.453	0.000
11.463	0.000
11.473	0.000
11.483	292.488
11.493	293.258
11.503	293.757
11.513	293.873
11.523	293.397
11.533	293.158
11.543	293.158
11.553	293.354
11.563	293.349
11.573	293.470
11.583	293.412
11.593	293.129
11.603	293.110
11.613	293.373
11.623	293.508
11.633	293.493
11.643	293.584
11.653	293.581
11.663	293.560
11.673	293.525
11.683	293.599
11.693	293.542
11.703	293.676
11.713	293.699
11.723	293.647
11.733	293.669
11.743	293.646
11.753	293.627
11.763	293.547
11.773	293.634
11.783	293.652
11.793	293.621
11.803	293.632
11.813	293.587
11.823	293.537
11.833	293.549
11.843	293.625
11.853	293.560
11.863	293.462
11.873	293.534
11.883	293.395
11.893	293.350
11.903	293.353
11.913	293.304
11.923	293.235
11.933	293.155
11.943	292.850
11.953	291.735
11.963	292.379
11.973	293.397
11.983	293.306
11.993	0.000
12.003	0.000
12.013	0.000
12.023	392.847
12.033	393.941
12.043	394.286
12.053	394.237
12.063	393.489
12.073	392.513
12.083	392.003
12.093	390.985
12.103	389.983
12.113	388.881
12.123	388.500
12.133	387.926
12.143	387.933
12.153	388.427
12.163	388.836
12.173	389.772
12.183	390.857
12.193	391.312
12.203	392.159
12.213	392.592
12.223	392.797
12.233	392.951
12.243	392.898
12.253	392.525
12.263	392.225
12.273	391.595
12.283	390.848
12.293	390.086
12.303	389.622
12.313	388.932
12.323	388.405
12.333	388.026
12.343	388.018
12.353	388.279
12.363	388.750
12.373	389.021
12.383	389.847
12.393	390.670
12.403	391.587
12.413	391.952
12.423	392.683
12.433	393.130
12.443	393.317
12.453	393.331
12.463	393.146
12.473	392.653
12.483	392.227
12.493	391.549
12.503	390.540
12.513	389.389
12.523	388.953
12.533	387.433
12.543	386.208
12.553	385.560
12.563	384.300
12.573	382.729
12.583	385.220
12.593	386.151
12.603	387.441
12.613	389.145
12.623	390.921
12.633	392.026
12.643	393.274
12.653	394.349
12.663	394.499
12.673	394.397
12.683	393.697
12.693	392.322
12.703	391.642
12.713	390.199
12.723	388.710
12.733	387.970
12.743	387.218
12.753	386.840
12.763	387.051
12.773	387.349
12.783	388.024
12.793	388.959
12.803	390.160
12.813	390.760
12.823	391.753
12.833	392.502
12.843	392.703
12.853	392.628
12.863	391.572
12.873	390.346
12.883	389.668
12.893	388.091
12.903	386.585
12.913	385.939
12.923	385.077
12.933	384.642
12.943	384.671
12.953	384.901
12.963	385.345
12.973	385.981
12.983	387.094
12.993	387.748
13.003	389.184
13.013	390.059
13.023	390.246
13.033	390.333
13.043	389.814
13.053	388.904
13.063	388.315
13.073	386.546
13.083	384.936
13.093	384.458
13.103	383.751
13.113	383.408
13.123	383.368
13.133	383.444
13.143	383.854
13.153	384.273
13.163	384.635
13.173	384.599
13.183	384.887
13.193	384.952
13.203	384.802
13.213	384.845
13.223	385.086
13.233	385.298
13.243	385.400
13.253	385.559
13.263	385.779
13.273	386.042
13.283	385.958
13.293	384.937
13.303	384.077
13.313	384.115
13.323	388.402
13.333	0.000
13.343	371.176
13.353	370.107
13.363	369.663
13.373	369.890
13.383	370.055
13.393	370.838
13.403	371.508
13.413	371.499
13.423	371.540
13.433	371.472
13.443	371.336
13.453	371.316
13.463	371.264
13.473	371.193
13.483	371.201
13.493	371.320
13.503	371.287
13.513	371.291
13.523	371.124
13.533	370.990
13.543	370.682
13.553	370.219
13.563	370.007
13.573	370.872
13.583	373.140
13.593	0.000
13.603	0.000
13.613	386.638
13.623	387.730
13.633	387.734
13.643	388.461
13.653	389.307
13.663	389.408
13.673	388.790
13.683	386.824
13.693	384.402
13.703	383.077
13.713	382.627
13.723	382.755
13.733	384.593
13.743	385.663
13.753	387.743
13.763	389.591
13.773	391.410
13.783	391.949
13.793	392.544
13.803	392.167
13.813	391.264
13.823	390.813
13.833	389.603
13.843	388.291
13.853	387.901
13.863	387.576
13.873	387.846
13.883	388.359
13.893	388.636
13.903	389.004
13.913	389.086
13.923	389.074
13.933	388.909
13.943	389.007
13.953	389.165
13.963	389.196
13.973	389.305
13.983	389.339
13.993	389.231
14.003	389.196
14.013	388.447
14.023	387.310
14.033	386.662
14.043	384.764
14.053	382.535
14.063	383.585
14.073	387.025
14.083	396.150
14.093	399.184
14.103	408.680
14.113	0.000
14.123	495.619
14.133	497.364
14.143	496.884
14.153	496.969
14.163	496.258
14.173	494.770
14.183	494.060
14.193	492.934
14.203	491.916
14.213	491.507
14.223	490.911
14.233	490.352
14.243	490.155
14.253	490.323
14.263	490.490
14.273	490.810
14.283	491.319
14.293	491.901
14.303	492.670
14.313	493.876
14.323	494.169
14.333	495.163
14.343	495.423
14.353	495.192
14.363	494.996
14.373	493.714
14.383	492.104
14.393	491.471
14.403	489.932
14.413	488.741
14.423	487.675
14.433	487.343
14.443	486.996
14.453	487.005
14.463	487.150
14.473	487.490
14.483	488.006
14.493	488.887
14.503	489.210
14.513	490.155
14.523	490.887
14.533	491.561
14.543	491.747
14.553	492.018
14.563	492.172
14.573	492.138
14.583	492.076
14.593	491.823
14.603	491.063
14.613	490.327
14.623	489.054
14.633	480.646
14.643	479.257
14.653	482.515
14.663	484.160
14.673	484.567
14.683	484.543
14.693	484.441
14.703	484.762
14.713	485.675
14.723	486.442
14.733	487.723
14.743	489.032
14.753	489.560
14.763	490.430
14.773	491.070
14.783	491.307
14.793	491.099
14.803	490.416
14.813	489.302
14.823	488.395
14.833	486.793
14.843	485.617
14.853	484.767
14.863	484.702
14.873	484.929
14.883	485.683
14.893	486.822
14.903	487.473
14.913	488.627
14.923	489.634
14.933	490.234
14.943	490.913
14.953	491.543
14.963	491.854
14.973	491.563
14.983	490.877
14.993	490.024
15.003	489.154
15.013	488.764
15.023	488.622
15.033	489.100
15.043	490.019
15.053	491.179
15.063	492.304
15.073	493.201
15.083	493.434
15.093	493.342
15.103	492.830
15.113	491.978
15.123	482.961
15.133	441.638
15.143	438.379
15.153	438.825
15.163	439.731
15.173	438.941
15.183	439.289
15.193	439.577
15.203	440.136
15.213	440.512
15.223	440.376
15.233	440.453
15.243	440.223
15.253	440.319
15.263	440.365
15.273	440.762
15.283	440.932
15.293	440.918
15.303	440.923
15.313	440.874
15.323	440.951
15.333	440.877
15.343	440.870
15.353	440.965
15.363	440.915
15.373	441.005
15.383	440.957
15.393	440.910
15.403	441.087
15.413	440.936
15.423	441.098
15.433	441.159
15.443	441.093
15.453	441.170
15.463	440.934
15.473	441.046
15.483	441.013
15.493	441.066
15.503	441.062
15.513	440.999
15.523	441.013
15.533	441.050
15.543	441.140
15.553	441.069
15.563	440.949
15.573	441.807
15.583	441.703
15.593	443.398
15.603	443.061
15.613	0.000
15.623	0.000
15.633	577.435
15.643	582.857
15.653	585.538
15.663	589.208
15.673	590.263
15.683	590.423
15.693	590.715
15.703	590.067
15.713	588.889
15.723	587.579
15.733	586.775
15.743	585.053
15.753	582.477
15.763	581.101
15.773	579.148
15.783	578.655
15.793	578.827
15.803	578.938
15.813	580.903
15.823	581.195
15.833	580.988
15.843	580.335
15.853	581.433
15.863	581.693
15.873	581.677
15.883	581.626
15.893	581.591
15.903	582.365
15.913	582.407
15.923	582.429
15.933	582.920
15.943	582.408
15.953	582.688
15.963	583.249
15.973	584.860
15.983	584.978
15.993	585.113
16.003	585.290
16.013	585.388
16.023	585.603
16.033	585.436
16.043	584.996
16.053	584.864
16.063	585.240
16.073	582.007
16.083	581.748
16.093	582.375
16.103	587.118
16.113	0.000
16.123	0.000
16.133	0.000
16.143	440.225
16.153	439.940
16.163	440.339
16.173	441.032
16.183	441.510
16.193	441.420
16.203	441.121
16.213	440.667
16.223	440.144
16.233	439.790
16.243	438.921
16.253	438.012
16.263	437.537
16.273	437.499
16.283	437.687
16.293	438.075
16.303	438.399
16.313	439.147
16.323	440.129
16.333	441.156
16.343	441.882
16.353	442.983
16.363	443.624
16.373	443.199
16.383	442.723
16.393	440.627
16.403	438.614
16.413	437.815
16.423	436.102
16.433	434.580
16.443	433.560
16.453	433.276
16.463	433.280
16.473	433.614
16.483	433.945
16.493	435.131
16.503	436.978
16.513	439.648
16.523	441.008
16.533	443.422
16.543	444.583
16.553	444.298
16.563	443.858
16.573	442.017
16.583	439.336
16.593	438.107
16.603	436.559
16.613	434.804
16.623	433.162
16.633	432.421
16.643	431.548
16.653	433.308
16.663	435.081
16.673	437.412
16.683	440.114
16.693	442.670
16.703	443.733
16.713	445.246
16.723	445.762
16.733	445.712
16.743	445.562
16.753	444.875
16.763	443.204
16.773	441.697
16.783	438.689
16.793	437.330
16.803	436.187
16.813	435.769
16.823	435.698
16.833	435.698
16.843	436.195
16.853	437.420
16.863	439.224
16.873	441.595
16.883	442.788
16.893	444.384
16.903	444.923
16.913	444.949
16.923	444.757
16.933	444.098
16.943	442.322
16.953	440.783
16.963	438.166
16.973	436.056
16.983	434.670
16.993	434.109
17.003	433.391
17.013	433.026
17.023	433.005
17.033	433.311
17.043	434.439
17.053	436.310
17.063	437.357
17.073	439.898
17.083	441.270
17.093	441.909
17.103	441.981
17.113	441.512
17.123	440.772
17.133	440.019
17.143	438.528
17.153	436.605
17.163	434.669
17.173	434.066
17.183	433.340
17.193	432.985
17.203	433.159
17.213	433.552
17.223	434.322
17.233	435.513
17.243	436.198
17.253	436.830
17.263	437.136
17.273	437.131
17.283	437.039
17.293	436.951
17.303	436.661
17.313	436.568
17.323	436.312
17.333	436.478
17.343	436.530
17.353	436.874
17.363	436.378
17.373	435.278
17.383	434.338
17.393	433.274
17.403	430.281
17.413	430.656
17.423	0.000
17.433	0.000
17.443	0.000
17.453	0.000
17.463	0.000
17.473	0.000
17.483	0.000
17.493	0.000
17.503	368.125
17.513	370.552
17.523	370.477
17.533	370.370
17.543	369.932
17.553	369.861
17.563	369.567
17.573	369.368
17.583	369.112
17.593	368.903
17.603	368.962
17.613	369.201
17.623	369.856
17.633	371.043
17.643	371.514
17.653	372.270
17.663	372.691
17.673	372.856
17.683	373.006
17.693	372.857
17.703	372.273
17.713	371.617
17.723	366.978
17.733	367.023
17.743	367.428
17.753	367.405
17.763	367.451
17.773	367.487
17.783	367.520
17.793	367.449
17.803	367.525
17.813	367.787
17.823	367.957
17.833	368.517
17.843	369.587
17.853	369.976
17.863	370.934
17.873	371.426
17.883	371.415
17.893	371.170
17.903	370.508
17.913	369.456
17.923	368.438
17.933	368.168
17.943	367.611
17.953	367.399
17.963	367.391
17.973	367.454
17.983	367.878
17.993	368.357
18.003	368.649
18.013	369.004
18.023	369.199
18.033	369.331
18.043	369.578
18.053	369.707
18.063	370.217
18.073	370.419
18.083	370.778
18.093	370.996
18.103	371.275
18.113	371.418
18.123	371.684
18.133	371.735
18.143	371.807
18.153	371.778
18.163	371.256
18.173	370.209
18.183	369.679
18.193	367.615
18.203	360.112
18.213	352.725
18.223	332.841
18.233	329.844
18.243	312.921
18.253	314.745
18.263	316.890
18.273	327.001
18.283	329.708
18.293	329.230
18.303	329.229
18.313	329.237
18.323	329.002
18.333	328.240
18.343	328.232
18.353	328.077
18.363	328.349
18.373	328.495
18.383	329.058
18.393	329.374
18.403	330.160
18.413	330.956
18.423	331.548
18.433	331.898
18.443	332.225
18.453	332.240
18.463	331.780
18.473	331.448
18.483	330.504
18.493	329.325
18.503	328.670
18.513	328.012
18.523	327.892
18.533	328.311
18.543	328.501
18.553	329.349
18.563	329.986
18.573	330.165
18.583	330.150
18.593	330.131
18.603	330.234
18.613	330.288
18.623	330.471
18.633	330.858
18.643	331.486
18.653	331.950
18.663	332.511
18.673	332.922
18.683	333.022
18.693	332.846
18.703	332.178
18.713	331.318
18.723	329.485
18.733	0.000
18.743	0.000
18.753	0.000
18.763	290.091
18.773	291.450
18.783	292.734
18.793	292.760
18.803	293.099
18.813	293.420
18.823	293.783
18.833	293.679
18.843	293.858
18.853	293.766
18.863	293.807
18.873	293.659
18.883	293.555
18.893	293.646
18.903	293.658
18.913	293.769
18.923	293.785
18.933	293.677
18.943	293.741
18.953	293.653
18.963	293.626
18.973	293.644
18.983	293.661
18.993	293.619
19.003	293.621
19.013	293.604
19.023	293.625
19.033	293.738
19.043	293.768
19.053	293.687
19.063	293.632
19.073	293.566
19.083	293.559
19.093	293.637
19.103	293.651
19.113	293.589
19.123	293.664
19.133	293.662
19.143	293.613
19.153	293.707
19.163	293.632
19.173	293.622
19.183	293.673
19.193	293.622
19.203	293.587
19.213	293.672
19.223	293.665
19.233	293.715
19.243	293.782
19.253	293.703
19.263	293.643
19.273	293.600
19.283	293.627
19.293	293.646
19.303	293.706
19.313	293.815
19.323	293.619
19.333	293.646
19.343	293.599
19.353	293.615
19.363	293.500
19.373	293.423
19.383	293.515
19.393	293.496
19.403	293.501
19.413	293.495
19.423	293.381
19.433	293.410
19.443	293.430
19.453	293.411
19.463	293.470
19.473	293.449
19.483	293.379
19.493	293.356
19.503	293.325
19.513	293.284
19.523	293.194
19.533	293.275
19.543	293.262
19.553	293.157
19.563	293.133
19.573	293.020
19.583	292.926
19.593	292.965
19.603	292.950
19.613	293.068
19.623	293.040
19.633	293.185
19.643	293.167
19.653	293.336
19.663	293.326
19.673	293.363
19.683	293.351
19.693	293.306
19.703	293.267
19.713	292.442
19.723	292.310
19.733	292.754
19.743	292.530
19.753	292.962
19.763	293.924
19.773	293.525
19.783	292.296
19.793	292.318
19.803	292.988
19.813	293.280
19.823	294.243
19.833	293.376
19.843	293.603
19.853	292.933
19.863	294.158
19.873	293.927
19.883	592.879
19.893	592.067
19.903	592.659
19.913	592.566
19.923	591.746
19.933	590.891
19.943	590.214
19.953	588.656
19.963	585.172
19.973	584.304
19.983	583.990
19.993	583.177
20.003	582.653
20.013	581.735
20.023	581.520
20.033	583.009
20.043	585.014
20.053	586.234
20.063	588.201
20.073	589.779
20.083	590.695
20.093	590.969
20.103	591.597
20.113	590.872
20.123	589.392
20.133	588.348
20.143	585.101
20.153	582.887
20.163	581.968
20.173	582.032
20.183	581.962
20.193	582.407
20.203	582.248
20.213	582.667
20.223	584.160
20.233	585.118
20.243	588.758
20.253	590.543
20.263	591.023
20.273	591.414
20.283	592.152
20.293	592.758
20.303	593.065
20.313	593.057
20.323	592.644
20.333	591.933
20.343	591.722
20.353	591.223
20.363	590.799
20.373	588.889
20.383	581.875
20.393	577.127
20.403	578.419
20.413	578.888
20.423	579.678
20.433	580.389
20.443	581.793
20.453	582.833
20.463	587.112
20.473	590.692
20.483	590.816
20.493	591.028
20.503	590.992
20.513	589.707
20.523	588.881
20.533	585.667
20.543	583.500
20.553	582.488
20.563	581.667
20.573	580.404
20.583	579.418
20.593	579.097
20.603	578.424
20.613	578.831
20.623	579.822
20.633	580.152
20.643	581.744
20.653	584.660
20.663	589.180
20.673	590.588
20.683	590.967
20.693	591.700
20.703	591.850
20.713	590.839
20.723	589.344
20.733	585.982
20.743	584.262
20.753	582.505
20.763	578.287
20.773	577.616
20.783	577.746
20.793	576.137
20.803	574.410
20.813	574.187
20.823	572.536
20.833	569.281
20.843	571.257
20.853	574.589
20.863	583.012
20.873	588.637
20.883	590.904
20.893	592.364
20.903	592.786
20.913	591.188
20.923	590.453
20.933	588.656
20.943	585.013
20.953	583.561
20.963	579.151
20.973	577.870
20.983	577.751
20.993	577.731
21.003	578.255
21.013	579.098
21.023	581.239
21.033	582.526
21.043	586.218
21.053	587.618
21.063	587.584
21.073	586.630
21.083	584.614
21.093	582.471
21.103	581.837
21.113	581.519
21.123	583.310
21.133	584.385
21.143	585.729
21.153	585.746
21.163	585.520
21.173	585.592
21.183	585.135
21.193	584.409
21.203	581.982
21.213	579.200
21.223	573.235
21.233	573.196
21.243	573.826
21.253	578.287
21.263	603.866
21.273	610.922
21.283	613.415
21.293	0.000
21.303	0.000
21.313	0.000
21.323	0.000
21.333	0.000
21.343	0.000
21.353	0.000
21.363	0.000
21.373	0.000
21.383	400.414
21.393	400.458
21.403	400.034
21.413	398.915
21.423	398.136
21.433	396.938
21.443	395.899
21.453	394.818
21.463	394.202
21.473	393.374
21.483	392.754
21.493	392.795
21.503	392.890
21.513	393.491
21.523	394.626
21.533	395.347
21.543	397.033
21.553	398.038
21.563	398.000
21.573	397.713
21.583	396.851
21.593	395.504
21.603	394.630
21.613	393.166
21.623	392.995
21.633	393.660
21.643	393.939
21.653	394.666
21.663	394.769
21.673	394.213
21.683	394.006
21.693	393.409
21.703	393.431
21.713	393.710
21.723	394.054
21.733	394.159
21.743	393.995
21.753	393.920
21.763	393.682
21.773	393.340
21.783	393.081
21.793	392.927
21.803	0.000
21.813	0.000
21.823	0.000
21.833	0.000
21.843	0.000
21.853	0.000
21.863	0.000
21.873	0.000
21.883	523.301
21.893	524.577
21.903	525.876
21.913	526.508
21.923	526.244
21.933	525.210
21.943	522.646
21.953	520.047
21.963	519.016
21.973	517.317
21.983	516.203
21.993	516.155
22.003	516.601
22.013	518.117
22.023	520.393
22.033	522.864
22.043	524.018
22.053	526.174
22.063	527.227
22.073	527.169
22.083	526.455
22.093	525.002
22.103	523.065
22.113	522.126
22.123	520.808
22.133	520.355
22.143	520.538
22.153	521.566
22.163	522.769
22.173	523.577
22.183	523.921
22.193	523.797
22.203	523.797
22.213	523.780
22.223	523.895
22.233	524.225
22.243	524.751
22.253	525.104
22.263	525.364
22.273	525.421
22.283	524.955
22.293	524.403
22.303	523.034
22.313	520.319
22.323	517.618
22.333	511.539
22.343	505.449
22.353	494.812
22.363	495.815
22.373	494.715
22.383	493.892
22.393	493.183
22.403	492.278
22.413	491.457
22.423	490.560
22.433	490.109
22.443	489.445
22.453	488.689
22.463	488.317
22.473	488.323
22.483	488.511
22.493	489.305
22.503	489.894
22.513	490.694
22.523	492.309
22.533	494.030
22.543	494.732
22.553	496.547
22.563	497.911
22.573	498.313
22.583	498.361
22.593	497.658
22.603	496.481
22.613	495.698
22.623	493.477
22.633	491.311
22.643	489.698
22.653	489.313
22.663	488.531
22.673	488.568
22.683	488.771
22.693	488.866
22.703	489.470
22.713	490.758
22.723	491.338
22.733	493.300
22.743	495.179
22.753	496.766
22.763	497.342
22.773	498.064
22.783	497.783
22.793	497.488
22.803	496.249
22.813	494.466
22.823	492.042
22.833	490.823
22.843	489.852
22.853	489.988
22.863	487.034
22.873	485.077
22.883	486.950
22.893	488.522
22.903	488.859
22.913	489.598
22.923	490.198
22.933	491.266
22.943	492.156
22.953	493.662
22.963	495.202
22.973	495.687
22.983	497.419
22.993	498.674
23.003	498.546
23.013	498.045
23.023	495.970
23.033	493.376
23.043	490.590
23.053	489.040
23.063	487.023
23.073	486.066
23.083	485.884
23.093	485.982
23.103	486.852
23.113	488.113
23.123	489.096
23.133	491.064
23.143	493.006
23.153	494.169
23.163	495.890
23.173	496.799
23.183	497.149
23.193	496.746
23.203	495.246
23.213	492.962
23.223	490.429
23.233	489.292
23.243	487.962
23.253	488.028
23.263	488.433
23.273	490.070
23.283	492.365
23.293	494.809
23.303	495.650
23.313	497.579
23.323	498.205
23.333	498.004
23.343	496.703
23.353	491.846
23.363	0.000
23.373	441.410
23.383	441.093
23.393	440.837
23.403	441.039
23.413	441.220
23.423	441.193
23.433	441.268
23.443	441.262
23.453	441.253
23.463	441.118
23.473	441.155
23.483	441.190
23.493	441.148
23.503	441.058
23.513	441.164
23.523	441.125
23.533	441.141
23.543	441.116
23.553	440.943
23.563	440.883
23.573	440.604
23.583	440.675
23.593	440.669
23.603	440.846
23.613	440.898
23.623	440.898
23.633	440.953
23.643	441.113
23.653	441.079
23.663	440.981
23.673	440.928
23.683	440.691
23.693	440.678
23.703	440.566
23.713	440.455
23.723	440.696
23.733	440.629
23.743	440.978
23.753	441.236
23.763	441.210
23.773	441.422
23.783	442.088
23.793	443.099
23.803	443.957
23.813	444.449
23.823	0.000
23.833	0.000
23.843	0.000
23.853	0.000
23.863	0.000
23.873	0.000
23.883	591.069
23.893	593.796
23.903	595.297
23.913	595.045
23.923	594.642
23.933	593.402
23.943	592.325
23.953	591.953
23.963	590.989
23.973	590.345
23.983	589.348
23.993	588.694
24.003	587.157
24.013	585.784
24.023	585.555
24.033	585.258
24.043	585.295
24.053	585.898
24.063	586.337
24.073	587.889
24.083	589.916
24.093	590.977
24.103	592.539
24.113	593.470
24.123	593.732
24.133	594.135
24.143	594.379
24.153	594.173
24.163	593.736
24.173	592.667
24.183	591.004
24.193	588.786
24.203	587.750
24.213	585.870
24.223	584.540
24.233	583.874
24.243	583.851
24.253	584.319
24.263	585.236
24.273	585.612
24.283	587.648
24.293	590.043
24.303	592.149
24.313	592.817
24.323	591.985
24.333	591.360
24.343	592.499
24.353	594.837
24.363	594.117
24.373	592.380
24.383	591.320
24.393	588.015
24.403	585.382
24.413	584.686
24.423	584.265
24.433	583.972
24.443	584.474
24.453	584.693
24.463	585.844
24.473	587.609
24.483	589.222
24.493	590.068
24.503	591.545
24.513	592.177
24.523	592.181
24.533	591.909
24.543	591.716
24.553	591.018
24.563	590.375
24.573	588.621
24.583	586.541
24.593	585.319
24.603	584.633
24.613	583.753
24.623	583.132
24.633	583.329
24.643	583.547
24.653	583.833
24.663	584.351
24.673	584.788
24.683	586.231
24.693	587.920
24.703	588.724
24.713	590.551
24.723	591.746
24.733	591.725
24.743	591.603
24.753	591.253
24.763	591.150
24.773	591.599
24.783	591.328
24.793	587.509
24.803	585.968
24.813	586.430
24.823	581.637
24.833	581.165
24.843	580.980
24.853	580.661
24.863	580.472
24.873	580.719
24.883	581.002
24.893	581.741
24.903	583.304
24.913	584.745
24.923	585.052
24.933	585.126
24.943	584.863
24.953	584.052
24.963	583.689
24.973	583.511
24.983	584.330
24.993	585.297
25.003	586.809
25.013	587.679
25.023	588.446
25.033	588.446
25.043	588.148
25.053	586.697
25.063	586.689
25.073	588.344
25.083	589.246
25.093	588.015
25.103	587.340
25.113	586.308
25.123	585.982
25.133	585.734
25.143	585.104
25.153	579.268
25.163	576.826
25.173	576.644
25.183	577.489
25.193	565.642
25.203	524.259
25.213	511.595
25.223	504.598
25.233	502.062
25.243	0.000
25.253	0.000
25.263	0.000
25.273	0.000
25.283	0.000
25.293	407.389
25.303	405.356
25.313	404.567
25.323	404.457
25.333	403.954
25.343	403.081
25.353	402.301
25.363	400.279
25.373	398.121
25.383	396.334
25.393	395.359
25.403	393.585
25.413	392.445
25.423	392.221
25.433	392.318
25.443	392.932
25.453	394.218
25.463	395.217
25.473	397.506
25.483	399.148
25.493	399.975
25.503	399.883
25.513	398.537
25.523	396.728
25.533	395.709
25.543	394.066
25.553	392.803
25.563	392.661
25.573	393.172
25.583	394.191
25.593	395.273
25.603	395.832
25.613	395.749
25.623	395.653
25.633	395.178
25.643	395.128
25.653	394.791
25.663	394.772
25.673	394.892
25.683	394.970
25.693	395.089
25.703	394.848
25.713	394.459
25.723	393.735
25.733	393.415
25.743	0.000
25.753	0.000
25.763	0.000
25.773	0.000
25.783	0.000
25.793	0.000
25.803	525.450
25.813	526.127
25.823	525.871
25.833	524.247
25.843	521.536
25.853	518.716
25.863	517.222
25.873	515.694
25.883	517.044
25.893	518.066
25.903	519.379
25.913	520.796
25.923	522.502
25.933	523.276
25.943	525.180
25.953	527.448
25.963	529.342
25.973	529.874
25.983	530.787
25.993	530.952
26.003	530.647
26.013	529.637
26.023	527.822
26.033	526.033
26.043	525.145
26.053	523.706
26.063	523.330
26.073	523.381
26.083	524.405
26.093	525.448
26.103	525.988
26.113	526.204
26.123	526.303
26.133	526.339
26.143	526.345
26.153	526.473
26.163	526.594
26.173	526.866
26.183	527.049
26.193	527.460
26.203	527.959
26.213	527.954
26.223	527.840
26.233	527.024
26.243	525.442
26.253	524.264
26.263	521.188
26.273	514.723
26.283	507.943
26.293	503.408
26.303	497.349
26.313	498.174
26.323	498.585
26.333	498.421
26.343	497.900
26.353	496.931
26.363	496.273
26.373	494.925
26.383	493.380
26.393	492.022
26.403	491.792
26.413	491.537
26.423	491.799
26.433	492.221
26.443	493.300
26.453	495.351
26.463	497.307
26.473	497.975
26.483	499.138
26.493	499.974
26.503	500.499
26.513	500.606
26.523	500.737
26.533	500.320
26.543	499.914
26.553	498.732
26.563	496.927
26.573	494.834
26.583	493.638
26.593	492.161
26.603	491.735
26.613	491.577
26.623	491.795
26.633	492.144
26.643	493.349
26.653	494.188
26.663	496.176
26.673	497.998
26.683	499.325
26.693	499.702
26.703	500.481
26.713	500.908
26.723	501.043
26.733	501.049
26.743	500.462
26.753	499.439
26.763	498.717
26.773	496.906
26.783	495.076
26.793	493.271
26.803	492.524
26.813	491.311
26.823	490.800
26.833	0.000
26.843	0.000
26.853	0.000
26.863	491.044
26.873	492.051
26.883	493.091
26.893	493.980
26.903	494.032
26.913	494.275
26.923	493.677
26.933	492.815
26.943	492.575
26.953	491.659
26.963	491.102
26.973	490.659
26.983	490.286
26.993	488.360
27.003	484.941
27.013	483.688
27.023	484.415
27.033	488.235
27.043	490.074
27.053	490.682
27.063	492.986
27.073	495.078
27.083	495.837
27.093	497.007
27.103	497.371
27.113	497.085
27.123	496.629
27.133	495.365
27.143	493.934
27.153	493.056
27.163	493.007
27.173	493.004
27.183	493.251
27.193	493.544
27.203	493.949
27.213	494.475
27.223	495.284
27.233	495.479
27.243	495.908
27.253	495.577
27.263	494.981
27.273	492.936
27.283	484.602
27.293	446.643
27.303	441.149
27.313	439.853
27.323	439.809
27.333	439.664
27.343	439.673
27.353	439.700
27.363	439.824
27.373	439.975
27.383	440.190
27.393	440.478
27.403	440.619
27.413	440.618
27.423	440.631
27.433	440.634
27.443	440.799
27.453	441.004
27.463	440.952
27.473	441.064
27.483	440.976
27.493	441.088
27.503	441.254
27.513	441.055
27.523	441.006
27.533	440.882
27.543	440.879
27.553	440.928
27.563	440.893
27.573	440.932
27.583	440.912
27.593	440.914
27.603	440.979
27.613	440.928
27.623	440.973
27.633	440.769
27.643	440.684
27.653	440.804
27.663	440.665
27.673	440.720
27.683	440.625
27.693	440.594
27.703	440.707
27.713	440.600
27.723	440.672
27.733	440.633
27.743	440.550
27.753	440.773
27.763	0.000
27.773	0.000
27.783	0.000
27.793	0.000
27.803	666.078
27.813	665.823
27.823	665.236
27.833	664.285
27.843	663.698
27.853	661.180
27.863	658.740
27.873	656.735
27.883	655.528
27.893	653.235
27.903	652.256
27.913	652.061
27.923	652.331
27.933	653.308
27.943	655.497
27.953	656.885
27.963	661.008
27.973	665.900
27.983	668.243
27.993	668.432
28.003	667.917
28.013	666.757
28.023	665.975
28.033	662.422
28.043	658.614
28.053	655.133
28.063	653.085
28.073	650.727
28.083	650.506
28.093	650.631
28.103	651.799
28.113	653.796
28.123	656.647
28.133	658.323
28.143	662.726
28.153	667.292
28.163	669.509
28.173	670.059
28.183	670.570
28.193	670.172
28.203	669.388
28.213	667.746
28.223	665.179
28.233	661.703
28.243	660.242
28.253	656.756
28.263	648.053
28.273	649.933
28.283	652.683
28.293	654.092
28.303	654.920
28.313	655.353
28.323	656.773
28.333	659.327
28.343	662.961
28.353	664.938
28.363	667.514
28.373	668.466
28.383	668.547
28.393	667.715
28.403	666.182
28.413	663.286
28.423	661.450
28.433	657.801
28.443	654.660
28.453	653.613
28.463	652.622
28.473	652.520
28.483	652.953
28.493	653.154
28.503	654.150
28.513	655.478
28.523	657.900
28.533	659.363
28.543	662.310
28.553	664.712
28.563	665.153
28.573	664.907
28.583	663.646
28.593	661.647
28.603	660.512
28.613	658.435
28.623	656.104
28.633	654.793
28.643	652.256
28.653	650.462
28.663	649.532
28.673	649.259
28.683	649.191
28.693	648.885
28.703	648.966
28.713	649.343
28.723	650.435
28.733	650.619
28.743	649.850
28.753	649.309
28.763	654.970
28.773	661.980
28.783	664.254
28.793	665.338
28.803	664.174
28.813	662.954
28.823	660.572
28.833	657.768
28.843	654.048
28.853	651.939
28.863	649.619
28.873	649.107
28.883	649.271
28.893	649.687
28.903	650.620
28.913	652.573
28.923	653.921
28.933	656.588
28.943	658.270
28.953	659.380
28.963	659.822
28.973	659.993
28.983	659.500
28.993	659.024
29.003	657.777
29.013	656.695
29.023	655.898
29.033	655.608
29.043	655.521
29.053	655.637
29.063	655.840
29.073	655.988
29.083	656.002
29.093	655.808
29.103	655.620
29.113	654.940
29.123	654.026
29.133	652.920
29.143	652.487
29.153	650.973
29.163	648.871
29.173	646.772
29.183	645.203
29.193	638.193
29.203	628.985
29.213	625.749
29.223	0.000
29.233	588.963
29.243	597.843
29.253	599.018
29.263	598.636
29.273	597.060
29.283	595.670
29.293	592.610
29.303	588.839
29.313	585.612
29.323	585.090
29.333	585.551
29.343	587.343
29.353	589.179
29.363	590.215
29.373	592.540
29.383	593.798
29.393	594.315
29.403	595.081
29.413	595.116
29.423	593.594
29.433	592.464
29.443	589.615
29.453	585.470
29.463	583.434
29.473	581.269
29.483	581.427
29.493	584.391
29.503	585.872
29.513	587.453
29.523	587.573
29.533	587.068
29.543	586.520
29.553	586.093
29.563	586.484
29.573	586.479
29.583	585.501
29.593	584.652
29.603	585.190
29.613	585.851
29.623	586.743
29.633	586.370
29.643	586.218
29.653	586.472
29.663	586.098
29.673	584.480
29.683	583.227
29.693	580.479
29.703	573.689
29.713	554.079
29.723	535.721
29.733	530.219
29.743	529.361
29.753	528.668
29.763	527.895
29.773	526.361
29.783	524.372
29.793	523.752
29.803	521.521
29.813	519.665
29.823	519.165
29.833	518.167
29.843	518.260
29.853	519.503
29.863	519.898
29.873	522.020
29.883	524.338
29.893	525.848
29.903	526.536
29.913	526.769
29.923	526.042
29.933	525.751
29.943	524.629
29.953	524.015
29.963	523.843
29.973	523.964
29.983	524.802
29.993	525.958
30.003	526.712
30.013	527.464
30.023	527.655
30.033	527.927
30.043	527.797
30.053	527.825
30.063	527.402
30.073	527.030
30.083	527.088
30.093	526.967
30.103	527.093
30.113	526.867
30.123	526.152
30.133	525.544
30.143	523.219
30.153	521.305
30.163	514.658
30.173	506.563
30.183	507.872
30.193	459.208
30.203	497.911
30.213	500.625
30.223	501.233
30.233	500.344
30.243	499.026
30.253	497.499
30.263	496.446
30.273	494.863
30.283	493.862
30.293	493.605
30.303	493.549
30.313	493.680
30.323	494.817
30.333	495.812
30.343	498.493
30.353	500.481
30.363	501.908
30.373	502.541
30.383	503.433
30.393	503.408
30.403	503.036
30.413	501.985
30.423	499.995
30.433	497.671
30.443	496.458
30.453	494.313
30.463	493.631
30.473	493.492
30.483	494.532
30.493	496.085
30.503	497.905
30.513	498.485
30.523	498.854
30.533	498.906
30.543	498.976
30.553	499.009
30.563	499.105
30.573	498.660
30.583	498.396
30.593	497.829
30.603	497.747
30.613	498.136
30.623	498.252
30.633	498.286
30.643	498.311
30.653	498.380
30.663	498.671
30.673	498.985
30.683	499.183
30.693	499.628
30.703	500.368
30.713	500.205
30.723	526.463
30.733	526.241
30.743	525.794
30.753	527.297
30.763	527.305
30.773	527.308
30.783	526.439
30.793	524.290
30.803	522.856
30.813	520.330
30.823	518.400
30.833	517.790
30.843	517.333
30.853	517.460
30.863	518.142
30.873	518.785
30.883	520.050
30.893	521.863
30.903	523.773
30.913	524.891
30.923	526.439
30.933	527.383
30.943	527.621
30.953	528.120
30.963	527.997
30.973	526.763
30.983	525.814
30.993	523.526
31.003	520.818
31.013	519.618
31.023	517.639
31.033	515.907
31.043	515.112
31.053	515.095
31.063	515.424
31.073	516.172
31.083	517.227
31.093	517.797
31.103	519.348
31.113	521.247
31.123	522.223
31.133	524.209
31.143	525.538
31.153	526.153
31.163	526.205
31.173	525.105
31.183	522.914
31.193	521.716
31.203	520.015
31.213	518.238
31.223	517.008
31.233	516.576
31.243	515.777
31.253	515.682
31.263	516.265
31.273	516.712
31.283	518.152
31.293	519.592
31.303	520.373
31.313	522.529
31.323	524.579
31.333	525.911
31.343	526.091
31.353	525.555
31.363	524.583
31.373	523.955
31.383	523.111
31.393	522.574
31.403	522.692
31.413	522.659
31.423	523.277
31.433	524.363
31.443	525.287
31.453	525.522
31.463	526.093
31.473	526.846
31.483	526.715
31.493	527.150
31.503	527.365
31.513	527.476
31.523	526.738
31.533	526.647
31.543	526.449
31.553	526.174
31.563	525.791
31.573	526.297
31.583	526.214
31.593	525.550
31.603	522.475
31.613	0.000
31.623	0.000
31.633	0.000
31.643	0.000
31.653	0.000
31.663	0.000
31.673	0.000
31.683	0.000
31.693	443.705
31.703	443.757
31.713	443.467
31.723	443.014
31.733	442.168
31.743	441.103
31.753	439.150
31.763	437.559
31.773	437.024
31.783	436.151
31.793	435.798
31.803	435.705
31.813	435.470
31.823	436.005
31.833	437.079
31.843	437.687
31.853	439.388
31.863	440.663
31.873	440.774
31.883	440.465
31.893	438.733
31.903	436.970
31.913	435.745
31.923	435.247
31.933	434.975
31.943	435.001
31.953	435.144
31.963	435.616
31.973	436.466
31.983	437.214
31.993	437.464
32.003	437.449
32.013	437.635
32.023	437.875
32.033	438.775
32.043	439.525
32.053	439.462
32.063	439.517
32.073	439.106
32.083	438.284
32.093	436.719
32.103	435.597
32.113	433.581
32.123	429.800
32.133	428.324
32.143	427.773
32.153	0.000
32.163	497.194
32.173	500.026
32.183	501.342
32.193	502.039
32.203	501.976
32.213	501.933
32.223	501.366
32.233	500.477
32.243	499.913
32.253	498.659
32.263	497.851
32.273	497.945
32.283	498.249
32.293	498.814
32.303	499.362
32.313	499.596
32.323	500.303
32.333	501.355
32.343	504.589
32.353	507.591
32.363	518.158
32.373	524.344
32.383	525.285
32.393	526.644
32.403	527.207
32.413	527.111
32.423	526.786
32.433	526.335
32.443	525.972
32.453	525.981
32.463	526.019
32.473	526.208
32.483	526.391
32.493	526.589
32.503	526.924
32.513	527.171
32.523	527.331
32.533	527.362
32.543	527.335
32.553	527.542
32.563	527.518
32.573	527.487
32.583	527.321
32.593	527.203
32.603	527.030
32.613	526.506
32.623	525.304
32.633	531.391
32.643	542.134
32.653	565.780
32.663	587.087
32.673	583.853
32.683	577.521
32.693	577.326
32.703	588.491
32.713	592.382
32.723	594.973
32.733	593.056
32.743	592.023
32.753	589.676
32.763	586.836
32.773	584.956
32.783	584.343
32.793	583.290
32.803	583.659
32.813	584.956
32.823	585.476
32.833	587.307
32.843	589.364
32.853	590.624
32.863	592.976
32.873	593.417
32.883	593.171
32.893	592.611
32.903	591.240
32.913	589.513
32.923	586.889
32.933	585.695
32.943	582.836
32.953	580.450
32.963	579.543
32.973	578.195
32.983	576.826
32.993	575.317
33.003	574.771
33.013	574.401
33.023	575.037
33.033	576.279
33.043	578.578
33.053	580.728
33.063	584.493
33.073	586.323
33.083	587.825
33.093	589.773
33.103	590.005
33.113	588.613
33.123	584.466
33.133	581.646
33.143	581.223
33.153	582.022
33.163	584.789
33.173	586.244
33.183	585.886
33.193	584.724
33.203	584.888
33.213	585.495
33.223	586.535
33.233	587.129
33.243	587.589
33.253	584.780
33.263	580.629
33.273	578.696
33.283	577.106
33.293	571.727
33.303	553.005
33.313	529.952
33.323	523.735
33.333	0.000
33.343	0.000
33.353	0.000
33.363	0.000
33.373	0.000
33.383	401.034
33.393	400.884
33.403	401.020
33.413	400.629
33.423	400.026
33.433	399.460
33.443	398.347
33.453	396.927
33.463	395.083
33.473	394.118
33.483	392.063
33.493	390.710
33.503	390.216
33.513	389.563
33.523	389.810
33.533	390.778
33.543	391.546
33.553	393.611
33.563	396.369
33.573	397.501
33.583	398.581
33.593	399.398
33.603	400.078
33.613	400.020
33.623	399.266
33.633	399.093
33.643	0.000
33.653	0.000
33.663	0.000
33.673	391.100
33.683	392.154
33.693	391.840
33.703	391.397
33.713	391.607
33.723	391.677
33.733	392.618
33.743	393.964
33.753	394.677
33.763	395.481
33.773	396.100
33.783	396.420
33.793	396.372
33.803	396.180
33.813	396.134
33.823	395.965
33.833	395.663
33.843	395.442
33.853	395.268
33.863	395.492
33.873	395.972
33.883	396.834
33.893	397.461
33.903	397.523
33.913	397.435
33.923	397.310
33.933	397.319
33.943	397.126
33.953	396.921
33.963	396.786
33.973	396.573
33.983	396.402
33.993	396.173
34.003	395.726
34.013	395.257
34.023	400.556
34.033	418.171
34.043	422.543
34.053	429.337
34.063	441.958
34.073	446.105
34.083	446.407
34.093	445.834
34.103	445.070
34.113	444.936
34.123	444.161
34.133	443.346
34.143	442.434
34.153	441.957
34.163	441.281
34.173	440.661
34.183	440.264
34.193	440.304
34.203	440.300
34.213	440.247
34.223	440.012
34.233	440.115
34.243	439.965
34.253	439.761
34.263	439.488
34.273	439.404
34.283	439.496
34.293	439.043
34.303	438.973
34.313	438.790
34.323	438.829
34.333	438.632
34.343	438.607
34.353	438.534
34.363	438.933
34.373	439.102
34.383	439.582
34.393	439.921
34.403	439.895
34.413	439.581
34.423	439.202
34.433	439.026
34.443	438.931
34.453	438.756
34.463	438.787
34.473	438.457
34.483	438.461
34.493	438.031
34.503	437.554
34.513	437.122
34.523	436.045
34.533	435.216
34.543	434.092
34.553	433.522
34.563	431.923
34.573	432.987
34.583	0.000
34.593	0.000
34.603	500.919
34.613	501.678
34.623	501.577
34.633	501.694
34.643	501.022
34.653	500.026
34.663	499.464
34.673	498.518
34.683	497.622
34.693	496.967
34.703	496.354
34.713	496.160
34.723	495.813
34.733	496.035
34.743	495.951
34.753	496.463
34.763	496.616
34.773	497.856
34.783	499.050
34.793	499.741
34.803	500.341
34.813	501.126
34.823	501.611
34.833	501.470
34.843	501.113
34.853	500.074
34.863	498.410
34.873	497.427
34.883	495.263
34.893	493.553
34.903	492.588
34.913	492.538
34.923	492.203
34.933	492.123
34.943	492.356
34.953	492.767
34.963	493.752
34.973	494.890
34.983	495.368
34.993	496.756
35.003	498.301
35.013	499.716
35.023	500.223
35.033	501.010
35.043	500.912
35.053	500.426
35.063	499.271
35.073	497.419
35.083	495.451
35.093	494.455
35.103	492.563
35.113	491.951
35.123	491.532
35.133	491.481
35.143	491.611
35.153	491.996
35.163	492.256
35.173	493.548
35.183	495.091
35.193	497.339
35.203	498.490
35.213	499.653
35.223	500.107
35.233	499.957
35.243	498.611
35.253	496.471
35.263	494.212
35.273	492.953
35.283	491.318
35.293	490.721
35.303	490.384
35.313	490.883
35.323	491.575
35.333	492.454
35.343	492.865
35.353	493.331
35.363	493.388
35.373	493.797
35.383	493.865
35.393	494.200
35.403	494.312
35.413	494.694
35.423	495.721
35.433	496.504
35.443	497.776
35.453	497.984
35.463	499.037
35.473	499.671
35.483	500.159
35.493	500.362
35.503	501.363
35.513	502.033
35.523	501.669
35.533	501.424
35.543	502.423
35.553	0.000
35.563	0.000
35.573	0.000
35.583	655.213
35.593	657.834
35.603	658.925
35.613	658.405
35.623	657.805
35.633	657.388
35.643	656.122
35.653	654.397
35.663	652.966
35.673	652.101
35.683	650.168
35.693	648.533
35.703	648.087
35.713	648.013
35.723	649.381
35.733	652.398
35.743	654.856
35.753	658.905
35.763	662.680
35.773	664.243
35.783	665.544
35.793	665.334
35.803	664.380
35.813	663.313
35.823	660.458
35.833	657.479
35.843	652.607
35.853	650.595
35.863	649.104
35.873	648.763
35.883	648.996
35.893	649.655
35.903	651.004
35.913	653.151
35.923	654.941
35.933	658.460
35.943	661.884
35.953	663.635
35.963	664.544
35.973	664.103
35.983	662.982
35.993	661.922
36.003	659.481
36.013	656.624
36.023	652.930
36.033	651.294
36.043	649.394
36.053	648.203
36.063	647.865
36.073	647.909
36.083	648.676
36.093	650.027
36.103	651.123
36.113	653.934
36.123	657.036
36.133	658.406
36.143	661.104
36.153	662.756
36.163	663.030
36.173	662.940
36.183	662.343
36.193	660.655
36.203	658.627
36.213	657.478
36.223	655.098
36.233	651.431
36.243	649.032
36.253	644.570
36.263	635.414
36.273	643.619
36.283	645.921
36.293	650.001
36.303	652.833
36.313	654.887
36.323	657.947
36.333	660.583
36.343	662.126
36.353	662.238
36.363	662.215
36.373	661.926
36.383	661.153
36.393	660.420
36.403	658.756
36.413	656.578
36.423	655.228
36.433	652.352
36.443	649.808
36.453	648.320
36.463	647.650
36.473	646.986
36.483	646.635
36.493	646.772
36.503	647.604
36.513	649.632
36.523	653.165
36.533	655.369
36.543	658.017
36.553	658.131
36.563	0.000
36.573	0.000
36.583	0.000
36.593	657.403
36.603	657.470
36.613	655.933
36.623	652.719
36.633	649.370
36.643	648.045
36.653	646.389
36.663	645.860
36.673	645.870
36.683	646.665
36.693	648.392
36.703	650.714
36.713	652.448
36.723	656.801
36.733	659.422
36.743	661.011
36.753	661.241
36.763	661.520
36.773	661.430
36.783	661.262
36.793	660.289
36.803	658.992
36.813	657.628
36.823	657.159
36.833	656.569
36.843	656.680
36.853	657.112
36.863	657.378
36.873	657.716
36.883	657.871
36.893	657.881
36.903	657.925
36.913	657.645
36.923	657.416
36.933	657.402
36.943	657.350
36.953	657.056
36.963	656.690
36.973	655.293
36.983	651.983
36.993	647.924
37.003	645.861
37.013	641.193
37.023	633.076
37.033	626.915
37.043	623.746
37.053	595.478
37.063	592.956
37.073	594.601
37.083	595.908
37.093	594.776
37.103	592.568
37.113	591.318
37.123	587.666
37.133	583.689
37.143	582.704
37.153	582.186
37.163	582.912
37.173	585.246
37.183	586.531
37.193	589.668
37.203	593.161
37.213	595.128
37.223	595.517
37.233	595.983
37.243	596.029
37.253	595.544
37.263	593.740
37.273	591.092
37.283	586.951
37.293	585.107
37.303	583.724
37.313	583.587
37.323	583.893
37.333	584.548
37.343	585.619
37.353	586.627
37.363	586.860
37.373	587.219
37.383	587.045
37.393	586.544
37.403	586.030
37.413	585.151
37.423	584.650
37.433	584.773
37.443	585.191
37.453	585.452
37.463	584.745
37.473	584.289
37.483	583.919
37.493	583.749
37.503	583.588
37.513	580.837
37.523	577.902
37.533	573.649
37.543	572.161
37.553	568.086
37.563	543.091
37.573	525.581
37.583	525.027
37.593	524.178
37.603	523.107
37.613	522.510
37.623	521.199
37.633	519.908
37.643	518.281
37.653	517.684
37.663	516.904
37.673	516.593
37.683	516.962
37.693	518.181
37.703	519.558
37.713	521.349
37.723	522.425
37.733	523.729
37.743	524.535
37.753	524.322
37.763	523.744
37.773	522.926
37.783	521.630
37.793	520.944
37.803	520.056
37.813	519.699
37.823	519.952
37.833	520.389
37.843	520.944
37.853	521.651
37.863	522.033
37.873	522.293
37.883	522.544
37.893	522.640
37.903	522.608
37.913	522.695
37.923	522.530
37.933	522.383
37.943	522.544
37.953	522.210
37.963	521.968
37.973	522.076
37.983	521.529
37.993	520.806
38.003	519.763
38.013	517.999
38.023	513.291
38.033	507.240
38.043	504.260
38.053	505.038
38.063	484.542
38.073	494.120
38.083	496.238
38.093	496.815
38.103	495.863
38.113	494.830
38.123	494.105
38.133	493.360
38.143	492.731
38.153	492.420
38.163	492.010
38.173	492.366
38.183	493.130
38.193	493.805
38.203	495.529
38.213	497.601
38.223	499.112
38.233	499.542
38.243	500.054
38.253	500.030
38.263	499.724
38.273	498.369
38.283	495.987
38.293	493.156
38.303	492.088
38.313	490.955
38.323	490.647
38.333	490.879
38.343	491.626
38.353	492.703
38.363	494.541
38.373	495.294
38.383	496.819
38.393	496.952
38.403	496.727
38.413	496.733
38.423	496.952
38.433	497.311
38.443	497.411
38.453	497.870
38.463	497.984
38.473	498.081
38.483	498.225
38.493	498.611
38.503	498.953
38.513	499.025
38.523	499.734
38.533	501.013
38.543	504.867
38.553	517.612
38.563	523.377
38.573	525.601
38.583	527.084
38.593	527.567
38.603	527.470
38.613	526.866
38.623	526.127
38.633	524.135
38.643	521.761
38.653	519.563
38.663	518.482
38.673	516.823
38.683	516.058
38.693	516.135
38.703	516.891
38.713	518.068
38.723	519.663
38.733	520.622
38.743	522.551
38.753	524.200
38.763	525.269
38.773	525.679
38.783	526.154
38.793	526.205
38.803	526.020
38.813	524.668
38.823	522.758
38.833	520.867
38.843	520.073
38.853	518.402
38.863	516.878
38.873	516.140
38.883	515.290
38.893	514.967
38.903	515.262
38.913	515.724
38.923	516.814
38.933	518.021
38.943	519.268
38.953	519.894
38.963	521.520
38.973	523.063
38.983	523.696
38.993	524.755
39.003	525.287
39.013	524.201
39.023	523.625
39.033	522.091
39.043	520.511
39.053	519.722
39.063	518.248
39.073	516.872
39.083	515.769
39.093	515.552
39.103	515.677
39.113	516.484
39.123	517.805
39.133	518.625
39.143	520.503
39.153	522.124
39.163	523.009
39.173	524.608
39.183	525.606
39.193	525.671
39.203	525.289
39.213	523.892
39.223	522.134
39.233	521.255
39.243	520.044
39.253	519.318
39.263	519.598
39.273	520.183
39.283	520.944
39.293	522.112
39.303	523.240
39.313	523.438
39.323	523.636
39.333	523.472
39.343	522.872
39.353	522.663
39.363	523.149
39.373	523.111
39.383	522.903
39.393	523.273
39.403	522.726
39.413	522.957
39.423	523.283
39.433	523.354
39.443	523.437
39.453	524.084
39.463	525.216
39.473	527.972
39.483	535.620
39.493	0.000
39.503	0.000
39.513	0.000
39.523	0.000
39.533	0.000
39.543	0.000
39.553	0.000
39.563	439.962
39.573	440.247
39.583	439.688
39.593	440.035
39.603	440.187
39.613	440.464
39.623	439.969
39.633	439.342
39.643	437.645
39.653	435.520
39.663	433.692
39.673	433.147
39.683	432.672
39.693	432.625
39.703	432.615
39.713	433.184
39.723	434.367
39.733	436.124
39.743	437.298
39.753	439.413
39.763	440.261
39.773	439.718
39.783	438.984
39.793	436.419
39.803	434.274
39.813	433.915
39.823	433.171
39.833	433.042
39.843	433.660
39.853	434.093
39.863	434.773
39.873	435.508
39.883	435.776
39.893	436.226
39.903	436.596
39.913	436.924
39.923	437.012
39.933	437.223
39.943	437.355
39.953	437.559
39.963	437.798
39.973	437.627
39.983	436.547
39.993	435.232
40.003	433.771
40.013	432.749
40.023	431.488
40.033	431.369
40.043	0.000
40.053	482.787
40.063	485.083
40.073	497.196
40.083	501.556
40.093	502.822
40.103	502.998
40.113	503.236
40.123	502.410
40.133	500.889
40.143	499.965
40.153	498.265
40.163	497.157
40.173	497.309
40.183	497.346
40.193	497.894
40.203	498.809
40.213	499.328
40.223	500.236
40.233	501.159
40.243	501.619
40.253	502.367
40.263	503.057
40.273	503.935
40.283	504.655
40.293	506.518
40.303	510.754
40.313	519.795
40.323	523.283
40.333	526.239
40.343	527.636
40.353	527.664
40.363	527.719
40.373	527.495
40.383	527.054
40.393	526.966
40.403	526.495
40.413	525.837
40.423	525.334
40.433	524.800
40.443	524.895
40.453	525.110
40.463	525.228
40.473	525.495
40.483	525.852
40.493	525.932
40.503	525.929
40.513	526.047
40.523	526.151
40.533	526.337
40.543	527.148
40.553	528.264
40.563	528.635
40.573	528.687
40.583	528.756
40.593	528.644
40.603	528.121
40.613	530.292
40.623	541.904
40.633	571.843
40.643	577.288
40.653	594.536
40.663	598.476
40.673	599.398
40.683	599.553
40.693	599.023
40.703	598.161
40.713	597.487
40.723	595.310
40.733	592.908
40.743	590.094
40.753	589.044
40.763	587.763
40.773	588.095
40.783	589.700
40.793	590.459
40.803	592.467
40.813	593.721
40.823	594.131
40.833	595.648
40.843	597.140
40.853	597.944
40.863	598.084
40.873	597.736
40.883	596.215
40.893	595.417
40.903	593.592
40.913	591.004
40.923	587.460
40.933	585.942
40.943	584.865
40.953	585.003
40.963	586.117
40.973	586.784
40.983	587.996
40.993	589.644
41.003	590.518
41.013	591.207
41.023	591.866
41.033	592.221
41.043	592.440
41.053	593.356
41.063	594.104
41.073	594.275
41.083	593.704
41.093	592.130
41.103	589.743
41.113	587.997
41.123	584.400
41.133	581.823
41.143	580.418
41.153	580.403
41.163	581.239
41.173	582.154
41.183	582.838
41.193	586.188
41.203	589.866
41.213	594.235
41.223	595.528
41.233	596.637
41.243	597.005
41.253	596.855
41.263	596.030
41.273	594.277
41.283	592.015
41.293	591.019
41.303	589.267
41.313	589.645
41.323	590.759
41.333	590.695
41.343	590.110
41.353	589.797
41.363	589.842
41.373	589.530
41.383	588.821
41.393	589.090
41.403	590.013
41.413	591.204
41.423	586.414
41.433	584.452
41.443	587.117
41.453	589.756
41.463	587.869
41.473	588.060
41.483	590.047
41.493	595.518
41.503	0.000
41.513	0.000
41.523	0.000
41.533	0.000
41.543	0.000
41.553	399.138
41.563	399.991
41.573	400.082
41.583	400.122
41.593	399.995
41.603	399.574
41.613	399.230
41.623	398.462
41.633	397.260
41.643	395.791
41.653	395.246
41.663	394.158
41.673	393.271
41.683	392.842
41.693	392.898
41.703	393.058
41.713	393.437
41.723	393.729
41.733	394.571
41.743	395.541
41.753	396.443
41.763	396.717
41.773	397.430
41.783	397.998
41.793	398.142
41.803	398.261
41.813	398.394
41.823	398.306
41.833	398.211
41.843	397.487
41.853	395.463
41.863	391.879
41.873	389.556
41.883	383.689
41.893	378.024
41.903	379.246
41.913	383.285
41.923	386.788
41.933	389.224
41.943	390.060
41.953	391.830
41.963	393.870
41.973	396.734
41.983	397.759
41.993	398.884
42.003	399.864
42.013	400.208
42.023	400.482
42.033	399.715
42.043	397.954
42.053	396.577
42.063	393.489
42.073	390.883
42.083	390.167
42.093	388.760
42.103	387.646
42.113	387.680
42.123	388.218
42.133	390.027
42.143	391.850
42.153	393.286
42.163	393.856
42.173	394.135
42.183	394.450
42.193	394.883
42.203	395.725
42.213	394.809
42.223	393.156
42.233	392.495
42.243	391.773
42.253	391.638
42.263	391.838
42.273	392.421
42.283	392.661
42.293	393.140
42.303	393.465
42.313	394.483
42.323	394.475
42.333	393.587
42.343	393.163
42.353	393.161
42.363	394.120
42.373	394.378
42.383	394.183
42.393	393.864
42.403	394.364
42.413	395.054
42.423	395.655
42.433	395.693
42.443	395.916
42.453	396.310
42.463	396.350
42.473	395.859
42.483	395.712
42.493	395.576
42.503	396.288
42.513	396.453
42.523	396.136
42.533	395.505
42.543	393.899
42.553	393.705
42.563	0.000
42.573	441.147
42.583	445.160
42.593	446.303
42.603	448.071
42.613	449.357
42.623	449.618
42.633	449.173
42.643	448.672
42.653	447.748
42.663	447.089
42.673	445.503
42.683	443.802
42.693	441.667
42.703	440.894
42.713	440.311
42.723	440.001
42.733	440.256
42.743	440.996
42.753	442.782
42.763	445.374
42.773	446.359
42.783	447.609
42.793	448.334
42.803	448.461
42.813	448.084
42.823	446.750
42.833	444.839
42.843	443.841
42.853	442.274
42.863	441.701
42.873	442.070
42.883	442.472
42.893	443.606
42.903	444.516
42.913	445.113
42.923	445.788
42.933	446.149
42.943	446.233
42.953	446.097
42.963	445.619
42.973	444.977
42.983	444.497
42.993	443.768
43.003	443.375
43.013	442.965
43.023	442.999
43.033	442.852
43.043	442.945
43.053	443.060
43.063	443.035
43.073	443.081
43.083	443.421
43.093	443.455
43.103	443.305
43.113	442.609
43.123	441.999
43.133	441.757
43.143	441.797
43.153	442.135
43.163	442.460
43.173	442.747
43.183	442.491
43.193	442.278
43.203	442.253
43.213	441.991
43.223	442.330
43.233	442.712
43.243	442.988
43.253	443.454
43.263	443.603
43.273	443.544
43.283	443.195
43.293	442.213
43.303	440.613
43.313	439.890
43.323	436.668
43.333	431.582
43.343	432.505
43.353	426.310
43.363	398.596
43.373	399.179
43.383	399.213
43.393	399.397
43.403	398.586
43.413	397.068
43.423	396.033
43.433	394.029
43.443	392.375
43.453	392.018
43.463	391.760
43.473	391.786
43.483	392.433
43.493	392.821
43.503	393.843
43.513	394.611
43.523	395.444
43.533	396.049
43.543	397.151
43.553	397.697
43.563	397.930
43.573	398.315
43.583	398.292
43.593	397.863
43.603	397.514
43.613	396.769
43.623	395.626
43.633	394.993
43.643	393.798
43.653	393.027
43.663	392.463
43.673	392.432
43.683	392.903
43.693	393.966
43.703	395.066
43.713	395.415
43.723	396.056
43.733	396.620
43.743	396.842
43.753	397.259
43.763	397.378
43.773	396.875
43.783	396.519
43.793	395.615
43.803	394.603
43.813	394.444
43.823	394.584
43.833	394.347
43.843	393.883
43.853	393.555
43.863	393.122
43.873	392.681
43.883	392.250
43.893	392.197
43.903	392.428
43.913	392.917
43.923	393.352
43.933	394.224
43.943	394.497
43.953	394.876
43.963	395.273
43.973	395.862
43.983	396.161
43.993	396.344
44.003	396.526
44.013	396.437
44.023	395.908
44.033	395.534
44.043	394.973
44.053	394.749
44.063	394.520
44.073	394.574
44.083	394.190
44.093	393.814
44.103	393.702
44.113	393.556
44.123	393.496
44.133	393.561
44.143	393.557
44.153	393.642
44.163	393.768
44.173	393.878
44.183	393.957
44.193	394.302
44.203	394.970
44.213	395.235
44.223	395.840
44.233	395.861
44.243	395.573
44.253	395.379
44.263	394.629
44.273	393.821
44.283	393.473
44.293	392.957
44.303	392.784
44.313	392.349
44.323	391.933
44.333	391.402
44.343	391.089
44.353	391.118
44.363	391.203
44.373	391.498
44.383	391.744
44.393	391.942
44.403	392.298
44.413	392.853
44.423	393.481
44.433	393.613
44.443	394.455
44.453	395.175
44.463	395.492
44.473	396.084
44.483	396.255
44.493	395.755
44.503	395.383
44.513	394.630
44.523	393.798
44.533	393.089
44.543	392.772
44.553	392.477
44.563	392.377
44.573	392.268
44.583	391.902
44.593	391.592
44.603	391.254
44.613	391.074
44.623	390.897
44.633	390.877
44.643	390.931
44.653	391.051
44.663	391.496
44.673	392.523
44.683	392.785
44.693	393.157
44.703	393.107
44.713	393.410
44.723	393.390
44.733	392.951
44.743	392.022
44.753	391.477
44.763	390.504
44.773	389.934
44.783	389.988
44.793	390.004
44.803	389.812
44.813	389.460
44.823	389.482
44.833	389.536
44.843	389.908
44.853	390.430
44.863	390.764
44.873	391.353
44.883	391.864
44.893	392.196
44.903	392.419
44.913	393.142
44.923	394.188
44.933	394.650
44.943	394.866
44.953	394.715
44.963	394.320
44.973	394.030
44.983	393.488
44.993	392.539
45.003	392.173
45.013	391.566
45.023	391.029
45.033	390.517
45.043	390.377
45.053	390.053
45.063	390.005
45.073	390.447
45.083	390.752
45.093	391.391
45.103	392.021
45.113	392.393
45.123	393.306
45.133	394.154
45.143	395.037
45.153	395.395
45.163	395.997
45.173	396.467
45.183	396.507
45.193	396.479
45.203	395.805
45.213	394.453
45.223	394.036
45.233	393.667
45.243	393.529
45.253	393.362
45.263	393.202
45.273	393.398
45.283	394.322
45.293	394.602
45.303	394.199
45.313	394.104
45.323	0.000
45.333	0.000
45.343	0.000
45.353	0.000
45.363	0.000
45.373	0.000
45.383	0.000
45.393	0.000
45.403	0.000
45.413	0.000
45.423	0.000
45.433	0.000
45.443	0.000
45.453	0.000
45.463	0.000
45.473	0.000
45.483	0.000
45.493	0.000
45.503	0.000
45.513	0.000
45.523	0.000
45.533	0.000
45.543	0.000
45.553	0.000
45.563	0.000
45.573	0.000
45.583	0.000
45.593	0.000
45.603	0.000
45.613	0.000
45.623	0.000
45.633	0.000
45.643	0.000
45.653	0.000
45.663	0.000
45.673	0.000
45.683	0.000
45.693	0.000
45.703	0.000
45.713	0.000
45.723	0.000
45.733	0.000
45.743	0.000
45.753	0.000
45.763	0.000
45.773	0.000
45.783	0.000
45.793	0.000
45.803	0.000
45.813	0.000
45.823	0.000
45.833	0.000
45.843	0.000
45.853	0.000
45.863	0.000
45.873	0.000
45.883	0.000
45.893	0.000
45.903	0.000
45.913	0.000
45.923	0.000
45.933	0.000
45.943	0.000
45.953	0.000
45.963	0.000
45.973	0.000
45.983	0.000
45.993	0.000
46.003	0.000
46.013	0.000
46.023	0.000
46.033	0.000
46.043	0.000
46.053	0.000
46.063	0.000
46.073	0.000
46.083	0.000
46.093	0.000
46.103	0.000
46.113	0.000
46.123	0.000
46.133	0.000
46.143	0.000
46.153	0.000
46.163	0.000
46.173	0.000
46.183	0.000
46.193	0.000
46.203	0.000
46.213	0.000
46.223	0.000
46.233	0.000
46.243	0.000
46.253	0.000
46.263	0.000
46.273	0.000
46.283	0.000
46.293	0.000
46.303	0.000
46.313	0.000
46.323	0.000
46.333	0.000
46.343	0.000
46.353	0.000
46.363	0.000
46.373	0.000
46.383	0.000
46.393	0.000
46.403	0.000
46.413	0.000
46.423	0.000
46.433	0.000
46.443	0.000
46.453	0.000
46.463	0.000
46.473	0.000
46.483	0.000
46.493	0.000
46.503	0.000
46.513	0.000
46.523	0.000
46.533	0.000
46.543	0.000
46.553	0.000
46.563	0.000
46.573	0.000
46.583	0.000
46.593	0.000
46.603	0.000
46.613	0.000
46.623	0.000
46.633	0.000
46.643	0.000
46.653	0.000
46.663	0.000
46.673	0.000
46.683	0.000
46.693	0.000
46.703	0.000
