0.023	0.000
0.033	0.000
0.043	0.000
0.053	0.000
0.063	0.000
0.073	0.000
0.083	0.000
0.093	0.000
0.103	0.000
0.113	0.000
0.123	0.000
0.133	0.000
0.143	0.000
0.153	0.000
0.163	0.000
0.173	0.000
0.183	0.000
0.193	0.000
0.203	0.000
0.213	0.000
0.223	0.000
0.233	0.000
0.243	0.000
0.253	0.000
0.263	0.000
0.273	0.000
0.283	0.000
0.293	0.000
0.303	0.000
0.313	0.000
0.323	0.000
0.333	0.000
0.343	0.000
0.353	0.000
0.363	0.000
0.373	0.000
0.383	0.000
0.393	0.000
0.403	0.000
0.413	0.000
0.423	0.000
0.433	0.000
0.443	0.000
0.453	0.000
0.463	0.000
0.473	0.000
0.483	0.000
0.493	0.000
0.503	0.000
0.513	0.000
0.523	0.000
0.533	0.000
0.543	0.000
0.553	0.000
0.563	0.000
0.573	0.000
0.583	0.000
0.593	0.000
0.603	0.000
0.613	0.000
0.623	0.000
0.633	0.000
0.643	0.000
0.653	0.000
0.663	0.000
0.673	0.000
0.683	0.000
0.693	0.000
0.703	0.000
0.713	0.000
0.723	0.000
0.733	0.000
0.743	0.000
0.753	0.000
0.763	0.000
0.773	0.000
0.783	0.000
0.793	0.000
0.803	0.000
0.813	0.000
0.823	0.000
0.833	0.000
0.843	0.000
0.853	0.000
0.863	0.000
0.873	0.000
0.883	0.000
0.893	0.000
0.903	0.000
0.913	0.000
0.923	0.000
0.933	0.000
0.943	0.000
0.953	0.000
0.963	0.000
0.973	0.000
0.983	0.000
0.993	0.000
1.003	0.000
1.013	0.000
1.023	0.000
1.033	0.000
1.043	0.000
1.053	0.000
1.063	0.000
1.073	0.000
1.083	0.000
1.093	0.000
1.103	0.000
1.113	0.000
1.123	0.000
1.133	0.000
1.143	0.000
1.153	0.000
1.163	0.000
1.173	0.000
1.183	0.000
1.193	0.000
1.203	0.000
1.213	0.000
1.223	0.000
1.233	0.000
1.243	0.000
1.253	0.000
1.263	0.000
1.273	0.000
1.283	0.000
1.293	0.000
1.303	0.000
1.313	0.000
1.323	0.000
1.333	0.000
1.343	0.000
1.353	0.000
1.363	0.000
1.373	0.000
1.383	0.000
1.393	0.000
1.403	0.000
1.413	0.000
1.423	0.000
1.433	0.000
1.443	0.000
1.453	0.000
1.463	0.000
1.473	0.000
1.483	0.000
1.493	0.000
1.503	0.000
1.513	0.000
1.523	0.000
1.533	0.000
1.543	0.000
1.553	0.000
1.563	0.000
1.573	0.000
1.583	0.000
1.593	0.000
1.603	0.000
1.613	0.000
1.623	0.000
1.633	0.000
1.643	0.000
1.653	0.000
1.663	0.000
1.673	0.000
1.683	0.000
1.693	0.000
1.703	0.000
1.713	0.000
1.723	0.000
1.733	0.000
1.743	0.000
1.753	0.000
1.763	0.000
1.773	0.000
1.783	0.000
1.793	0.000
1.803	0.000
1.813	0.000
1.823	0.000
1.833	0.000
1.843	0.000
1.853	0.000
1.863	0.000
1.873	0.000
1.883	0.000
1.893	0.000
1.903	0.000
1.913	0.000
1.923	0.000
1.933	0.000
1.943	0.000
1.953	0.000
1.963	0.000
1.973	0.000
1.983	0.000
1.993	0.000
2.003	0.000
2.013	0.000
2.023	0.000
2.033	0.000
2.043	0.000
2.053	0.000
2.063	0.000
2.073	0.000
2.083	0.000
2.093	0.000
2.103	0.000
2.113	0.000
2.123	0.000
2.133	0.000
2.143	0.000
2.153	0.000
2.163	0.000
2.173	0.000
2.183	0.000
2.193	0.000
2.203	0.000
2.213	0.000
2.223	0.000
2.233	0.000
2.243	0.000
2.253	0.000
2.263	0.000
2.273	0.000
2.283	0.000
2.293	0.000
2.303	0.000
2.313	0.000
2.323	0.000
2.333	0.000
2.343	0.000
2.353	0.000
2.363	0.000
2.373	0.000
2.383	0.000
2.393	0.000
2.403	0.000
2.413	0.000
2.423	0.000
2.433	0.000
2.443	0.000
2.453	0.000
2.463	0.000
2.473	0.000
2.483	0.000
2.493	0.000
2.503	0.000
2.513	0.000
2.523	0.000
2.533	0.000
2.543	0.000
2.553	0.000
2.563	0.000
2.573	0.000
2.583	0.000
2.593	0.000
2.603	0.000
2.613	0.000
2.623	0.000
2.633	0.000
2.643	0.000
2.653	0.000
2.663	0.000
2.673	0.000
2.683	0.000
2.693	0.000
2.703	0.000
2.713	0.000
2.723	0.000
2.733	0.000
2.743	0.000
2.753	0.000
2.763	0.000
2.773	0.000
2.783	0.000
2.793	0.000
2.803	0.000
2.813	0.000
2.823	0.000
2.833	0.000
2.843	0.000
2.853	0.000
2.863	186.563
2.873	190.389
2.883	192.744
2.893	193.344
2.903	193.945
2.913	194.487
2.923	194.960
2.933	195.385
2.943	195.438
2.953	195.606
2.963	195.627
2.973	195.382
2.983	195.433
2.993	194.748
3.003	194.364
3.013	193.853
3.023	193.719
3.033	193.375
3.043	193.982
3.053	194.235
3.063	193.775
3.073	193.852
3.083	193.815
3.093	193.943
3.103	194.471
3.113	194.117
3.123	193.654
3.133	193.892
3.143	194.254
3.153	194.013
3.163	194.497
3.173	193.950
3.183	193.850
3.193	193.475
3.203	193.898
3.213	194.376
3.223	193.648
3.233	193.323
3.243	194.278
3.253	194.054
3.263	193.625
3.273	191.756
3.283	187.837
3.293	183.742
3.303	0.000
3.313	185.216
3.323	186.309
3.333	189.376
3.343	196.486
3.353	194.611
3.363	193.330
3.373	194.335
3.383	195.357
3.393	195.077
3.403	194.447
3.413	194.193
3.423	193.615
3.433	193.246
3.443	194.063
3.453	194.914
3.463	194.761
3.473	194.750
3.483	195.124
3.493	195.556
3.503	195.809
3.513	196.088
3.523	196.016
3.533	196.257
3.543	196.717
3.553	195.962
3.563	194.826
3.573	194.834
3.583	194.686
3.593	193.850
3.603	193.855
3.613	193.972
3.623	194.243
3.633	194.544
3.643	194.667
3.653	194.842
3.663	195.437
3.673	195.556
3.683	195.484
3.693	195.286
3.703	195.187
3.713	195.116
3.723	195.237
3.733	195.535
3.743	195.304
3.753	195.180
3.763	195.250
3.773	195.359
3.783	195.500
3.793	195.118
3.803	195.266
3.813	195.536
3.823	195.436
3.833	195.173
3.843	195.131
3.853	194.919
3.863	194.782
3.873	194.300
3.883	193.583
3.893	0.000
3.903	0.000
3.913	0.000
3.923	0.000
3.933	0.000
3.943	197.107
3.953	196.094
3.963	195.625
3.973	195.675
3.983	193.887
3.993	192.550
4.003	192.536
4.013	192.839
4.023	194.197
4.033	194.485
4.043	194.314
4.053	194.807
4.063	195.024
4.073	195.044
4.083	195.472
4.093	195.993
4.103	195.903
4.113	195.800
4.123	196.150
4.133	196.051
4.143	195.053
4.153	194.639
4.163	193.847
4.173	193.175
4.183	192.760
4.193	192.569
4.203	192.607
4.213	192.720
4.223	192.732
4.233	193.063
4.243	193.545
4.253	193.962
4.263	194.342
4.273	195.123
4.283	195.407
4.293	195.279
4.303	195.237
4.313	194.926
4.323	193.901
4.333	193.692
4.343	193.360
4.353	192.913
4.363	193.102
4.373	193.763
4.383	193.793
4.393	193.359
4.403	193.580
4.413	194.604
4.423	195.003
4.433	195.049
4.443	195.018
4.453	195.064
4.463	194.753
4.473	194.635
4.483	194.871
4.493	194.800
4.503	194.091
4.513	193.603
4.523	193.695
4.533	195.809
4.543	195.766
4.553	194.516
4.563	193.061
4.573	194.368
4.583	195.041
4.593	0.000
4.603	0.000
4.613	0.000
4.623	0.000
4.633	0.000
4.643	0.000
4.653	0.000
4.663	0.000
4.673	0.000
4.683	0.000
4.693	0.000
4.703	0.000
4.713	0.000
4.723	291.891
4.733	291.980
4.743	292.707
4.753	292.268
4.763	291.989
4.773	292.407
4.783	292.758
4.793	293.483
4.803	294.253
4.813	294.861
4.823	295.045
4.833	295.089
4.843	295.070
4.853	294.906
4.863	294.855
4.873	294.999
4.883	295.322
4.893	295.212
4.903	294.861
4.913	294.568
4.923	294.865
4.933	295.144
4.943	295.581
4.953	295.610
4.963	295.134
4.973	294.641
4.983	294.103
4.993	292.478
5.003	291.302
5.013	0.000
5.023	0.000
5.033	0.000
5.043	0.000
5.053	0.000
5.063	0.000
5.073	247.897
5.083	247.219
5.093	246.509
5.103	246.679
5.113	246.922
5.123	247.078
5.133	247.438
5.143	247.966
5.153	248.807
5.163	249.198
5.173	249.950
5.183	250.878
5.193	251.060
5.203	251.304
5.213	250.643
5.223	249.734
5.233	249.189
5.243	248.323
5.253	247.621
5.263	246.942
5.273	246.767
5.283	246.653
5.293	247.430
5.303	248.219
5.313	248.704
5.323	249.418
5.333	250.427
5.343	250.442
5.353	250.965
5.363	251.404
5.373	251.269
5.383	250.684
5.393	249.814
5.403	249.428
5.413	248.614
5.423	248.868
5.433	248.714
5.443	249.260
5.453	249.327
5.463	249.206
5.473	249.861
5.483	250.520
5.493	251.336
5.503	251.775
5.513	251.636
5.523	252.222
5.533	250.935
5.543	255.970
5.553	0.000
5.563	0.000
5.573	0.000
5.583	0.000
5.593	0.000
5.603	0.000
5.613	194.411
5.623	195.012
5.633	195.085
5.643	194.958
5.653	194.999
5.663	195.256
5.673	195.141
5.683	195.237
5.693	195.215
5.703	195.284
5.713	195.357
5.723	195.278
5.733	195.299
5.743	195.446
5.753	195.254
5.763	195.254
5.773	195.252
5.783	195.227
5.793	195.315
5.803	195.340
5.813	195.329
5.823	195.371
5.833	195.299
5.843	195.250
5.853	195.294
5.863	195.276
5.873	195.248
5.883	195.210
5.893	195.220
5.903	195.291
5.913	195.326
5.923	195.259
5.933	195.288
5.943	195.315
5.953	195.362
5.963	195.285
5.973	195.192
5.983	195.239
5.993	195.246
6.003	195.255
6.013	195.284
6.023	195.252
6.033	195.256
6.043	195.368
6.053	195.252
6.063	195.326
6.073	195.239
6.083	195.092
6.093	195.038
6.103	194.902
6.113	193.782
6.123	0.000
6.133	0.000
6.143	0.000
6.153	0.000
6.163	0.000
6.173	0.000
6.183	0.000
6.193	291.766
6.203	291.793
6.213	291.841
6.223	292.062
6.233	292.488
6.243	292.432
6.253	291.578
6.263	292.654
6.273	293.182
6.283	293.604
6.293	293.985
6.303	293.113
6.313	291.893
6.323	291.384
6.333	291.347
6.343	291.242
6.353	291.253
6.363	290.535
6.373	290.740
6.383	290.672
6.393	290.603
6.403	290.315
6.413	290.591
6.423	290.684
6.433	290.395
6.443	290.774
6.453	290.885
6.463	291.267
6.473	291.107
6.483	292.034
6.493	291.673
6.503	292.022
6.513	292.447
6.523	292.671
6.533	292.456
6.543	291.850
6.553	291.994
6.563	291.669
6.573	291.197
6.583	291.142
6.593	291.074
6.603	291.353
6.613	291.075
6.623	291.340
6.633	291.581
6.643	292.097
6.653	291.530
6.663	291.832
6.673	291.959
6.683	295.111
6.693	295.893
6.703	296.015
6.713	295.833
6.723	296.089
6.733	295.590
6.743	294.864
6.753	293.884
6.763	293.091
6.773	293.312
6.783	292.377
6.793	291.076
6.803	292.329
6.813	292.877
6.823	292.307
6.833	292.159
6.843	293.469
6.853	295.130
6.863	294.926
6.873	295.395
6.883	295.778
6.893	296.690
6.903	296.944
6.913	296.004
6.923	294.977
6.933	296.159
6.943	295.127
6.953	293.219
6.963	294.312
6.973	294.773
6.983	294.765
6.993	293.521
7.003	295.187
7.013	295.174
7.023	295.522
7.033	295.703
7.043	296.117
7.053	295.940
7.063	296.002
7.073	294.937
7.083	293.957
7.093	295.244
7.103	296.910
7.113	295.010
7.123	294.836
7.133	294.445
7.143	292.361
7.153	292.614
7.163	292.054
7.173	289.779
7.183	288.658
7.193	287.027
7.203	0.000
7.213	0.000
7.223	0.000
7.233	0.000
7.243	0.000
7.253	0.000
7.263	246.838
7.273	246.145
7.283	246.496
7.293	246.560
7.303	247.391
7.313	247.729
7.323	248.132
7.333	248.518
7.343	249.249
7.353	249.877
7.363	249.899
7.373	249.769
7.383	249.210
7.393	248.570
7.403	248.151
7.413	247.304
7.423	246.958
7.433	246.073
7.443	245.529
7.453	245.426
7.463	245.560
7.473	245.941
7.483	246.903
7.493	247.787
7.503	248.319
7.513	248.423
7.523	248.717
7.533	248.829
7.543	248.725
7.553	248.567
7.563	247.690
7.573	247.756
7.583	247.018
7.593	246.895
7.603	246.964
7.613	246.463
7.623	246.154
7.633	245.699
7.643	245.411
7.653	246.112
7.663	246.534
7.673	246.880
7.683	247.055
7.693	247.199
7.703	247.796
7.713	248.339
7.723	248.225
7.733	248.458
7.743	249.404
7.753	251.619
7.763	248.888
7.773	248.231
7.783	249.477
7.793	249.588
7.803	249.479
7.813	248.821
7.823	247.871
7.833	247.075
7.843	246.400
7.853	245.842
7.863	245.537
7.873	245.415
7.883	245.592
7.893	246.098
7.903	247.072
7.913	247.961
7.923	248.289
7.933	249.202
7.943	249.696
7.953	250.640
7.963	250.406
7.973	250.316
7.983	249.095
7.993	247.815
8.003	247.411
8.013	247.177
8.023	246.423
8.033	246.051
8.043	246.607
8.053	246.605
8.063	247.143
8.073	247.795
8.083	247.854
8.093	248.501
8.103	249.542
8.113	249.551
8.123	249.437
8.133	249.397
8.143	249.583
8.153	249.216
8.163	249.153
8.173	248.550
8.183	248.270
8.193	248.314
8.203	248.977
8.213	248.826
8.223	248.529
8.233	248.921
8.243	248.834
8.253	248.218
8.263	248.633
8.273	248.330
8.283	248.679
8.293	248.245
8.303	254.892
8.313	258.854
8.323	261.256
8.333	261.862
8.343	263.345
8.353	263.802
8.363	262.725
8.373	262.754
8.383	261.510
8.393	260.136
8.403	259.269
8.413	258.838
8.423	258.162
8.433	257.924
8.443	258.225
8.453	258.462
8.463	258.821
8.473	259.448
8.483	259.873
8.493	260.560
8.503	261.220
8.513	261.375
8.523	261.677
8.533	261.397
8.543	261.040
8.553	260.317
8.563	259.407
8.573	258.313
8.583	257.899
8.593	257.896
8.603	257.839
8.613	257.553
8.623	257.084
8.633	257.959
8.643	257.621
8.653	257.882
8.663	258.012
8.673	258.170
8.683	258.569
8.693	258.923
8.703	258.591
8.713	258.867
8.723	259.320
8.733	259.108
8.743	259.365
8.753	259.316
8.763	258.898
8.773	259.266
8.783	258.278
8.793	257.191
8.803	257.069
8.813	257.395
8.823	257.210
8.833	256.201
8.843	255.806
8.853	255.825
8.863	256.275
8.873	256.873
8.883	256.938
8.893	256.932
8.903	256.805
8.913	256.560
8.923	256.963
8.933	257.610
8.943	258.173
8.953	258.811
8.963	260.335
8.973	261.701
8.983	262.152
8.993	263.069
9.003	263.325
9.013	262.783
9.023	262.324
9.033	261.122
9.043	260.320
9.053	259.470
9.063	258.923
9.073	257.940
9.083	257.251
9.093	257.390
9.103	257.833
9.113	258.737
9.123	259.931
9.133	260.533
9.143	260.980
9.153	262.399
9.163	262.590
9.173	264.451
9.183	0.000
9.193	0.000
9.203	0.000
9.213	0.000
9.223	264.166
9.233	265.426
9.243	264.408
9.253	264.533
9.263	264.772
9.273	265.855
9.283	0.000
9.293	0.000
9.303	0.000
9.313	0.000
9.323	0.000
9.333	0.000
9.343	0.000
9.353	0.000
9.363	0.000
9.373	0.000
9.383	0.000
9.393	0.000
9.403	295.172
9.413	293.200
9.423	292.777
9.433	292.666
9.443	291.796
9.453	291.796
9.463	292.719
9.473	292.645
9.483	292.574
9.493	291.883
9.503	290.884
9.513	291.347
9.523	291.573
9.533	292.023
9.543	293.566
9.553	294.679
9.563	294.713
9.573	294.967
9.583	294.314
9.593	293.783
9.603	294.212
9.613	293.698
9.623	292.793
9.633	293.069
9.643	292.042
9.653	292.597
9.663	293.926
9.673	292.677
9.683	291.012
9.693	291.379
9.703	291.604
9.713	291.908
9.723	293.677
9.733	292.816
9.743	293.079
9.753	295.076
9.763	294.755
9.773	294.463
9.783	295.999
9.793	295.537
9.803	295.092
9.813	295.791
9.823	0.000
9.833	0.000
9.843	0.000
9.853	0.000
9.863	291.222
9.873	290.445
9.883	289.298
9.893	288.943
9.903	288.108
9.913	288.438
9.923	289.060
9.933	289.222
9.943	290.272
9.953	292.558
9.963	293.351
9.973	295.045
9.983	295.645
9.993	295.397
10.003	294.909
10.013	294.049
10.023	293.211
10.033	292.827
10.043	292.336
10.053	290.833
10.063	290.959
10.073	292.043
10.083	292.291
10.093	291.303
10.103	291.197
10.113	292.277
10.123	293.409
10.133	294.116
10.143	294.509
10.153	295.169
10.163	295.833
10.173	295.875
10.183	295.977
10.193	0.000
10.203	0.000
10.213	0.000
10.223	0.000
10.233	0.000
10.243	0.000
10.253	0.000
10.263	0.000
10.273	0.000
10.283	0.000
10.293	0.000
10.303	0.000
10.313	0.000
10.323	0.000
10.333	0.000
10.343	0.000
10.353	0.000
10.363	0.000
10.373	0.000
10.383	0.000
10.393	0.000
10.403	188.291
10.413	189.405
10.423	192.416
10.433	193.576
10.443	194.234
10.453	193.542
10.463	192.975
10.473	193.555
10.483	193.695
10.493	193.731
10.503	193.379
10.513	192.496
10.523	193.018
10.533	193.728
10.543	194.930
10.553	194.177
10.563	193.559
10.573	194.448
10.583	195.039
10.593	195.156
10.603	195.127
10.613	194.615
10.623	194.948
10.633	194.458
10.643	193.932
10.653	193.852
10.663	194.428
10.673	193.511
10.683	193.521
10.693	194.090
10.703	194.351
10.713	194.327
10.723	194.186
10.733	194.728
10.743	195.357
10.753	195.862
10.763	196.424
10.773	196.255
10.783	196.515
10.793	196.760
10.803	196.854
10.813	196.942
10.823	196.760
10.833	196.556
10.843	196.487
10.853	196.025
10.863	195.517
10.873	194.914
10.883	194.119
10.893	194.353
10.903	194.862
10.913	194.780
10.923	194.195
10.933	194.311
10.943	195.455
10.953	196.741
10.963	196.904
10.973	196.751
10.983	197.109
10.993	197.155
11.003	197.110
11.013	196.793
11.023	196.509
11.033	196.043
11.043	195.632
11.053	194.223
11.063	193.907
11.073	194.343
11.083	194.858
11.093	194.505
11.103	194.409
11.113	194.157
11.123	195.436
11.133	196.565
11.143	196.448
11.153	195.747
11.163	196.447
11.173	196.644
11.183	195.839
11.193	195.997
11.203	197.094
11.213	196.169
11.223	196.216
11.233	196.325
11.243	195.696
11.253	195.153
11.263	196.368
11.273	195.458
11.283	195.291
11.293	195.845
11.303	194.840
11.313	193.858
11.323	193.915
11.333	194.472
11.343	194.669
11.353	192.825
11.363	192.680
11.373	195.072
11.383	0.000
11.393	0.000
11.403	0.000
11.413	0.000
11.423	0.000
11.433	0.000
11.443	0.000
11.453	0.000
11.463	0.000
11.473	188.588
11.483	189.190
11.493	191.420
11.503	192.869
11.513	192.546
11.523	191.792
11.533	191.217
11.543	190.834
11.553	191.036
11.563	191.828
11.573	193.313
11.583	193.669
11.593	193.412
11.603	193.768
11.613	194.648
11.623	194.713
11.633	195.344
11.643	195.614
11.653	195.420
11.663	194.699
11.673	194.657
11.683	194.708
11.693	194.587
11.703	194.317
11.713	194.212
11.723	193.916
11.733	193.104
11.743	193.629
11.753	194.348
11.763	194.103
11.773	193.731
11.783	193.764
11.793	193.783
11.803	194.114
11.813	193.705
11.823	193.521
11.833	193.939
11.843	194.299
11.853	194.315
11.863	193.875
11.873	193.797
11.883	194.269
11.893	194.461
11.903	194.650
11.913	195.717
11.923	196.288
11.933	196.453
11.943	196.063
11.953	194.966
11.963	191.123
11.973	186.565
11.983	184.353
11.993	183.976
12.003	192.581
12.013	192.586
12.023	193.688
12.033	194.004
12.043	194.253
12.053	194.067
12.063	193.772
12.073	193.659
12.083	193.739
12.093	193.580
12.103	193.409
12.113	193.385
12.123	193.510
12.133	193.746
12.143	194.237
12.153	194.649
12.163	194.688
12.173	195.259
12.183	195.909
12.193	195.505
12.203	195.434
12.213	195.685
12.223	195.794
12.233	195.624
12.243	195.414
12.253	195.258
12.263	195.310
12.273	195.221
12.283	195.186
12.293	195.251
12.303	195.468
12.313	195.451
12.323	195.140
12.333	194.773
12.343	194.981
12.353	195.263
12.363	195.277
12.373	195.257
12.383	195.258
12.393	195.444
12.403	195.521
12.413	195.404
12.423	195.447
12.433	195.840
12.443	195.586
12.453	195.400
12.463	195.686
12.473	195.861
12.483	195.850
12.493	195.937
12.503	195.883
12.513	195.644
12.523	195.097
12.533	194.176
12.543	194.887
12.553	195.736
12.563	190.177
12.573	191.108
12.583	194.705
12.593	195.566
12.603	194.287
12.613	193.658
12.623	193.253
12.633	193.077
12.643	193.227
12.653	192.835
12.663	192.960
12.673	193.649
12.683	193.574
12.693	193.102
12.703	193.111
12.713	193.533
12.723	193.309
12.733	193.575
12.743	194.606
12.753	195.308
12.763	195.020
12.773	194.774
12.783	194.783
12.793	194.818
12.803	194.518
12.813	194.180
12.823	194.411
12.833	194.178
12.843	193.746
12.853	192.766
12.863	192.113
12.873	192.446
12.883	192.908
12.893	193.471
12.903	194.321
12.913	194.817
12.923	194.872
12.933	195.099
12.943	195.096
12.953	194.986
12.963	194.785
12.973	194.757
12.983	194.153
12.993	194.176
13.003	194.314
13.013	194.016
13.023	193.978
13.033	194.399
13.043	194.371
13.053	194.376
13.063	194.551
13.073	194.868
13.083	194.753
13.093	194.865
13.103	194.715
13.113	194.639
13.123	194.973
13.133	195.219
13.143	195.307
13.153	194.954
13.163	194.445
13.173	195.281
13.183	196.445
13.193	196.155
13.203	197.140
13.213	196.920
13.223	192.959
13.233	193.354
13.243	195.663
13.253	0.000
13.263	0.000
13.273	0.000
13.283	0.000
13.293	0.000
13.303	0.000
13.313	0.000
13.323	290.447
13.333	286.884
13.343	284.783
13.353	285.675
13.363	286.185
13.373	287.697
13.383	288.145
13.393	288.757
13.403	289.904
13.413	290.871
13.423	291.563
13.433	292.491
13.443	293.220
13.453	293.525
13.463	293.645
13.473	294.194
13.483	294.890
13.493	295.051
13.503	295.414
13.513	295.625
13.523	295.916
13.533	295.912
13.543	299.619
13.553	328.053
13.563	331.593
13.573	331.609
13.583	330.460
13.593	0.000
13.603	0.000
13.613	336.302
13.623	333.935
13.633	332.286
13.643	331.117
13.653	330.940
13.663	328.914
13.673	327.698
13.683	326.891
13.693	327.950
13.703	328.983
13.713	329.797
13.723	331.346
13.733	333.112
13.743	333.848
13.753	335.330
13.763	335.669
13.773	334.418
13.783	333.687
13.793	331.806
13.803	329.553
13.813	328.478
13.823	327.866
13.833	327.588
13.843	327.142
13.853	326.832
13.863	327.077
13.873	327.361
13.883	327.664
13.893	327.563
13.903	327.099
13.913	326.948
13.923	327.012
13.933	327.841
13.943	328.216
13.953	328.042
13.963	328.268
13.973	328.533
13.983	329.649
13.993	330.769
14.003	330.763
14.013	330.496
14.023	329.712
14.033	329.031
14.043	328.004
14.053	327.885
14.063	326.075
14.073	326.307
14.083	0.000
14.093	289.106
14.103	288.514
14.113	288.587
14.123	289.364
14.133	288.869
14.143	289.058
14.153	289.914
14.163	291.221
14.173	292.350
14.183	292.869
14.193	293.691
14.203	294.496
14.213	294.662
14.223	295.268
14.233	295.571
14.243	295.564
14.253	295.373
14.263	294.628
14.273	293.295
14.283	292.144
14.293	290.768
14.303	290.443
14.313	289.864
14.323	289.906
14.333	290.967
14.343	292.500
14.353	293.366
14.363	293.955
14.373	294.817
14.383	295.044
14.393	295.291
14.403	295.226
14.413	294.445
14.423	293.999
14.433	293.547
14.443	292.283
14.453	292.011
14.463	291.829
14.473	291.307
14.483	291.617
14.493	291.881
14.503	291.807
14.513	292.301
14.523	292.834
14.533	292.832
14.543	292.992
14.553	293.031
14.563	292.778
14.573	292.357
14.583	291.578
14.593	290.818
14.603	289.860
14.613	289.076
14.623	286.669
14.633	286.778
14.643	288.243
14.653	282.020
14.663	276.581
14.673	277.223
14.683	278.134
14.693	279.731
14.703	279.788
14.713	278.863
14.723	278.408
14.733	277.819
14.743	278.202
14.753	278.281
14.763	279.188
14.773	279.019
14.783	278.348
14.793	278.251
14.803	278.526
14.813	278.677
14.823	278.254
14.833	277.776
14.843	276.737
14.853	275.237
14.863	275.236
14.873	274.730
14.883	274.374
14.893	274.400
14.903	274.751
14.913	275.232
14.923	275.782
14.933	276.101
14.943	276.571
14.953	277.144
14.963	277.708
14.973	277.772
14.983	277.957
14.993	277.918
15.003	277.297
15.013	276.781
15.023	275.544
15.033	273.930
15.043	273.163
15.053	272.092
15.063	271.996
15.073	272.093
15.083	272.398
15.093	273.023
15.103	273.956
15.113	274.581
15.123	275.932
15.133	276.992
15.143	278.090
15.153	278.612
15.163	278.848
15.173	278.407
15.183	277.404
15.193	276.812
15.203	275.458
15.213	274.642
15.223	274.369
15.233	274.361
15.243	274.541
15.253	274.941
15.263	275.012
15.273	275.648
15.283	276.245
15.293	276.500
15.303	276.800
15.313	277.002
15.323	277.033
15.333	277.271
15.343	277.578
15.353	277.739
15.363	277.774
15.373	277.790
15.383	277.731
15.393	277.781
15.403	278.021
15.413	278.258
15.423	278.088
15.433	278.238
15.443	277.815
15.453	277.662
15.463	280.409
15.473	0.000
15.483	0.000
15.493	216.749
15.503	216.034
15.513	215.996
15.523	216.083
15.533	216.190
15.543	215.963
15.553	215.886
15.563	215.358
15.573	215.319
15.583	215.292
15.593	215.331
15.603	214.552
15.613	214.466
15.623	214.426
15.633	214.095
15.643	213.709
15.653	214.626
15.663	214.536
15.673	0.000
15.683	0.000
15.693	0.000
15.703	0.000
15.713	0.000
15.723	0.000
15.733	242.158
15.743	243.341
15.753	245.391
15.763	245.860
15.773	246.145
15.783	245.759
15.793	244.928
15.803	244.423
15.813	243.512
15.823	242.960
15.833	242.348
15.843	242.252
15.853	242.237
15.863	241.849
15.873	241.934
15.883	242.660
15.893	243.771
15.903	244.827
15.913	245.340
15.923	246.207
15.933	246.573
15.943	246.359
15.953	245.975
15.963	245.511
15.973	245.084
15.983	244.743
15.993	244.427
16.003	244.276
16.013	244.224
16.023	243.977
16.033	244.253
16.043	244.681
16.053	244.941
16.063	245.210
16.073	245.442
16.083	245.522
16.093	245.595
16.103	245.358
16.113	245.877
16.123	245.744
16.133	245.911
16.143	246.001
16.153	246.206
16.163	246.259
16.173	246.909
16.183	0.000
16.193	0.000
16.203	0.000
16.213	273.388
16.223	273.684
16.233	273.427
16.243	274.172
16.253	274.335
16.263	273.552
16.273	273.360
16.283	272.607
16.293	272.047
16.303	271.748
16.313	271.706
16.323	271.695
16.333	271.892
16.343	272.006
16.353	272.724
16.363	273.590
16.373	274.881
16.383	275.758
16.393	277.219
16.403	277.870
16.413	277.619
16.423	276.843
16.433	275.067
16.443	274.035
16.453	273.813
16.463	273.818
16.473	273.634
16.483	273.638
16.493	273.613
16.503	273.807
16.513	274.118
16.523	274.340
16.533	275.513
16.543	276.388
16.553	276.704
16.563	276.969
16.573	277.058
16.583	276.379
16.593	276.161
16.603	276.098
16.613	275.915
16.623	276.173
16.633	276.479
16.643	276.795
16.653	276.826
16.663	276.249
16.673	275.588
16.683	274.785
16.693	274.604
16.703	0.000
16.713	292.310
16.723	292.136
16.733	293.372
16.743	294.357
16.753	294.289
16.763	293.623
16.773	293.044
16.783	291.737
16.793	290.204
16.803	288.591
16.813	287.381
16.823	286.444
16.833	286.822
16.843	287.315
16.853	288.757
16.863	290.705
16.873	293.009
16.883	294.037
16.893	296.034
16.903	296.842
16.913	296.785
16.923	296.450
16.933	295.901
16.943	295.063
16.953	294.440
16.963	293.914
16.973	293.419
16.983	292.904
16.993	292.218
17.003	291.614
17.013	291.867
17.023	292.030
17.033	292.217
17.043	292.424
17.053	291.985
17.063	291.886
17.073	291.885
17.083	291.596
17.093	292.624
17.103	292.983
17.113	294.232
17.123	294.955
17.133	294.754
17.143	294.485
17.153	294.227
17.163	0.000
17.173	0.000
17.183	0.000
17.193	0.000
17.203	0.000
17.213	0.000
17.223	173.672
17.233	175.126
17.243	176.314
17.253	179.680
17.263	180.944
17.273	181.628
17.283	181.742
17.293	181.546
17.303	181.560
17.313	181.622
17.323	181.945
17.333	182.368
17.343	182.595
17.353	182.598
17.363	182.730
17.373	182.970
17.383	183.200
17.393	183.421
17.403	183.492
17.413	183.544
17.423	183.628
17.433	183.736
17.443	183.704
17.453	183.252
17.463	182.993
17.473	182.409
17.483	182.124
17.493	181.927
17.503	181.508
17.513	181.222
17.523	180.921
17.533	180.969
17.543	181.359
17.553	181.858
17.563	182.516
17.573	182.750
17.583	183.374
17.593	183.578
17.603	183.583
17.613	183.397
17.623	183.026
17.633	182.586
17.643	182.377
17.653	182.191
17.663	182.045
17.673	181.906
17.683	181.849
17.693	181.944
17.703	181.897
17.713	181.826
17.723	181.134
17.733	180.515
17.743	184.870
17.753	188.828
17.763	194.029
17.773	195.788
17.783	195.249
17.793	193.094
17.803	191.542
17.813	190.997
17.823	191.032
17.833	190.949
17.843	190.758
17.853	191.104
17.863	191.146
17.873	191.602
17.883	192.152
17.893	192.582
17.903	193.417
17.913	193.871
17.923	194.723
17.933	194.514
17.943	194.071
17.953	193.451
17.963	193.042
17.973	192.638
17.983	192.187
17.993	191.575
18.003	191.485
18.013	191.690
18.023	191.429
18.033	191.671
18.043	192.058
18.053	192.345
18.063	192.999
18.073	193.404
18.083	193.227
18.093	193.251
18.103	193.692
18.113	193.881
18.123	193.514
18.133	193.164
18.143	193.273
18.153	193.571
18.163	193.901
18.173	193.958
18.183	193.952
18.193	194.128
18.203	194.054
18.213	193.695
18.223	193.549
18.233	192.510
18.243	195.983
18.253	201.165
18.263	0.000
18.273	0.000
18.283	0.000
18.293	0.000
18.303	217.372
18.313	217.638
18.323	218.396
18.333	217.657
18.343	216.541
18.353	216.600
18.363	216.306
18.373	216.431
18.383	216.596
18.393	216.397
18.403	216.497
18.413	216.503
18.423	216.749
18.433	216.796
18.443	217.107
18.453	217.150
18.463	217.275
18.473	217.439
18.483	217.589
18.493	217.652
18.503	217.935
18.513	217.986
18.523	217.931
18.533	217.691
18.543	217.573
18.553	217.464
18.563	217.566
18.573	217.605
18.583	217.682
18.593	217.305
18.603	217.121
18.613	217.395
18.623	217.636
18.633	217.875
18.643	218.047
18.653	218.125
18.663	218.313
18.673	218.603
18.683	218.868
18.693	218.966
18.703	219.305
18.713	219.521
18.723	219.169
18.733	220.447
18.743	221.714
18.753	0.000
18.763	0.000
18.773	0.000
18.783	0.000
18.793	290.054
18.803	293.862
18.813	290.285
18.823	288.600
18.833	291.247
18.843	290.570
18.853	288.468
18.863	290.401
18.873	292.954
18.883	289.044
18.893	290.392
18.903	292.543
18.913	290.225
18.923	290.194
18.933	291.686
18.943	290.222
18.953	290.781
18.963	292.772
18.973	290.987
18.983	289.768
18.993	290.197
19.003	288.459
19.013	287.835
19.023	288.856
19.033	289.072
19.043	287.577
19.053	288.155
19.063	289.878
19.073	288.988
19.083	289.724
19.093	291.285
19.103	291.125
19.113	292.635
19.123	293.230
19.133	293.497
19.143	293.114
19.153	292.926
19.163	291.077
19.173	290.143
19.183	289.834
19.193	289.037
19.203	288.358
19.213	289.379
19.223	289.782
19.233	289.984
19.243	291.321
19.253	292.381
19.263	292.586
19.273	293.553
19.283	294.575
19.293	294.812
19.303	295.265
19.313	294.681
19.323	293.897
19.333	293.808
19.343	292.893
19.353	290.409
19.363	289.678
19.373	290.363
19.383	290.788
19.393	290.926
19.403	290.463
19.413	291.078
19.423	290.758
19.433	291.629
19.443	292.500
19.453	293.066
19.463	294.241
19.473	295.481
19.483	297.087
19.493	295.705
19.503	295.046
19.513	294.542
19.523	294.616
19.533	293.556
19.543	292.581
19.553	292.109
19.563	292.865
19.573	292.650
19.583	292.832
19.593	292.805
19.603	294.511
19.613	294.130
19.623	294.475
19.633	297.277
19.643	297.770
19.653	301.260
19.663	295.707
19.673	295.469
19.683	0.000
19.693	0.000
19.703	0.000
19.713	0.000
19.723	0.000
19.733	0.000
19.743	0.000
19.753	0.000
19.763	0.000
19.773	0.000
19.783	0.000
19.793	0.000
19.803	0.000
19.813	0.000
19.823	0.000
19.833	0.000
19.843	0.000
19.853	294.347
19.863	294.057
19.873	293.919
19.883	293.937
19.893	294.836
19.903	295.900
19.913	295.725
19.923	295.721
19.933	295.695
19.943	294.835
19.953	294.232
19.963	294.638
19.973	295.472
19.983	295.633
19.993	296.032
20.003	296.557
20.013	296.563
20.023	295.294
20.033	294.812
20.043	294.675
20.053	295.010
20.063	295.409
20.073	296.275
20.083	296.119
20.093	296.584
20.103	295.662
20.113	296.256
20.123	295.219
20.133	295.112
20.143	294.852
20.153	296.305
20.163	295.464
20.173	295.126
20.183	296.465
20.193	297.204
20.203	297.052
20.213	296.583
20.223	296.327
20.233	297.034
20.243	297.653
20.253	294.909
20.263	294.331
20.273	297.110
20.283	301.391
20.293	299.831
20.303	297.522
20.313	298.241
20.323	294.201
20.333	0.000
20.343	0.000
20.353	0.000
20.363	0.000
20.373	297.252
20.383	296.739
20.393	295.525
20.403	293.342
20.413	293.746
20.423	293.517
20.433	293.361
20.443	293.384
20.453	293.429
20.463	293.188
20.473	292.277
20.483	291.652
20.493	291.675
20.503	291.960
20.513	293.226
20.523	293.841
20.533	294.477
20.543	294.467
20.553	294.542
20.563	294.807
20.573	295.186
20.583	295.309
20.593	295.496
20.603	296.331
20.613	295.304
20.623	294.112
20.633	293.571
20.643	292.555
20.653	293.501
20.663	294.385
20.673	294.234
20.683	293.652
20.693	293.234
20.703	292.772
20.713	293.153
20.723	293.069
20.733	293.465
20.743	294.005
20.753	294.545
20.763	294.879
20.773	294.755
20.783	294.657
20.793	294.748
20.803	294.445
20.813	294.669
20.823	0.000
20.833	0.000
20.843	0.000
20.853	0.000
20.863	294.218
20.873	293.927
20.883	294.274
20.893	295.418
20.903	294.292
20.913	293.415
20.923	293.197
20.933	292.814
20.943	292.449
20.953	292.144
20.963	292.588
20.973	293.626
20.983	293.757
20.993	293.928
21.003	294.123
21.013	294.061
21.023	294.651
21.033	295.133
21.043	295.526
21.053	295.584
21.063	296.501
21.073	296.557
21.083	295.278
21.093	294.439
21.103	294.758
21.113	294.321
21.123	293.964
21.133	293.591
21.143	293.262
21.153	292.849
21.163	292.972
21.173	293.230
21.183	293.386
21.193	292.805
21.203	293.595
21.213	293.608
21.223	293.429
21.233	293.463
21.243	293.622
21.253	293.114
21.263	293.465
21.273	292.864
21.283	293.079
21.293	293.976
21.303	295.045
21.313	294.804
21.323	294.649
21.333	292.708
21.343	289.474
21.353	289.159
21.363	284.127
21.373	0.000
21.383	0.000
21.393	0.000
21.403	0.000
21.413	0.000
21.423	244.793
21.433	245.353
21.443	245.907
21.453	245.823
21.463	246.170
21.473	246.808
21.483	247.808
21.493	248.614
21.503	248.860
21.513	249.355
21.523	249.792
21.533	249.568
21.543	249.030
21.553	247.832
21.563	247.354
21.573	246.490
21.583	245.282
21.593	244.522
21.603	244.752
21.613	245.075
21.623	245.654
21.633	245.962
21.643	246.465
21.653	247.537
21.663	248.092
21.673	248.336
21.683	248.601
21.693	248.832
21.703	248.514
21.713	248.080
21.723	248.218
21.733	248.111
21.743	248.464
21.753	248.738
21.763	248.708
21.773	248.362
21.783	248.294
21.793	248.272
21.803	248.382
21.813	248.581
21.823	248.807
21.833	249.418
21.843	0.000
21.853	0.000
21.863	0.000
21.873	0.000
21.883	175.519
21.893	178.383
21.903	182.618
21.913	185.005
21.923	186.063
21.933	186.344
21.943	186.374
21.953	186.213
21.963	185.983
21.973	185.180
21.983	184.374
21.993	184.153
22.003	184.247
22.013	184.436
22.023	184.823
22.033	185.264
22.043	185.409
22.053	185.858
22.063	186.272
22.073	186.504
22.083	186.872
22.093	186.736
22.103	186.382
22.113	186.177
22.123	185.922
22.133	185.436
22.143	185.024
22.153	184.170
22.163	183.894
22.173	183.753
22.183	183.580
22.193	183.451
22.203	183.160
22.213	182.821
22.223	182.758
22.233	182.876
22.243	183.091
22.253	182.970
22.263	182.782
22.273	182.714
22.283	182.940
22.293	183.003
22.303	183.299
22.313	183.779
22.323	183.973
22.333	184.160
22.343	183.837
22.353	183.105
22.363	182.471
22.373	180.668
22.383	184.581
22.393	191.366
22.403	190.753
22.413	191.941
22.423	194.101
22.433	194.371
22.443	193.314
22.453	193.090
22.463	193.322
22.473	193.427
22.483	193.770
22.493	193.686
22.503	193.914
22.513	194.341
22.523	194.587
22.533	194.869
22.543	194.800
22.553	194.530
22.563	194.766
22.573	195.082
22.583	195.024
22.593	195.138
22.603	195.148
22.613	195.217
22.623	195.382
22.633	195.470
22.643	195.625
22.653	195.790
22.663	195.809
22.673	195.994
22.683	196.127
22.693	196.203
22.703	196.016
22.713	195.739
22.723	195.583
22.733	194.996
22.743	193.851
22.753	193.030
22.763	193.207
22.773	191.362
22.783	189.561
22.793	189.122
22.803	0.000
22.813	0.000
22.823	0.000
22.833	0.000
22.843	0.000
22.853	0.000
22.863	0.000
22.873	0.000
22.883	0.000
22.893	0.000
22.903	262.097
22.913	269.306
22.923	285.703
22.933	292.699
22.943	293.607
22.953	294.605
22.963	293.715
22.973	294.417
22.983	295.596
22.993	295.158
23.003	296.056
23.013	295.969
23.023	296.063
23.033	296.350
23.043	295.115
23.053	295.312
23.063	295.611
23.073	294.244
23.083	294.671
23.093	294.622
23.103	293.789
23.113	294.363
23.123	293.884
23.133	293.006
23.143	293.669
23.153	293.459
23.163	293.353
23.173	294.126
23.183	293.750
23.193	293.898
23.203	294.545
23.213	294.044
23.223	294.996
23.233	295.325
23.243	295.547
23.253	296.029
23.263	296.040
23.273	296.412
23.283	296.667
23.293	296.314
23.303	295.976
23.313	295.171
23.323	294.409
23.333	294.121
23.343	293.326
23.353	292.447
23.363	292.657
23.373	292.544
23.383	292.756
23.393	293.962
23.403	294.965
23.413	295.563
23.423	296.319
23.433	296.823
23.443	296.849
23.453	296.927
23.463	296.526
23.473	295.811
23.483	295.414
23.493	294.903
23.503	294.284
23.513	293.537
23.523	292.404
23.533	292.086
23.543	292.419
23.553	292.671
23.563	293.524
23.573	293.590
23.583	294.542
23.593	295.025
23.603	295.739
23.613	296.435
23.623	296.529
23.633	296.783
23.643	296.542
23.653	295.554
23.663	295.646
23.673	295.629
23.683	294.820
23.693	294.648
23.703	293.790
23.713	293.222
23.723	294.202
23.733	294.107
23.743	292.975
23.753	293.402
23.763	293.239
23.773	293.090
23.783	292.837
23.793	293.016
23.803	293.046
23.813	293.297
23.823	292.860
23.833	293.036
23.843	293.042
23.853	292.403
23.863	0.000
23.873	0.000
23.883	0.000
23.893	0.000
23.903	0.000
23.913	0.000
23.923	0.000
23.933	0.000
23.943	0.000
23.953	0.000
23.963	294.252
23.973	294.289
23.983	294.584
23.993	294.209
24.003	293.345
24.013	293.407
24.023	293.703
24.033	294.060
24.043	293.653
24.053	293.511
24.063	294.051
24.073	294.296
24.083	294.748
24.093	294.984
24.103	294.963
24.113	294.201
24.123	294.102
24.133	293.952
24.143	293.983
24.153	294.197
24.163	293.907
24.173	293.432
24.183	292.598
24.193	292.227
24.203	292.285
24.213	292.250
24.223	292.284
24.233	293.194
24.243	293.596
24.253	293.851
24.263	294.099
24.273	293.912
24.283	293.962
24.293	294.694
24.303	294.353
24.313	294.402
24.323	293.823
24.333	0.000
24.343	0.000
24.353	0.000
24.363	0.000
24.373	0.000
24.383	0.000
24.393	292.681
24.403	291.736
24.413	291.465
24.423	291.182
24.433	291.725
24.443	290.729
24.453	290.472
24.463	290.040
24.473	289.878
24.483	289.380
24.493	289.441
24.503	290.066
24.513	290.621
24.523	290.809
24.533	291.853
24.543	291.742
24.553	292.104
24.563	292.994
24.573	292.748
24.583	292.418
24.593	292.315
24.603	292.956
24.613	292.626
24.623	292.626
24.633	293.252
24.643	292.982
24.653	291.945
24.663	291.516
24.673	291.809
24.683	292.160
24.693	292.950
24.703	292.717
24.713	293.289
24.723	294.323
24.733	294.770
24.743	294.900
24.753	295.182
24.763	295.359
24.773	294.878
24.783	294.543
24.793	293.433
24.803	292.880
24.813	292.539
24.823	293.808
24.833	295.149
24.843	294.709
24.853	294.831
24.863	294.433
24.873	293.689
24.883	293.374
24.893	293.026
24.903	292.196
24.913	291.290
24.923	291.166
24.933	292.231
24.943	293.328
24.953	293.000
24.963	293.041
24.973	294.007
24.983	293.969
24.993	294.284
25.003	294.658
25.013	295.150
25.023	295.029
25.033	294.514
25.043	293.411
25.053	293.168
25.063	293.940
25.073	293.211
25.083	292.529
25.093	292.255
25.103	292.499
25.113	292.701
25.123	292.612
25.133	292.999
25.143	293.343
25.153	293.228
25.163	293.144
25.173	294.300
25.183	293.995
25.193	293.412
25.203	294.044
25.213	294.749
25.223	294.319
25.233	293.207
25.243	292.462
25.253	292.148
25.263	290.328
25.273	288.363
25.283	287.456
25.293	286.972
25.303	0.000
25.313	0.000
25.323	0.000
25.333	0.000
25.343	0.000
25.353	0.000
25.363	245.099
25.373	244.164
25.383	245.285
25.393	246.270
25.403	247.395
25.413	247.566
25.423	247.961
25.433	248.420
25.443	248.996
25.453	248.866
25.463	249.093
25.473	248.704
25.483	247.256
25.493	246.760
25.503	246.414
25.513	245.834
25.523	245.296
25.533	244.877
25.543	245.387
25.553	245.538
25.563	245.053
25.573	245.928
25.583	246.880
25.593	247.802
25.603	248.103
25.613	248.213
25.623	248.318
25.633	248.312
25.643	247.660
25.653	246.790
25.663	246.151
25.673	245.855
25.683	245.047
25.693	244.104
25.703	244.454
25.713	244.777
25.723	245.523
25.733	246.522
25.743	247.130
25.753	246.888
25.763	247.575
25.773	248.014
25.783	248.469
25.793	249.386
25.803	0.000
25.813	0.000
25.823	0.000
25.833	185.141
25.843	185.339
25.853	186.469
25.863	187.026
25.873	187.710
25.883	187.194
25.893	186.951
25.903	186.805
25.913	187.838
25.923	188.102
25.933	186.811
25.943	184.313
25.953	183.760
25.963	183.836
25.973	184.068
25.983	184.109
25.993	184.349
26.003	184.265
26.013	184.396
26.023	184.115
26.033	183.683
26.043	183.584
26.053	183.020
26.063	183.077
26.073	183.100
26.083	183.473
26.093	183.471
26.103	183.210
26.113	183.000
26.123	182.687
26.133	182.273
26.143	181.931
26.153	181.790
26.163	181.429
26.173	181.080
26.183	181.096
26.193	181.358
26.203	181.369
26.213	181.095
26.223	181.059
26.233	181.406
26.243	182.195
26.253	182.298
26.263	181.671
26.273	181.379
26.283	189.442
26.293	190.220
26.303	190.206
26.313	191.172
26.323	192.122
26.333	192.532
26.343	192.915
26.353	193.004
26.363	193.142
26.373	192.910
26.383	193.024
26.393	192.890
26.403	192.778
26.413	192.963
26.423	192.997
26.433	193.053
26.443	193.656
26.453	194.408
26.463	194.133
26.473	193.990
26.483	194.721
26.493	194.704
26.503	194.663
26.513	194.573
26.523	194.509
26.533	194.454
26.543	194.472
26.553	194.417
26.563	194.316
26.573	195.410
26.583	195.350
26.593	195.811
26.603	195.245
26.613	193.165
26.623	191.809
26.633	191.181
26.643	191.834
26.653	192.143
26.663	192.024
26.673	195.465
26.683	194.413
26.693	191.872
26.703	0.000
26.713	0.000
26.723	0.000
26.733	0.000
26.743	0.000
26.753	0.000
26.763	0.000
26.773	0.000
26.783	0.000
26.793	295.032
26.803	295.668
26.813	296.089
26.823	296.280
26.833	297.367
26.843	296.034
26.853	296.002
26.863	295.868
26.873	294.307
26.883	295.148
26.893	294.086
26.903	293.083
26.913	295.436
26.923	294.051
26.933	294.269
26.943	294.736
26.953	293.617
26.963	293.886
26.973	293.596
26.983	292.621
26.993	293.976
27.003	293.902
27.013	293.172
27.023	294.115
27.033	293.516
27.043	293.297
27.053	294.210
27.063	292.719
27.073	292.979
27.083	293.552
27.093	292.898
27.103	293.567
27.113	293.603
27.123	293.040
27.133	293.541
27.143	294.598
27.153	294.628
27.163	295.051
27.173	295.003
27.183	294.736
27.193	294.866
27.203	294.731
27.213	295.050
27.223	296.008
27.233	296.115
27.243	296.329
27.253	295.859
27.263	295.761
27.273	295.018
27.283	294.659
27.293	294.340
27.303	294.547
27.313	294.541
27.323	295.017
27.333	295.827
27.343	296.324
27.353	297.809
27.363	299.472
27.373	300.021
27.383	300.405
27.393	300.174
27.403	299.772
27.413	299.345
27.423	297.693
27.433	296.463
27.443	295.727
27.453	294.639
27.463	293.837
27.473	293.250
27.483	293.354
27.493	294.064
27.503	294.351
27.513	296.100
27.523	296.998
27.533	298.452
27.543	299.135
27.553	299.633
27.563	299.413
27.573	299.079
27.583	298.759
27.593	298.394
27.603	298.051
27.613	297.915
27.623	297.743
27.633	297.356
27.643	296.910
27.653	296.344
27.663	296.597
27.673	296.810
27.683	296.608
27.693	296.446
27.703	296.320
27.713	296.056
27.723	295.743
27.733	295.645
27.743	295.220
27.753	294.501
27.763	294.040
27.773	293.607
27.783	291.398
27.793	288.799
27.803	286.911
27.813	0.000
27.823	0.000
27.833	254.095
27.843	256.710
27.853	261.325
27.863	261.433
27.873	260.927
27.883	260.615
27.893	260.373
27.903	259.929
27.913	260.038
27.923	260.082
27.933	260.701
27.943	261.279
27.953	261.890
27.963	263.138
27.973	264.782
27.983	265.329
27.993	265.298
28.003	264.869
28.013	264.087
28.023	264.012
28.033	263.099
28.043	262.345
28.053	261.610
28.063	261.179
28.073	260.505
28.083	260.204
28.093	259.916
28.103	259.522
28.113	259.343
28.123	259.567
28.133	259.590
28.143	259.965
28.153	260.410
28.163	261.039
28.173	261.318
28.183	262.111
28.193	263.033
28.203	263.521
28.213	264.317
28.223	264.717
28.233	264.590
28.243	264.406
28.253	264.127
28.263	263.894
28.273	264.099
28.283	264.464
28.293	258.536
28.303	255.814
28.313	257.728
28.323	257.846
28.333	258.353
28.343	258.813
28.353	259.181
28.363	259.852
28.373	261.286
28.383	262.122
28.393	263.991
28.403	265.488
28.413	266.446
28.423	266.822
28.433	266.907
28.443	266.367
28.453	265.772
28.463	264.310
28.473	263.018
28.483	261.929
28.493	261.573
28.503	260.780
28.513	260.583
28.523	260.962
28.533	260.991
28.543	261.249
28.553	261.588
28.563	261.514
28.573	261.874
28.583	261.820
28.593	261.892
28.603	261.957
28.613	262.159
28.623	262.051
28.633	261.940
28.643	261.741
28.653	261.681
28.663	261.824
28.673	262.349
28.683	263.940
28.693	265.352
28.703	264.990
28.713	250.665
28.723	246.730
28.733	249.135
28.743	250.433
28.753	252.188
28.763	258.477
28.773	264.242
28.783	262.776
28.793	262.795
28.803	263.071
28.813	262.890
28.823	263.173
28.833	263.561
28.843	263.570
28.853	263.746
28.863	263.825
28.873	263.888
28.883	263.871
28.893	263.637
28.903	263.574
28.913	263.673
28.923	263.360
28.933	263.418
28.943	263.159
28.953	263.273
28.963	263.555
28.973	263.450
28.983	263.231
28.993	263.020
29.003	262.748
29.013	262.193
29.023	261.504
29.033	261.230
29.043	261.072
29.053	261.381
29.063	261.636
29.073	261.733
29.083	261.825
29.093	262.033
29.103	262.301
29.113	262.722
29.123	262.989
29.133	263.064
29.143	263.050
29.153	263.067
29.163	263.244
29.173	263.300
29.183	263.324
29.193	263.111
29.203	262.993
29.213	263.197
29.223	264.547
29.233	266.197
29.243	265.872
29.253	271.840
29.263	295.001
29.273	296.662
29.283	296.931
29.293	296.991
29.303	295.323
29.313	293.699
29.323	293.029
29.333	290.244
29.343	289.045
29.353	289.814
29.363	289.272
29.373	287.989
29.383	289.978
29.393	290.907
29.403	291.270
29.413	293.482
29.423	294.548
29.433	294.934
29.443	295.965
29.453	295.347
29.463	295.041
29.473	294.546
29.483	292.547
29.493	291.555
29.503	291.600
29.513	290.652
29.523	290.378
29.533	291.363
29.543	291.167
29.553	291.370
29.563	292.977
29.573	293.101
29.583	293.470
29.593	294.391
29.603	294.659
29.613	295.016
29.623	295.454
29.633	295.387
29.643	295.695
29.653	295.686
29.663	295.336
29.673	295.443
29.683	295.146
29.693	294.959
29.703	295.319
29.713	295.369
29.723	295.947
29.733	299.742
29.743	304.794
29.753	312.546
29.763	323.253
29.773	327.336
29.783	328.384
29.793	327.169
29.803	326.761
29.813	325.786
29.823	324.720
29.833	323.757
29.843	322.817
29.853	321.851
29.863	322.078
29.873	322.224
29.883	322.992
29.893	324.705
29.903	325.471
29.913	326.875
29.923	328.251
29.933	328.848
29.943	329.749
29.953	330.198
29.963	329.645
29.973	328.430
29.983	327.024
29.993	325.795
30.003	324.508
30.013	323.205
30.023	322.380
30.033	321.539
30.043	321.559
30.053	321.544
30.063	321.316
30.073	321.771
30.083	322.154
30.093	322.878
30.103	323.759
30.113	323.966
30.123	324.792
30.133	325.635
30.143	326.681
30.153	327.248
30.163	329.145
30.173	330.316
30.183	330.329
30.193	330.602
30.203	330.025
30.213	328.815
30.223	328.628
30.233	328.370
30.243	323.912
30.253	320.395
30.263	320.398
30.273	321.077
30.283	322.030
30.293	322.198
30.303	323.323
30.313	325.075
30.323	326.850
30.333	328.072
30.343	330.533
30.353	330.938
30.363	330.795
30.373	331.311
30.383	331.587
30.393	330.494
30.403	329.845
30.413	327.398
30.423	324.929
30.433	323.006
30.443	322.456
30.453	321.678
30.463	321.942
30.473	322.053
30.483	322.781
30.493	324.068
30.503	324.952
30.513	325.186
30.523	325.592
30.533	325.689
30.543	325.526
30.553	325.481
30.563	324.313
30.573	322.720
30.583	321.985
30.593	319.991
30.603	321.698
30.613	322.881
30.623	321.867
30.633	320.009
30.643	314.480
30.653	301.617
30.663	0.000
30.673	0.000
30.683	0.000
30.693	0.000
30.703	0.000
30.713	0.000
30.723	0.000
30.733	0.000
30.743	0.000
30.753	219.064
30.763	219.529
30.773	220.441
30.783	220.913
30.793	220.979
30.803	220.958
30.813	220.860
30.823	220.703
30.833	220.585
30.843	220.455
30.853	220.211
30.863	220.377
30.873	220.478
30.883	220.776
30.893	220.683
30.903	220.713
30.913	220.913
30.923	221.099
30.933	221.349
30.943	221.442
30.953	221.673
30.963	221.636
30.973	221.616
30.983	221.546
30.993	221.661
31.003	221.521
31.013	221.276
31.023	220.468
31.033	219.686
31.043	218.860
31.053	218.415
31.063	217.951
31.073	217.908
31.083	218.355
31.093	218.521
31.103	219.282
31.113	219.928
31.123	220.286
31.133	221.209
31.143	221.865
31.153	221.983
31.163	222.034
31.173	222.049
31.183	221.925
31.193	221.606
31.203	220.936
31.213	219.982
31.223	218.533
31.233	217.612
31.243	215.783
31.253	214.795
31.263	214.969
31.273	215.510
31.283	217.156
31.293	218.859
31.303	220.191
31.313	221.515
31.323	222.046
31.333	222.126
31.343	222.212
31.353	221.926
31.363	221.406
31.373	221.181
31.383	220.477
31.393	219.750
31.403	219.173
31.413	219.162
31.423	218.834
31.433	219.096
31.443	219.670
31.453	219.973
31.463	220.485
31.473	220.556
31.483	220.695
31.493	220.779
31.503	220.781
31.513	221.059
31.523	221.195
31.533	221.675
31.543	221.876
31.553	221.554
31.563	221.435
31.573	221.363
31.583	221.212
31.593	220.733
31.603	220.975
31.613	221.634
31.623	222.256
31.633	221.324
31.643	221.346
31.653	220.241
31.663	219.905
31.673	0.000
31.683	0.000
31.693	0.000
31.703	0.000
31.713	294.528
31.723	294.991
31.733	293.673
31.743	293.157
31.753	292.999
31.763	292.890
31.773	292.917
31.783	291.577
31.793	289.901
31.803	289.678
31.813	290.068
31.823	291.428
31.833	292.074
31.843	291.464
31.853	291.268
31.863	291.989
31.873	292.965
31.883	293.187
31.893	293.569
31.903	293.965
31.913	294.569
31.923	294.558
31.933	293.938
31.943	293.662
31.953	293.756
31.963	292.985
31.973	292.236
31.983	292.399
31.993	292.287
32.003	292.371
32.013	292.638
32.023	292.779
32.033	292.511
32.043	292.521
32.053	292.869
32.063	292.645
32.073	292.676
32.083	291.739
32.093	289.987
32.103	288.926
32.113	288.098
32.123	285.173
32.133	282.989
32.143	0.000
32.153	0.000
32.163	0.000
32.173	0.000
32.183	258.863
32.193	260.770
32.203	260.930
32.213	260.484
32.223	260.463
32.233	260.475
32.243	260.914
32.253	260.649
32.263	260.950
32.273	261.536
32.283	261.232
32.293	261.729
32.303	262.153
32.313	261.775
32.323	261.920
32.333	261.925
32.343	262.104
32.353	262.107
32.363	261.749
32.373	261.733
32.383	261.613
32.393	261.176
32.403	261.028
32.413	260.919
32.423	261.051
32.433	260.721
32.443	260.619
32.453	260.692
32.463	260.578
32.473	261.601
32.483	261.394
32.493	260.597
32.503	260.353
32.513	259.923
32.523	259.693
32.533	259.945
32.543	259.918
32.553	260.307
32.563	260.289
32.573	260.476
32.583	260.771
32.593	260.714
32.603	260.397
32.613	259.709
32.623	258.271
32.633	253.901
32.643	250.848
32.653	253.229
32.663	257.706
32.673	260.135
32.683	258.806
32.693	253.617
32.703	252.466
32.713	251.862
32.723	254.066
32.733	253.020
32.743	249.653
32.753	248.760
32.763	247.844
32.773	247.119
32.783	247.545
32.793	247.245
32.803	248.685
32.813	251.420
32.823	250.926
32.833	251.040
32.843	250.808
32.853	250.425
32.863	250.331
32.873	248.549
32.883	246.101
32.893	245.618
32.903	247.338
32.913	247.530
32.923	246.880
32.933	246.946
32.943	245.055
32.953	245.281
32.963	246.761
32.973	249.146
32.983	250.382
32.993	250.993
33.003	251.476
33.013	251.335
33.023	250.635
33.033	249.897
33.043	248.051
33.053	247.922
33.063	248.853
33.073	249.645
33.083	248.774
33.093	248.135
33.103	247.693
33.113	246.102
33.123	245.503
33.133	248.173
33.143	249.288
33.153	250.094
33.163	250.076
33.173	251.325
33.183	251.393
33.193	252.301
33.203	250.722
33.213	250.322
33.223	249.845
33.233	251.039
33.243	251.235
33.253	250.924
33.263	250.926
33.273	251.342
33.283	250.084
33.293	250.062
33.303	249.239
33.313	248.174
33.323	248.597
33.333	248.912
33.343	250.306
33.353	0.000
33.363	0.000
33.373	0.000
33.383	0.000
33.393	0.000
33.403	0.000
33.413	0.000
33.423	0.000
33.433	0.000
33.443	195.660
33.453	195.461
33.463	195.627
33.473	195.305
33.483	195.209
33.493	195.312
33.503	195.393
33.513	195.525
33.523	195.117
33.533	194.758
33.543	194.804
33.553	194.957
33.563	195.004
33.573	195.095
33.583	194.890
33.593	194.757
33.603	191.593
33.613	190.581
33.623	189.918
33.633	0.000
33.643	0.000
33.653	0.000
33.663	0.000
33.673	0.000
33.683	0.000
33.693	300.734
33.703	296.721
33.713	296.113
33.723	296.773
33.733	294.430
33.743	293.696
33.753	292.206
33.763	291.965
33.773	291.636
33.783	292.441
33.793	291.931
33.803	293.209
33.813	294.838
33.823	294.361
33.833	294.451
33.843	296.185
33.853	297.537
33.863	297.730
33.873	296.594
33.883	294.167
33.893	295.051
33.903	294.655
33.913	292.168
33.923	291.939
33.933	293.259
33.943	291.865
33.953	290.662
33.963	291.103
33.973	292.259
33.983	292.561
33.993	292.409
34.003	292.232
34.013	293.560
34.023	294.145
34.033	293.319
34.043	294.294
34.053	294.686
34.063	292.592
34.073	291.017
34.083	293.340
34.093	294.441
34.103	291.590
34.113	294.249
34.123	294.422
34.133	294.269
34.143	292.992
34.153	291.883
34.163	291.339
34.173	291.881
34.183	291.227
34.193	292.104
34.203	293.123
34.213	292.933
34.223	293.557
34.233	294.947
34.243	295.836
34.253	297.015
34.263	296.928
34.273	298.114
34.283	297.965
34.293	296.887
34.303	296.598
34.313	296.274
34.323	294.941
34.333	294.430
34.343	295.162
34.353	294.270
34.363	295.158
34.373	295.709
34.383	296.328
34.393	296.040
34.403	295.200
34.413	297.475
34.423	297.408
34.433	296.718
34.443	296.599
34.453	296.783
34.463	296.318
34.473	296.617
34.483	295.848
34.493	295.047
34.503	295.429
34.513	294.704
34.523	298.433
34.533	0.000
34.543	0.000
34.553	0.000
34.563	0.000
34.573	0.000
34.583	0.000
34.593	0.000
34.603	0.000
34.613	0.000
34.623	0.000
34.633	0.000
34.643	0.000
34.653	0.000
34.663	0.000
34.673	0.000
34.683	0.000
34.693	0.000
34.703	0.000
34.713	0.000
34.723	0.000
34.733	0.000
34.743	0.000
34.753	0.000
34.763	0.000
34.773	0.000
34.783	194.035
34.793	194.975
34.803	193.782
34.813	193.856
34.823	194.359
34.833	194.930
34.843	194.556
34.853	194.704
34.863	195.645
34.873	196.375
34.883	195.799
34.893	195.763
34.903	195.847
34.913	196.326
34.923	195.585
34.933	195.282
34.943	195.614
34.953	195.067
34.963	194.338
34.973	194.248
34.983	194.252
34.993	194.132
35.003	194.478
35.013	195.146
35.023	195.323
35.033	196.418
35.043	196.824
35.053	197.038
35.063	197.602
35.073	197.859
35.083	196.705
35.093	196.562
35.103	195.909
35.113	195.426
35.123	194.697
35.133	194.430
35.143	193.189
35.153	192.154
35.163	192.376
35.173	192.330
35.183	192.792
35.193	193.745
35.203	193.417
35.213	193.658
35.223	195.307
35.233	198.218
35.243	204.843
35.253	208.900
35.263	208.555
35.273	0.000
35.283	0.000
35.293	0.000
35.303	0.000
35.313	0.000
35.323	0.000
35.333	0.000
35.343	0.000
35.353	0.000
35.363	0.000
35.373	0.000
35.383	0.000
35.393	0.000
35.403	0.000
35.413	0.000
35.423	0.000
35.433	0.000
35.443	0.000
35.453	0.000
35.463	0.000
35.473	0.000
35.483	0.000
35.493	0.000
35.503	0.000
35.513	0.000
35.523	0.000
35.533	0.000
35.543	0.000
35.553	0.000
35.563	0.000
35.573	0.000
35.583	0.000
35.593	0.000
35.603	0.000
35.613	259.421
35.623	260.139
35.633	260.664
35.643	260.515
35.653	260.272
35.663	260.127
35.673	259.699
35.683	259.512
35.693	259.129
35.703	259.548
35.713	259.689
35.723	260.472
35.733	261.689
35.743	262.476
35.753	263.658
35.763	265.069
35.773	265.222
35.783	264.728
35.793	263.718
35.803	262.663
35.813	262.230
35.823	261.055
35.833	260.560
35.843	259.898
35.853	259.385
35.863	258.711
35.873	258.333
35.883	258.457
35.893	258.993
35.903	259.135
35.913	259.609
35.923	259.745
35.933	260.589
35.943	261.555
35.953	262.101
35.963	262.714
35.973	262.862
35.983	262.817
35.993	262.802
36.003	262.145
36.013	260.910
36.023	260.001
36.033	259.374
36.043	258.186
36.053	257.027
36.063	256.541
36.073	256.390
36.083	256.721
36.093	257.210
36.103	257.561
36.113	257.981
36.123	258.461
36.133	258.622
36.143	259.088
36.153	259.441
36.163	259.904
36.173	259.855
36.183	260.004
36.193	259.812
36.203	259.506
36.213	259.455
36.223	259.344
36.233	258.951
36.243	258.654
36.253	259.427
36.263	258.923
36.273	258.855
36.283	259.108
36.293	259.574
36.303	260.091
36.313	260.031
36.323	258.286
36.333	257.065
36.343	257.902
36.353	261.698
36.363	258.288
36.373	258.435
36.383	260.773
36.393	260.531
36.403	260.261
36.413	259.853
36.423	260.047
36.433	260.080
36.443	260.413
36.453	260.506
36.463	260.735
36.473	260.812
36.483	260.769
36.493	260.783
36.503	260.917
36.513	261.252
36.523	261.513
36.533	261.655
36.543	261.684
36.553	261.642
36.563	260.993
36.573	259.850
36.583	262.112
36.593	0.000
36.603	0.000
36.613	0.000
36.623	260.656
36.633	260.079
36.643	259.803
36.653	259.217
36.663	258.766
36.673	258.688
36.683	258.860
36.693	259.218
36.703	259.631
36.713	259.708
36.723	259.795
36.733	260.710
36.743	262.528
36.753	263.426
36.763	264.325
36.773	264.499
36.783	264.268
36.793	262.965
36.803	261.731
36.813	260.457
36.823	259.732
36.833	258.985
36.843	258.625
36.853	258.352
36.863	258.451
36.873	258.779
36.883	259.260
36.893	259.758
36.903	261.109
36.913	262.069
36.923	262.423
36.933	262.675
36.943	262.710
36.953	262.618
36.963	262.637
36.973	262.525
36.983	262.315
36.993	261.844
37.003	262.078
37.013	261.532
37.023	261.233
37.033	260.248
37.043	259.426
37.053	258.878
37.063	258.975
37.073	0.000
37.083	0.000
37.093	0.000
37.103	244.580
37.113	244.854
37.123	245.154
37.133	245.313
37.143	245.254
37.153	245.469
37.163	246.132
37.173	247.139
37.183	247.653
37.193	248.476
37.203	249.407
37.213	250.110
37.223	250.369
37.233	250.509
37.243	250.256
37.253	249.922
37.263	249.109
37.273	247.753
37.283	246.141
37.293	245.620
37.303	245.581
37.313	245.729
37.323	245.886
37.333	246.385
37.343	247.202
37.353	247.964
37.363	248.456
37.373	249.146
37.383	249.521
37.393	249.751
37.403	249.887
37.413	249.990
37.423	249.730
37.433	249.560
37.443	249.471
37.453	249.245
37.463	249.143
37.473	248.829
37.483	248.600
37.493	248.571
37.503	248.388
37.513	247.985
37.523	247.206
37.533	246.511
37.543	246.446
37.553	244.606
37.563	0.000
37.573	0.000
37.583	0.000
37.593	0.000
37.603	216.030
37.613	215.619
37.623	215.974
37.633	216.418
37.643	217.003
37.653	217.363
37.663	218.355
37.673	219.198
37.683	219.602
37.693	219.949
37.703	220.289
37.713	220.569
37.723	220.636
37.733	220.734
37.743	220.546
37.753	220.183
37.763	219.696
37.773	219.071
37.783	218.473
37.793	218.217
37.803	218.473
37.813	218.822
37.823	219.285
37.833	219.581
37.843	219.946
37.853	220.292
37.863	220.413
37.873	220.754
37.883	220.982
37.893	221.017
37.903	221.050
37.913	221.065
37.923	221.006
37.933	221.092
37.943	221.106
37.953	221.024
37.963	220.840
37.973	220.611
37.983	220.284
37.993	219.187
38.003	217.717
38.013	217.473
38.023	214.125
38.033	210.033
38.043	211.458
38.053	211.172
38.063	212.055
38.073	210.737
38.083	0.000
38.093	0.000
38.103	205.924
38.113	207.447
38.123	207.700
38.133	207.865
38.143	207.577
38.153	207.483
38.163	207.552
38.173	207.343
38.183	206.795
38.193	206.619
38.203	206.584
38.213	206.512
38.223	206.289
38.233	206.301
38.243	206.485
38.253	206.415
38.263	206.331
38.273	206.296
38.283	206.505
38.293	206.548
38.303	206.590
38.313	206.777
38.323	206.898
38.333	206.854
38.343	206.963
38.353	207.097
38.363	207.065
38.373	207.144
38.383	207.262
38.393	207.290
38.403	207.389
38.413	207.429
38.423	207.514
38.433	207.660
38.443	207.666
38.453	207.654
38.463	207.755
38.473	207.786
38.483	207.812
38.493	207.819
38.503	207.961
38.513	207.981
38.523	208.154
38.533	208.141
38.543	208.287
38.553	208.489
38.563	208.921
38.573	208.840
38.583	207.676
38.593	211.461
38.603	216.865
38.613	220.433
38.623	221.276
38.633	221.835
38.643	221.281
38.653	219.950
38.663	219.700
38.673	219.234
38.683	218.829
38.693	218.572
38.703	218.032
38.713	217.903
38.723	218.173
38.733	218.298
38.743	218.900
38.753	219.681
38.763	220.775
38.773	221.287
38.783	222.050
38.793	222.433
38.803	222.550
38.813	222.586
38.823	222.390
38.833	222.054
38.843	221.833
38.853	221.156
38.863	220.242
38.873	219.718
38.883	219.075
38.893	218.433
38.903	218.106
38.913	218.051
38.923	218.003
38.933	218.445
38.943	219.104
38.953	219.527
38.963	220.618
38.973	221.457
38.983	221.613
38.993	221.886
39.003	222.106
39.013	221.898
39.023	221.684
39.033	220.999
39.043	220.325
39.053	219.977
39.063	219.282
39.073	218.570
39.083	218.174
39.093	218.094
39.103	218.575
39.113	219.249
39.123	220.032
39.133	220.390
39.143	221.347
39.153	221.623
39.163	221.742
39.173	221.945
39.183	222.023
39.193	221.719
39.203	221.552
39.213	221.144
39.223	220.565
39.233	220.315
39.243	219.635
39.253	218.895
39.263	218.709
39.273	218.719
39.283	219.867
39.293	221.182
39.303	221.052
39.313	220.958
39.323	221.202
39.333	221.748
39.343	222.099
39.353	222.064
39.363	222.659
39.373	222.514
39.383	222.326
39.393	222.703
39.403	222.948
39.413	221.851
39.423	221.654
39.433	221.474
39.443	0.000
39.453	0.000
39.463	0.000
39.473	0.000
39.483	0.000
39.493	0.000
39.503	0.000
39.513	0.000
39.523	0.000
39.533	0.000
39.543	0.000
39.553	0.000
39.563	0.000
39.573	0.000
39.583	0.000
39.593	0.000
39.603	0.000
39.613	0.000
39.623	184.453
39.633	182.739
39.643	183.624
39.653	183.662
39.663	183.083
39.673	182.717
39.683	182.012
39.693	182.078
39.703	182.148
39.713	182.962
39.723	183.381
39.733	183.260
39.743	183.353
39.753	183.515
39.763	183.933
39.773	184.138
39.783	184.335
39.793	184.773
39.803	184.525
39.813	184.423
39.823	184.340
39.833	184.520
39.843	184.609
39.853	184.695
39.863	184.757
39.873	185.047
39.883	185.243
39.893	185.396
39.903	185.445
39.913	185.274
39.923	185.230
39.933	185.197
39.943	185.177
39.953	185.017
39.963	184.945
39.973	185.227
39.983	185.268
39.993	185.383
40.003	185.395
40.013	184.926
40.023	184.004
40.033	183.728
40.043	184.519
40.053	0.000
40.063	0.000
40.073	0.000
40.083	0.000
40.093	0.000
40.103	0.000
40.113	0.000
40.123	0.000
40.133	0.000
40.143	0.000
40.153	0.000
40.163	0.000
40.173	250.224
40.183	252.860
40.193	255.382
40.203	256.477
40.213	256.874
40.223	257.373
40.233	257.569
40.243	257.712
40.253	257.476
40.263	256.702
40.273	255.936
40.283	255.566
40.293	254.806
40.303	254.137
40.313	253.956
40.323	254.170
40.333	254.317
40.343	254.816
40.353	254.659
40.363	255.378
40.373	256.497
40.383	257.477
40.393	257.745
40.403	258.418
40.413	259.724
40.423	259.509
40.433	259.511
40.443	258.746
40.453	257.715
40.463	257.395
40.473	256.523
40.483	255.395
40.493	254.969
40.503	255.208
40.513	255.384
40.523	256.164
40.533	256.387
40.543	256.571
40.553	256.838
40.563	257.517
40.573	257.696
40.583	258.412
40.593	258.371
40.603	258.369
40.613	258.115
40.623	257.970
40.633	257.608
40.643	257.004
40.653	256.213
40.663	255.551
40.673	256.314
40.683	259.081
40.693	265.494
40.703	249.620
40.713	249.445
40.723	246.173
40.733	244.869
40.743	244.342
40.753	244.034
40.763	243.929
40.773	244.512
40.783	245.449
40.793	246.025
40.803	246.453
40.813	246.530
40.823	246.965
40.833	248.077
40.843	249.224
40.853	249.447
40.863	249.197
40.873	248.379
40.883	247.638
40.893	247.100
40.903	246.515
40.913	245.592
40.923	244.514
40.933	244.303
40.943	244.318
40.953	244.493
40.963	245.049
40.973	245.913
40.983	246.548
40.993	247.285
41.003	247.978
41.013	248.912
41.023	249.149
41.033	249.415
41.043	249.355
41.053	249.185
41.063	248.607
41.073	248.255
41.083	247.672
41.093	247.120
41.103	246.915
41.113	246.787
41.123	247.060
41.133	247.097
41.143	247.339
41.153	247.305
41.163	247.182
41.173	247.298
41.183	247.239
41.193	247.515
41.203	247.745
41.213	247.798
41.223	248.345
41.233	249.364
41.243	247.115
41.253	245.715
41.263	0.000
41.273	0.000
41.283	0.000
41.293	0.000
41.303	0.000
41.313	0.000
41.323	194.627
41.333	194.792
41.343	194.680
41.353	194.430
41.363	194.560
41.373	194.796
41.383	194.973
41.393	195.063
41.403	195.155
41.413	195.136
41.423	195.206
41.433	195.177
41.443	195.199
41.453	195.303
41.463	195.387
41.473	195.310
41.483	195.380
41.493	195.312
41.503	195.424
41.513	195.372
41.523	195.497
41.533	195.216
41.543	195.106
41.553	195.009
41.563	195.272
41.573	195.344
41.583	195.224
41.593	195.058
41.603	195.424
41.613	195.587
41.623	195.188
41.633	195.061
41.643	195.521
41.653	195.452
41.663	195.732
41.673	195.575
41.683	195.819
41.693	195.905
41.703	195.874
41.713	195.663
41.723	195.214
41.733	195.387
41.743	195.613
41.753	195.436
41.763	195.574
41.773	195.469
41.783	195.125
41.793	195.194
41.803	195.352
41.813	195.437
41.823	195.300
41.833	195.514
41.843	195.205
41.853	195.004
41.863	195.515
41.873	195.488
41.883	192.879
41.893	192.008
41.903	193.876
41.913	195.783
41.923	195.401
41.933	196.126
41.943	0.000
41.953	0.000
41.963	0.000
41.973	0.000
41.983	0.000
41.993	297.755
42.003	297.747
42.013	294.194
42.023	293.116
42.033	293.605
42.043	293.952
42.053	291.161
42.063	292.725
42.073	293.753
42.083	290.854
42.093	292.568
42.103	294.748
42.113	295.453
42.123	294.023
42.133	295.448
42.143	296.652
42.153	296.976
42.163	295.214
42.173	294.819
42.183	294.690
42.193	293.982
42.203	292.367
42.213	291.676
42.223	292.115
42.233	291.214
42.243	290.899
42.253	291.291
42.263	291.547
42.273	291.136
42.283	291.304
42.293	291.992
42.303	291.747
42.313	291.535
42.323	291.924
42.333	292.089
42.343	291.779
42.353	291.246
42.363	291.325
42.373	292.215
42.383	291.560
42.393	291.104
42.403	291.596
42.413	292.203
42.423	291.843
42.433	292.200
42.443	292.315
42.453	292.109
42.463	292.437
42.473	292.586
42.483	292.479
42.493	292.762
42.503	293.339
42.513	293.998
42.523	294.505
42.533	294.643
42.543	295.086
42.553	295.017
42.563	296.817
42.573	297.137
42.583	295.269
42.593	294.290
42.603	293.923
42.613	293.856
42.623	293.297
42.633	292.333
42.643	291.568
42.653	291.270
42.663	290.987
42.673	290.847
42.683	290.587
42.693	290.496
42.703	290.565
42.713	291.262
42.723	292.097
42.733	292.445
42.743	293.259
42.753	294.110
42.763	295.291
42.773	295.478
42.783	295.672
42.793	295.653
42.803	295.617
42.813	294.901
42.823	293.870
42.833	292.299
42.843	291.957
42.853	291.446
42.863	290.898
42.873	290.705
42.883	291.036
42.893	291.079
42.903	291.691
42.913	292.472
42.923	293.054
42.933	293.529
42.943	294.168
42.953	294.842
42.963	295.336
42.973	295.332
42.983	295.367
42.993	295.000
43.003	294.751
43.013	294.515
43.023	293.980
43.033	293.959
43.043	293.167
43.053	292.260
43.063	292.679
43.073	293.271
43.083	292.585
43.093	291.920
43.103	292.669
43.113	294.345
43.123	294.598
43.133	293.671
43.143	293.161
43.153	293.164
43.163	293.245
43.173	293.922
43.183	294.805
43.193	293.678
43.203	292.516
43.213	293.570
43.223	294.217
43.233	293.984
43.243	297.856
43.253	298.253
43.263	296.681
43.273	295.763
43.283	298.385
43.293	299.745
43.303	299.560
43.313	296.167
43.323	293.700
43.333	294.177
43.343	298.117
43.353	297.552
43.363	296.910
43.373	294.446
43.383	0.000
43.393	0.000
43.403	0.000
43.413	0.000
43.423	0.000
43.433	192.168
43.443	193.125
43.453	193.335
43.463	193.606
43.473	193.401
43.483	193.279
43.493	193.367
43.503	194.019
43.513	194.530
43.523	194.243
43.533	194.154
43.543	194.066
43.553	194.334
43.563	194.189
43.573	193.910
43.583	194.063
43.593	194.243
43.603	194.505
43.613	193.994
43.623	193.555
43.633	193.880
43.643	193.619
43.653	193.454
43.663	194.126
43.673	194.007
43.683	193.775
43.693	194.183
43.703	193.894
43.713	193.995
43.723	193.922
43.733	194.290
43.743	194.427
43.753	193.987
43.763	193.385
43.773	193.386
43.783	193.534
43.793	193.758
43.803	193.973
43.813	194.172
43.823	193.679
43.833	193.573
43.843	194.128
43.853	193.912
43.863	193.810
43.873	193.762
43.883	193.647
43.893	193.608
43.903	194.206
43.913	194.538
43.923	194.539
43.933	195.157
43.943	194.827
43.953	194.984
43.963	194.876
43.973	194.365
43.983	194.701
43.993	194.586
44.003	194.392
44.013	194.164
44.023	194.076
44.033	193.996
44.043	194.187
44.053	194.491
44.063	194.216
44.073	193.988
44.083	193.841
44.093	193.499
44.103	193.758
44.113	193.741
44.123	193.839
44.133	194.247
44.143	194.247
44.153	193.984
44.163	194.163
44.173	194.322
44.183	194.197
44.193	194.230
44.203	193.709
44.213	194.010
44.223	193.765
44.233	193.520
44.243	194.019
44.253	193.927
44.263	194.062
44.273	193.766
44.283	193.671
44.293	193.742
44.303	193.787
44.313	193.521
44.323	193.560
44.333	193.679
44.343	193.428
44.353	193.274
44.363	193.944
44.373	194.650
44.383	194.569
44.393	194.775
44.403	194.753
44.413	194.400
44.423	194.935
44.433	194.227
44.443	194.424
44.453	193.903
44.463	194.061
44.473	194.467
44.483	193.631
44.493	194.620
44.503	194.075
44.513	193.748
44.523	193.600
44.533	193.807
44.543	193.807
44.553	193.797
44.563	194.021
44.573	193.957
44.583	194.025
44.593	194.424
44.603	194.322
44.613	193.992
44.623	194.216
44.633	194.392
44.643	194.459
44.653	194.064
44.663	194.173
44.673	194.573
44.683	194.618
44.693	193.912
44.703	193.821
44.713	193.704
44.723	193.586
44.733	194.226
44.743	194.420
44.753	194.311
44.763	194.422
44.773	194.365
44.783	194.533
44.793	194.402
44.803	194.226
44.813	194.108
44.823	194.071
44.833	193.793
44.843	194.312
44.853	193.983
44.863	193.965
44.873	193.824
44.883	194.055
44.893	194.113
44.903	194.174
44.913	193.532
44.923	193.597
44.933	193.714
44.943	193.959
44.953	194.158
44.963	194.736
44.973	195.091
44.983	194.669
44.993	194.281
45.003	194.027
45.013	193.756
45.023	193.825
45.033	194.234
45.043	194.433
45.053	194.516
45.063	194.133
45.073	194.223
45.083	194.243
45.093	193.900
45.103	193.897
45.113	193.936
45.123	194.564
45.133	194.510
45.143	194.514
45.153	194.260
45.163	194.273
45.173	194.033
45.183	194.117
45.193	194.235
45.203	194.688
45.213	194.456
45.223	194.345
45.233	193.657
45.243	193.669
45.253	194.215
45.263	194.207
45.273	193.832
45.283	194.157
45.293	194.170
45.303	193.798
45.313	193.802
45.323	194.160
45.333	194.159
45.343	193.696
45.353	193.271
45.363	193.592
45.373	193.996
45.383	194.390
45.393	194.224
45.403	194.469
45.413	193.876
45.423	193.737
45.433	194.301
45.443	194.266
45.453	193.719
45.463	0.000
45.473	0.000
45.483	0.000
45.493	0.000
45.503	0.000
45.513	0.000
45.523	0.000
45.533	0.000
45.543	0.000
45.553	0.000
45.563	0.000
45.573	0.000
45.583	0.000
45.593	0.000
45.603	0.000
45.613	0.000
45.623	0.000
45.633	0.000
45.643	0.000
45.653	0.000
45.663	0.000
45.673	0.000
45.683	0.000
45.693	0.000
45.703	0.000
45.713	0.000
45.723	0.000
45.733	0.000
45.743	0.000
45.753	0.000
45.763	0.000
45.773	0.000
45.783	0.000
45.793	0.000
45.803	0.000
45.813	0.000
45.823	0.000
45.833	0.000
45.843	0.000
45.853	0.000
45.863	0.000
45.873	0.000
45.883	0.000
45.893	0.000
45.903	0.000
45.913	0.000
45.923	0.000
45.933	0.000
45.943	0.000
45.953	0.000
45.963	0.000
45.973	0.000
45.983	0.000
45.993	0.000
46.003	0.000
46.013	0.000
46.023	0.000
46.033	0.000
46.043	0.000
46.053	0.000
46.063	0.000
46.073	0.000
46.083	0.000
46.093	0.000
46.103	0.000
46.113	0.000
46.123	0.000
46.133	0.000
46.143	0.000
46.153	0.000
46.163	0.000
46.173	0.000
46.183	0.000
46.193	0.000
46.203	0.000
46.213	0.000
46.223	0.000
46.233	0.000
46.243	0.000
46.253	0.000
46.263	0.000
46.273	0.000
46.283	0.000
46.293	0.000
46.303	0.000
46.313	0.000
46.323	0.000
46.333	0.000
46.343	0.000
46.353	0.000
46.363	0.000
46.373	0.000
46.383	0.000
46.393	0.000
46.403	0.000
46.413	0.000
46.423	0.000
46.433	0.000
46.443	0.000
46.453	0.000
46.463	0.000
46.473	0.000
46.483	0.000
46.493	0.000
46.503	0.000
46.513	0.000
46.523	0.000
46.533	0.000
46.543	0.000
46.553	0.000
46.563	0.000
46.573	0.000
46.583	0.000
46.593	0.000
46.603	0.000
46.613	0.000
46.623	0.000
46.633	0.000
46.643	0.000
46.653	0.000
46.663	0.000
46.673	0.000
46.683	0.000
46.693	0.000
46.703	0.000
