1.363		156.763		0.178
1.647		475.394		0.226
1.955		474.326		0.174
2.227		236.290		0.202
2.518		472.620		0.296
2.814		472.231		0.226
3.151		156.347		0.204
3.464		473.242		0.260
3.724		472.671		0.227
4.014		235.514		0.169
4.277		472.780		0.283
4.560		472.479		0.193
4.867		175.058		0.152
5.130		472.513		0.303
5.433		472.063		0.185
5.733		147.819		0.158
6.007		472.527		0.276
6.283		471.620		0.188
6.593		279.695		0.186
6.889		473.020		0.258
7.147		471.818		0.230
7.458		296.338		0.186
7.731		471.631		0.284
8.014		471.511		0.204
8.317		235.262		0.151
8.491		354.760		0.344
8.835		352.447		0.202
9.147		265.410		0.221
9.449		353.953		0.249
9.698		351.546		0.215
10.000		279.325		0.203
10.215		352.856		0.359
10.574		350.847		0.221
10.802		295.900		0.284
11.156		352.532		0.260
11.415		351.235		0.274
11.695		312.435		0.232
12.003		398.166		0.283
12.286		394.959		0.188
12.584		234.770		0.180
12.793		314.004		0.347
13.140		311.349		0.279
13.418		294.682		0.193
13.721		471.506		0.283
14.004		470.495		0.217
14.331		234.978		0.209
14.644		418.056		0.275
14.919		416.769		0.108
15.431		198.972		0.170
15.730		474.334		0.250
15.980		473.973		0.157
16.243		236.116		0.160
16.508		473.142		0.270
16.778		471.464		0.195
17.104		156.004		0.153
17.367		471.632		0.254
17.621		470.232		0.210
17.935		198.191		0.202
18.215		470.743		0.260
18.474		470.075		0.233
18.790		172.831		0.160
19.079		471.162		0.259
19.339		470.408		0.211
19.661		198.355		0.190
19.950		471.674		0.272
20.222		470.541		0.192
20.528		175.047		0.141
20.809		470.081		0.255
21.100		470.663		0.244
21.428		173.526		0.177
21.721		471.663		0.260
21.981		470.280		0.234
22.266		349.929		0.186
22.603		707.844		0.197
22.841		706.703		0.226
23.129		351.336		0.219
23.439		706.465		0.292
23.731		707.081		0.231
24.039		350.962		0.208
24.356		705.646		0.273
24.658		707.181		0.250
24.993		352.354		0.208
25.320		706.833		0.278
25.598		706.816		0.238
25.908		352.267		0.201
26.220		706.542		0.286
26.505		707.127		0.225
26.805		173.516		0.210
27.102		444.014		0.283
27.385		442.914		0.262
27.647		470.046		0.169
28.042		445.667		0.119
28.161		472.415		0.154
28.333		597.708		0.122
28.460		531.812		0.128
28.594		473.382		0.151
28.756		398.685		0.151
28.913		353.682		0.145
29.058		399.320		0.124
29.183		352.516		0.131
29.325		295.264		0.145
29.488		235.953		0.186
30.057		198.575		0.511
30.573		187.126		0.325
30.904		174.803		0.372
31.340		155.686		0.238
32.217		147.731		0.206
33.106		157.585		0.209
33.946		474.783		0.110
34.080		350.844		0.122
34.248		474.173		0.145
34.405		396.062		0.134
34.561		295.437		0.104
34.695		397.872		0.145
34.857		472.335		0.261
35.705		234.813		0.168
35.995		265.238		0.238
36.297		295.684		0.221
36.599		311.490		0.180
37.174		196.950		0.528
37.795		185.656		0.250
38.079		173.939		0.284
38.468		154.978		0.157
39.348		149.265		0.191
40.308		156.092		0.163
41.098		530.070		0.116
41.255		350.809		0.104
41.434		531.342		0.081
41.568		297.401		0.116
41.713		401.075		0.110
41.858		265.878		0.139
42.009		353.506		0.244
42.857		349.418		0.273
43.147		393.352		0.250
43.402		444.381		0.362
43.764		469.085		0.172
44.250		197.877		0.540
44.796		186.678		0.296
45.097		174.451		0.308
45.440		155.472		0.261
46.620		149.150		0.219
47.530		155.598		0.157
48.296		471.284		0.128
48.447		350.724		0.110
48.592		471.436		0.122
48.755		296.955		0.116
48.905		396.478		0.128
49.051		311.714		0.116
49.242		472.646		0.273
50.148		234.622		0.273
50.426		263.331		0.261
50.693		294.946		0.308
51.048		311.466		0.145
51.524		197.347		0.534
52.063		185.765		0.319
52.388		173.731		0.325
52.795		154.661		0.244
53.828		149.263		0.201
54.769		156.415		0.174
55.597		529.903		0.112
55.740		352.632		0.102
55.902		529.886		0.096
56.040		297.261		0.116
56.197		400.625		0.128
56.359		264.816		0.128
56.522		354.442		0.250
57.358		349.037		0.319
57.694		395.155		0.261
57.961		443.961		0.356
58.317		469.974		0.294
58.942		234.137		0.232
59.180		262.903		0.319
59.505		293.906		0.296
59.801		311.152		0.279
60.086		351.678		0.302
60.394		396.536		0.305
60.699		417.804		0.258
60.991		469.842		0.209
61.282		262.847		0.267
61.555		293.739		0.360
61.932		309.541		0.122
62.321		471.641		0.321
62.642		471.652		0.248
63.045		235.654		0.214
63.366		471.270		0.310
63.676		469.398		0.323
64.006		154.402		0.188
64.289		470.656		0.303
64.592		470.057		0.190
64.906		234.741		0.197
65.177		470.276		0.300
65.477		469.741		0.223
65.820		174.938		0.170
66.117		469.903		0.290
66.407		469.289		0.215
66.755		148.845		0.148
67.029		469.623		0.277
67.306		468.107		0.111
67.621		277.253		0.203
67.934		474.897		0.298
68.233		472.747		0.189
68.560		148.433		0.179
68.851		471.190		0.273
69.124		470.013		0.220
69.432		234.516		0.203
69.682		353.729		0.307
69.989		352.052		0.227
70.297		263.798		0.232
70.605		352.853		0.278
70.883		349.643		0.122
71.226		279.288		0.244
71.516		354.804		0.273
71.789		352.157		0.250
72.102		296.356		0.250
72.392		353.670		0.287
72.680		351.186		0.200
73.036		156.250		0.139
73.281		398.555		0.304
73.585		396.186		0.207
73.937		234.593		0.168
74.233		397.808		0.255
74.515		394.681		0.099
74.886		147.655		0.142
75.138		354.863		0.307
75.445		352.133		0.210
75.759		235.054		0.192
76.055		415.935		0.238
76.351		413.593		0.215
76.709		155.683		0.163
77.095		471.301		0.225
77.319		468.139		0.234
77.677		234.275		0.207
77.965		469.684		0.303
78.268		468.699		0.248
78.623		155.321		0.188
78.923		469.674		0.286
79.209		469.148		0.231
79.527		393.836		0.209
79.846		471.370		0.303
80.149		469.896		0.214
80.804		210.783		0.293
81.097		211.700		0.206
81.721		198.511		0.300
82.021		197.750		0.274
82.354		175.073		0.163
82.650		263.403		0.203
82.934		351.441		0.186
83.288		529.410		0.226
83.584		527.856		0.232
83.875		706.566		0.226
84.229		248.193		0.209
84.519		208.679		0.261
84.844		263.503		0.226
85.163		186.791		0.244
85.489		294.181		0.215
85.738		197.912		0.354
86.156		351.717		0.203
86.452		234.574		0.250
86.760		310.329		0.226
87.067		234.978		0.261
87.335		197.726		0.273
87.665		329.898		0.226
87.990		208.834		0.226
88.292		350.663		0.203
88.606		197.829		0.226
88.913		294.714		0.203
89.221		175.231		0.221
89.523		147.622		0.232
89.819		155.358		0.192
90.109		294.505		0.160
90.269		310.463		0.142
90.434		233.388		0.128
90.574		197.209		0.145
90.759		155.802		0.186
