0.023	0.000
0.033	0.000
0.043	0.000
0.053	0.000
0.063	0.000
0.073	0.000
0.083	0.000
0.093	0.000
0.103	0.000
0.113	0.000
0.123	0.000
0.133	0.000
0.143	0.000
0.153	0.000
0.163	0.000
0.173	0.000
0.183	0.000
0.193	0.000
0.203	0.000
0.213	0.000
0.223	0.000
0.233	0.000
0.243	0.000
0.253	0.000
0.263	0.000
0.273	0.000
0.283	0.000
0.293	0.000
0.303	0.000
0.313	0.000
0.323	0.000
0.333	0.000
0.343	0.000
0.353	0.000
0.363	0.000
0.373	0.000
0.383	0.000
0.393	0.000
0.403	0.000
0.413	0.000
0.423	0.000
0.433	0.000
0.443	0.000
0.453	0.000
0.463	0.000
0.473	0.000
0.483	0.000
0.493	0.000
0.503	0.000
0.513	0.000
0.523	0.000
0.533	0.000
0.543	0.000
0.553	0.000
0.563	0.000
0.573	0.000
0.583	0.000
0.593	0.000
0.603	0.000
0.613	0.000
0.623	0.000
0.633	0.000
0.643	0.000
0.653	0.000
0.663	0.000
0.673	0.000
0.683	0.000
0.693	0.000
0.703	0.000
0.713	0.000
0.723	0.000
0.733	0.000
0.743	0.000
0.753	0.000
0.763	0.000
0.773	0.000
0.783	0.000
0.793	0.000
0.803	0.000
0.813	0.000
0.823	0.000
0.833	0.000
0.843	0.000
0.853	0.000
0.863	0.000
0.873	0.000
0.883	0.000
0.893	0.000
0.903	0.000
0.913	0.000
0.923	0.000
0.933	0.000
0.943	0.000
0.953	0.000
0.963	0.000
0.973	0.000
0.983	0.000
0.993	0.000
1.003	0.000
1.013	0.000
1.023	0.000
1.033	0.000
1.043	0.000
1.053	0.000
1.063	0.000
1.073	0.000
1.083	0.000
1.093	0.000
1.103	0.000
1.113	0.000
1.123	0.000
1.133	0.000
1.143	0.000
1.153	0.000
1.163	0.000
1.173	0.000
1.183	0.000
1.193	0.000
1.203	0.000
1.213	0.000
1.223	0.000
1.233	0.000
1.243	0.000
1.253	0.000
1.263	0.000
1.273	0.000
1.283	0.000
1.293	0.000
1.303	0.000
1.313	0.000
1.323	0.000
1.333	0.000
1.343	0.000
1.353	0.000
1.363	0.000
1.373	0.000
1.383	0.000
1.393	0.000
1.403	0.000
1.413	0.000
1.423	0.000
1.433	0.000
1.443	0.000
1.453	0.000
1.463	0.000
1.473	0.000
1.483	0.000
1.493	0.000
1.503	0.000
1.513	0.000
1.523	0.000
1.533	0.000
1.543	0.000
1.553	0.000
1.563	0.000
1.573	0.000
1.583	0.000
1.593	0.000
1.603	0.000
1.613	0.000
1.623	0.000
1.633	0.000
1.643	0.000
1.653	0.000
1.663	0.000
1.673	0.000
1.683	0.000
1.693	0.000
1.703	0.000
1.713	0.000
1.723	0.000
1.733	0.000
1.743	0.000
1.753	0.000
1.763	0.000
1.773	0.000
1.783	0.000
1.793	0.000
1.803	0.000
1.813	0.000
1.823	0.000
1.833	0.000
1.843	0.000
1.853	0.000
1.863	0.000
1.873	0.000
1.883	0.000
1.893	0.000
1.903	0.000
1.913	0.000
1.923	0.000
1.933	0.000
1.943	0.000
1.953	0.000
1.963	0.000
1.973	0.000
1.983	0.000
1.993	0.000
2.003	0.000
2.013	0.000
2.023	0.000
2.033	0.000
2.043	0.000
2.053	0.000
2.063	0.000
2.073	0.000
2.083	0.000
2.093	0.000
2.103	0.000
2.113	0.000
2.123	0.000
2.133	0.000
2.143	0.000
2.153	0.000
2.163	0.000
2.173	0.000
2.183	0.000
2.193	0.000
2.203	0.000
2.213	0.000
2.223	0.000
2.233	0.000
2.243	0.000
2.253	0.000
2.263	0.000
2.273	0.000
2.283	0.000
2.293	0.000
2.303	0.000
2.313	0.000
2.323	0.000
2.333	0.000
2.343	0.000
2.353	0.000
2.363	0.000
2.373	0.000
2.383	0.000
2.393	0.000
2.403	0.000
2.413	0.000
2.423	0.000
2.433	0.000
2.443	0.000
2.453	0.000
2.463	0.000
2.473	0.000
2.483	0.000
2.493	0.000
2.503	0.000
2.513	0.000
2.523	0.000
2.533	0.000
2.543	0.000
2.553	0.000
2.563	0.000
2.573	0.000
2.583	0.000
2.593	0.000
2.603	0.000
2.613	0.000
2.623	0.000
2.633	0.000
2.643	0.000
2.653	0.000
2.663	0.000
2.673	0.000
2.683	0.000
2.693	0.000
2.703	0.000
2.713	0.000
2.723	0.000
2.733	0.000
2.743	0.000
2.753	0.000
2.763	0.000
2.773	0.000
2.783	0.000
2.793	0.000
2.803	0.000
2.813	0.000
2.823	0.000
2.833	0.000
2.843	0.000
2.853	0.000
2.863	0.000
2.873	0.000
2.883	0.000
2.893	0.000
2.903	0.000
2.913	0.000
2.923	0.000
2.933	0.000
2.943	0.000
2.953	0.000
2.963	0.000
2.973	0.000
2.983	0.000
2.993	0.000
3.003	0.000
3.013	0.000
3.023	0.000
3.033	0.000
3.043	0.000
3.053	0.000
3.063	0.000
3.073	0.000
3.083	0.000
3.093	0.000
3.103	0.000
3.113	0.000
3.123	0.000
3.133	0.000
3.143	0.000
3.153	0.000
3.163	0.000
3.173	0.000
3.183	0.000
3.193	0.000
3.203	0.000
3.213	0.000
3.223	0.000
3.233	0.000
3.243	0.000
3.253	0.000
3.263	0.000
3.273	0.000
3.283	0.000
3.293	0.000
3.303	0.000
3.313	0.000
3.323	0.000
3.333	0.000
3.343	0.000
3.353	0.000
3.363	0.000
3.373	0.000
3.383	0.000
3.393	0.000
3.403	0.000
3.413	0.000
3.423	0.000
3.433	0.000
3.443	0.000
3.453	0.000
3.463	0.000
3.473	0.000
3.483	0.000
3.493	0.000
3.503	0.000
3.513	0.000
3.523	0.000
3.533	0.000
3.543	0.000
3.553	0.000
3.563	0.000
3.573	0.000
3.583	0.000
3.593	0.000
3.603	0.000
3.613	0.000
3.623	0.000
3.633	0.000
3.643	0.000
3.653	0.000
3.663	0.000
3.673	0.000
3.683	0.000
3.693	0.000
3.703	0.000
3.713	0.000
3.723	0.000
3.733	0.000
3.743	0.000
3.753	0.000
3.763	0.000
3.773	0.000
3.783	0.000
3.793	0.000
3.803	0.000
3.813	0.000
3.823	0.000
3.833	0.000
3.843	0.000
3.853	0.000
3.863	0.000
3.873	0.000
3.883	0.000
3.893	0.000
3.903	0.000
3.913	0.000
3.923	0.000
3.933	0.000
3.943	0.000
3.953	0.000
3.963	0.000
3.973	0.000
3.983	0.000
3.993	0.000
4.003	0.000
4.013	0.000
4.023	0.000
4.033	0.000
4.043	0.000
4.053	0.000
4.063	0.000
4.073	0.000
4.083	0.000
4.093	0.000
4.103	0.000
4.113	0.000
4.123	0.000
4.133	0.000
4.143	0.000
4.153	0.000
4.163	0.000
4.173	0.000
4.183	0.000
4.193	0.000
4.203	0.000
4.213	0.000
4.223	0.000
4.233	0.000
4.243	0.000
4.253	0.000
4.263	0.000
4.273	0.000
4.283	0.000
4.293	0.000
4.303	0.000
4.313	0.000
4.323	0.000
4.333	0.000
4.343	0.000
4.353	0.000
4.363	0.000
4.373	0.000
4.383	0.000
4.393	0.000
4.403	0.000
4.413	0.000
4.423	170.580
4.433	168.840
4.443	168.274
4.453	167.663
4.463	166.682
4.473	165.744
4.483	165.835
4.493	165.231
4.503	165.845
4.513	166.016
4.523	165.303
4.533	166.611
4.543	166.168
4.553	166.367
4.563	166.726
4.573	166.296
4.583	166.227
4.593	166.243
4.603	166.015
4.613	165.638
4.623	165.249
4.633	164.648
4.643	164.847
4.653	164.823
4.663	164.888
4.673	165.126
4.683	165.158
4.693	165.311
4.703	165.416
4.713	165.039
4.723	165.008
4.733	165.171
4.743	165.137
4.753	165.083
4.763	164.868
4.773	164.764
4.783	164.829
4.793	165.272
4.803	165.341
4.813	165.629
4.823	165.901
4.833	165.769
4.843	165.648
4.853	165.633
4.863	165.536
4.873	165.389
4.883	165.022
4.893	164.971
4.903	165.162
4.913	165.213
4.923	165.189
4.933	165.150
4.943	165.241
4.953	165.256
4.963	165.437
4.973	165.408
4.983	165.285
4.993	165.419
5.003	165.665
5.013	165.701
5.023	165.725
5.033	165.580
5.043	165.666
5.053	165.673
5.063	165.520
5.073	165.173
5.083	164.938
5.093	164.864
5.103	165.287
5.113	165.612
5.123	165.508
5.133	165.429
5.143	165.354
5.153	165.249
5.163	165.313
5.173	165.654
5.183	165.841
5.193	165.884
5.203	165.813
5.213	165.848
5.223	165.944
5.233	165.929
5.243	165.812
5.253	165.719
5.263	165.732
5.273	165.658
5.283	165.685
5.293	165.727
5.303	165.804
5.313	165.816
5.323	165.870
5.333	165.735
5.343	165.684
5.353	165.978
5.363	165.978
5.373	165.757
5.383	165.771
5.393	165.693
5.403	165.627
5.413	165.568
5.423	165.504
5.433	165.401
5.443	165.342
5.453	165.304
5.463	165.410
5.473	165.369
5.483	165.134
5.493	165.246
5.503	165.271
5.513	165.308
5.523	165.376
5.533	165.378
5.543	165.403
5.553	165.509
5.563	165.633
5.573	165.516
5.583	165.395
5.593	165.483
5.603	165.623
5.613	165.787
5.623	166.138
5.633	166.262
5.643	166.328
5.653	166.547
5.663	166.814
5.673	166.943
5.683	167.295
5.693	167.850
5.703	167.939
5.713	168.267
5.723	168.377
5.733	168.856
5.743	168.364
5.753	167.891
5.763	168.640
5.773	167.104
5.783	170.363
5.793	0.000
5.803	0.000
5.813	0.000
5.823	0.000
5.833	0.000
5.843	171.514
5.853	170.701
5.863	169.093
5.873	165.947
5.883	165.174
5.893	165.016
5.903	164.641
5.913	165.537
5.923	165.934
5.933	165.946
5.943	166.096
5.953	166.145
5.963	166.170
5.973	166.059
5.983	165.652
5.993	165.821
6.003	165.909
6.013	165.744
6.023	166.381
6.033	166.527
6.043	166.554
6.053	166.512
6.063	166.274
6.073	166.125
6.083	165.699
6.093	165.266
6.103	165.256
6.113	165.367
6.123	165.357
6.133	165.467
6.143	165.562
6.153	165.763
6.163	165.697
6.173	165.814
6.183	166.006
6.193	166.047
6.203	166.281
6.213	166.466
6.223	166.514
6.233	166.415
6.243	166.318
6.253	166.463
6.263	166.391
6.273	166.206
6.283	166.119
6.293	166.046
6.303	166.067
6.313	165.969
6.323	165.907
6.333	166.093
6.343	166.312
6.353	166.251
6.363	166.415
6.373	166.627
6.383	166.629
6.393	166.617
6.403	166.770
6.413	166.826
6.423	166.832
6.433	166.771
6.443	166.600
6.453	166.611
6.463	166.519
6.473	166.498
6.483	166.306
6.493	166.123
6.503	166.232
6.513	166.324
6.523	166.321
6.533	166.308
6.543	166.434
6.553	166.590
6.563	166.724
6.573	166.804
6.583	166.858
6.593	166.853
6.603	166.680
6.613	166.529
6.623	166.419
6.633	166.486
6.643	166.525
6.653	166.523
6.663	166.333
6.673	166.285
6.683	166.324
6.693	166.331
6.703	166.330
6.713	166.311
6.723	166.321
6.733	166.311
6.743	166.277
6.753	166.256
6.763	166.403
6.773	166.600
6.783	166.557
6.793	166.509
6.803	166.476
6.813	166.342
6.823	166.118
6.833	166.054
6.843	166.014
6.853	165.865
6.863	165.790
6.873	165.990
6.883	166.028
6.893	166.133
6.903	166.188
6.913	166.027
6.923	166.041
6.933	166.035
6.943	165.978
6.953	166.091
6.963	166.153
6.973	166.104
6.983	166.163
6.993	166.235
7.003	166.264
7.013	166.164
7.023	166.248
7.033	166.306
7.043	165.931
7.053	165.839
7.063	165.911
7.073	165.801
7.083	165.753
7.093	166.000
7.103	166.224
7.113	166.385
7.123	166.729
7.133	166.675
7.143	166.639
7.153	166.724
7.163	166.486
7.173	166.538
7.183	166.776
7.193	166.876
7.203	166.828
7.213	167.356
7.223	166.808
7.233	167.016
7.243	167.626
7.253	166.791
7.263	166.655
7.273	168.415
7.283	170.801
7.293	171.530
7.303	0.000
7.313	0.000
7.323	0.000
7.333	173.517
7.343	171.465
7.353	168.615
7.363	167.370
7.373	165.388
7.383	164.950
7.393	165.176
7.403	165.546
7.413	165.598
7.423	165.677
7.433	165.712
7.443	165.871
7.453	166.094
7.463	166.167
7.473	166.123
7.483	166.290
7.493	165.983
7.503	166.151
7.513	166.127
7.523	165.979
7.533	165.639
7.543	165.571
7.553	165.719
7.563	165.617
7.573	165.660
7.583	165.707
7.593	165.564
7.603	165.550
7.613	165.569
7.623	165.777
7.633	165.819
7.643	166.183
7.653	166.250
7.663	166.287
7.673	166.267
7.683	166.360
7.693	166.345
7.703	166.432
7.713	166.518
7.723	166.521
7.733	166.334
7.743	166.317
7.753	166.123
7.763	165.948
7.773	165.921
7.783	165.872
7.793	165.999
7.803	166.239
7.813	165.961
7.823	165.700
7.833	165.706
7.843	165.545
7.853	165.639
7.863	165.576
7.873	165.605
7.883	165.922
7.893	166.247
7.903	166.340
7.913	166.372
7.923	166.182
7.933	166.213
7.943	166.146
7.953	166.173
7.963	166.098
7.973	165.995
7.983	165.973
7.993	165.938
8.003	165.538
8.013	165.453
8.023	165.629
8.033	165.648
8.043	165.545
8.053	165.579
8.063	165.900
8.073	165.866
8.083	165.854
8.093	166.023
8.103	166.010
8.113	166.143
8.123	166.393
8.133	166.609
8.143	166.724
8.153	166.760
8.163	166.745
8.173	166.732
8.183	166.653
8.193	166.640
8.203	166.549
8.213	166.488
8.223	166.338
8.233	166.292
8.243	166.407
8.253	166.340
8.263	166.221
8.273	166.429
8.283	166.178
8.293	166.361
8.303	166.502
8.313	166.454
8.323	166.533
8.333	166.491
8.343	166.274
8.353	166.640
8.363	166.688
8.373	166.514
8.383	166.491
8.393	166.519
8.403	166.458
8.413	166.451
8.423	166.452
8.433	166.624
8.443	166.533
8.453	166.380
8.463	166.387
8.473	166.249
8.483	166.268
8.493	166.776
8.503	166.860
8.513	166.674
8.523	166.857
8.533	166.992
8.543	167.230
8.553	167.070
8.563	167.037
8.573	167.031
8.583	166.962
8.593	166.848
8.603	166.436
8.613	167.844
8.623	167.970
8.633	167.602
8.643	166.911
8.653	167.618
8.663	167.380
8.673	166.627
8.683	167.015
8.693	168.017
8.703	167.816
8.713	167.270
8.723	0.000
8.733	0.000
8.743	0.000
8.753	0.000
8.763	0.000
8.773	0.000
8.783	0.000
8.793	0.000
8.803	0.000
8.813	0.000
8.823	0.000
8.833	0.000
8.843	0.000
8.853	0.000
8.863	0.000
8.873	0.000
8.883	0.000
8.893	0.000
8.903	0.000
8.913	0.000
8.923	0.000
8.933	0.000
8.943	0.000
8.953	0.000
8.963	0.000
8.973	0.000
8.983	0.000
8.993	0.000
9.003	0.000
9.013	0.000
9.023	0.000
9.033	0.000
9.043	0.000
9.053	0.000
9.063	0.000
9.073	0.000
9.083	0.000
9.093	0.000
9.103	0.000
9.113	0.000
9.123	0.000
9.133	0.000
9.143	0.000
9.153	0.000
9.163	0.000
9.173	0.000
9.183	0.000
9.193	0.000
9.203	0.000
9.213	0.000
9.223	0.000
9.233	0.000
9.243	0.000
9.253	0.000
9.263	0.000
9.273	0.000
9.283	0.000
9.293	0.000
9.303	0.000
9.313	0.000
9.323	0.000
9.333	0.000
9.343	0.000
9.353	0.000
9.363	0.000
9.373	0.000
9.383	0.000
9.393	0.000
9.403	0.000
9.413	0.000
9.423	0.000
9.433	0.000
9.443	0.000
9.453	0.000
9.463	0.000
9.473	0.000
9.483	0.000
9.493	0.000
9.503	0.000
9.513	0.000
9.523	0.000
9.533	0.000
9.543	0.000
9.553	0.000
9.563	0.000
9.573	0.000
9.583	0.000
9.593	0.000
9.603	0.000
9.613	0.000
9.623	0.000
9.633	0.000
9.643	0.000
9.653	0.000
9.663	0.000
9.673	0.000
9.683	0.000
9.693	0.000
9.703	0.000
9.713	0.000
9.723	0.000
9.733	0.000
9.743	0.000
9.753	0.000
9.763	0.000
9.773	0.000
9.783	0.000
9.793	0.000
9.803	0.000
9.813	0.000
9.823	0.000
9.833	0.000
9.843	0.000
9.853	0.000
9.863	0.000
9.873	0.000
9.883	0.000
9.893	0.000
9.903	0.000
9.913	0.000
9.923	0.000
9.933	0.000
9.943	0.000
9.953	0.000
9.963	0.000
9.973	0.000
9.983	0.000
9.993	0.000
10.003	0.000
10.013	0.000
10.023	0.000
10.033	0.000
10.043	0.000
10.053	0.000
10.063	0.000
10.073	0.000
10.083	0.000
10.093	0.000
10.103	0.000
10.113	0.000
10.123	0.000
10.133	0.000
10.143	0.000
10.153	170.493
10.163	166.522
10.173	164.483
10.183	163.768
10.193	163.547
10.203	164.686
10.213	164.921
10.223	164.923
10.233	165.649
10.243	165.525
10.253	165.472
10.263	165.680
10.273	165.416
10.283	165.364
10.293	165.835
10.303	165.831
10.313	166.104
10.323	166.052
10.333	165.858
10.343	165.714
10.353	165.626
10.363	165.281
10.373	165.077
10.383	164.872
10.393	164.927
10.403	164.928
10.413	164.829
10.423	164.996
10.433	165.131
10.443	165.295
10.453	165.235
10.463	165.197
10.473	165.182
10.483	165.344
10.493	165.332
10.503	165.304
10.513	165.529
10.523	165.446
10.533	165.531
10.543	165.495
10.553	165.460
10.563	165.555
10.573	165.625
10.583	165.679
10.593	165.616
10.603	165.545
10.613	165.373
10.623	165.583
10.633	165.602
10.643	165.550
10.653	165.240
10.663	164.991
10.673	165.032
10.683	165.103
10.693	165.140
10.703	165.235
10.713	165.351
10.723	165.422
10.733	165.496
10.743	165.467
10.753	165.458
10.763	165.484
10.773	165.742
10.783	165.968
10.793	165.792
10.803	165.874
10.813	165.932
10.823	165.940
10.833	165.756
10.843	165.727
10.853	165.836
10.863	165.843
10.873	165.763
10.883	165.747
10.893	165.730
10.903	165.718
10.913	165.727
10.923	165.681
10.933	165.627
10.943	165.704
10.953	165.524
10.963	165.683
10.973	165.671
10.983	165.678
10.993	165.701
11.003	165.661
11.013	165.515
11.023	165.540
11.033	165.679
11.043	165.708
11.053	165.632
11.063	165.496
11.073	165.476
11.083	165.199
11.093	165.395
11.103	165.477
11.113	165.506
11.123	165.393
11.133	165.358
11.143	165.550
11.153	165.677
11.163	165.697
11.173	165.696
11.183	165.782
11.193	165.682
11.203	165.397
11.213	165.327
11.223	165.364
11.233	165.330
11.243	165.260
11.253	165.182
11.263	165.272
11.273	165.410
11.283	165.392
11.293	165.452
11.303	165.627
11.313	165.665
11.323	165.562
11.333	165.680
11.343	165.665
11.353	165.827
11.363	165.831
11.373	165.969
11.383	166.254
11.393	166.498
11.403	166.652
11.413	166.979
11.423	167.218
11.433	167.676
11.443	168.211
11.453	168.709
11.463	169.252
11.473	169.563
11.483	166.397
11.493	168.050
11.503	167.492
11.513	168.765
11.523	169.455
11.533	0.000
11.543	0.000
11.553	170.091
11.563	173.626
11.573	172.534
11.583	170.621
11.593	166.527
11.603	165.403
11.613	165.093
11.623	165.299
11.633	165.354
11.643	165.613
11.653	165.924
11.663	166.099
11.673	166.529
11.683	166.469
11.693	166.583
11.703	166.713
11.713	166.785
11.723	166.862
11.733	166.907
11.743	166.906
11.753	166.986
11.763	166.943
11.773	166.944
11.783	166.943
11.793	166.519
11.803	166.547
11.813	166.782
11.823	166.706
11.833	166.651
11.843	166.461
11.853	166.359
11.863	166.539
11.873	166.605
11.883	166.643
11.893	166.428
11.903	166.487
11.913	166.632
11.923	166.566
11.933	166.669
11.943	166.816
11.953	166.808
11.963	166.844
11.973	166.775
11.983	166.790
11.993	166.753
12.003	166.572
12.013	166.546
12.023	166.460
12.033	166.435
12.043	166.412
12.053	166.430
12.063	166.532
12.073	166.558
12.083	166.306
12.093	166.383
12.103	166.295
12.113	166.062
12.123	166.101
12.133	166.207
12.143	166.445
12.153	166.761
12.163	166.727
12.173	166.660
12.183	166.698
12.193	166.814
12.203	166.550
12.213	166.551
12.223	166.506
12.233	166.592
12.243	166.562
12.253	166.496
12.263	166.412
12.273	166.387
12.283	166.170
12.293	165.936
12.303	166.096
12.313	165.975
12.323	166.086
12.333	166.286
12.343	166.295
12.353	166.270
12.363	166.245
12.373	166.250
12.383	166.219
12.393	166.256
12.403	166.410
12.413	166.472
12.423	166.353
12.433	166.455
12.443	166.387
12.453	166.316
12.463	166.226
12.473	166.145
12.483	166.073
12.493	166.130
12.503	166.291
12.513	166.119
12.523	166.125
12.533	166.207
12.543	166.053
12.553	166.007
12.563	166.002
12.573	165.854
12.583	165.754
12.593	165.784
12.603	165.854
12.613	166.062
12.623	166.235
12.633	166.286
12.643	166.237
12.653	166.153
12.663	166.171
12.673	166.259
12.683	166.293
12.693	166.421
12.703	166.437
12.713	166.461
12.723	166.564
12.733	166.626
12.743	166.568
12.753	166.553
12.763	166.667
12.773	166.693
12.783	166.843
12.793	166.919
12.803	167.166
12.813	167.439
12.823	167.465
12.833	168.533
12.843	169.004
12.853	169.500
12.863	168.125
12.873	168.810
12.883	168.774
12.893	171.608
12.903	171.879
12.913	175.839
12.923	183.904
12.933	181.824
12.943	179.803
12.953	179.601
12.963	175.639
12.973	170.646
12.983	168.247
12.993	166.927
13.003	166.174
13.013	166.410
13.023	166.193
13.033	165.529
13.043	165.517
13.053	165.898
13.063	165.782
13.073	165.666
13.083	165.740
13.093	165.727
13.103	166.020
13.113	166.146
13.123	166.092
13.133	166.094
13.143	166.208
13.153	166.250
13.163	166.235
13.173	166.341
13.183	166.267
13.193	166.239
13.203	166.124
13.213	166.307
13.223	166.484
13.233	166.496
13.243	166.514
13.253	166.297
13.263	166.025
13.273	165.791
13.283	165.742
13.293	165.714
13.303	165.609
13.313	165.635
13.323	165.476
13.333	165.584
13.343	165.751
13.353	165.651
13.363	165.793
13.373	165.765
13.383	165.853
13.393	166.189
13.403	166.346
13.413	166.409
13.423	166.423
13.433	166.467
13.443	166.541
13.453	166.494
13.463	166.292
13.473	166.008
13.483	165.584
13.493	165.576
13.503	165.793
13.513	165.925
13.523	165.978
13.533	165.899
13.543	166.016
13.553	166.116
13.563	166.079
13.573	166.029
13.583	165.830
13.593	165.637
13.603	165.661
13.613	165.871
13.623	165.836
13.633	165.831
13.643	166.057
13.653	166.308
13.663	166.195
13.673	166.115
13.683	166.201
13.693	166.083
13.703	166.191
13.713	166.295
13.723	166.756
13.733	166.533
13.743	166.310
13.753	166.466
13.763	166.836
13.773	166.874
13.783	166.826
13.793	166.789
13.803	166.793
13.813	166.333
13.823	165.979
13.833	166.661
13.843	167.247
13.853	167.268
13.863	167.363
13.873	168.347
13.883	168.330
13.893	167.572
13.903	0.000
13.913	0.000
13.923	0.000
13.933	0.000
13.943	0.000
13.953	0.000
13.963	0.000
13.973	0.000
13.983	0.000
13.993	0.000
14.003	0.000
14.013	0.000
14.023	0.000
14.033	0.000
14.043	0.000
14.053	0.000
14.063	0.000
14.073	0.000
14.083	0.000
14.093	0.000
14.103	0.000
14.113	0.000
14.123	0.000
14.133	0.000
14.143	0.000
14.153	0.000
14.163	0.000
14.173	0.000
14.183	0.000
14.193	0.000
14.203	0.000
14.213	0.000
14.223	0.000
14.233	0.000
14.243	0.000
14.253	0.000
14.263	0.000
14.273	0.000
14.283	0.000
14.293	0.000
14.303	0.000
14.313	0.000
14.323	0.000
14.333	0.000
14.343	0.000
14.353	0.000
14.363	0.000
14.373	0.000
14.383	0.000
14.393	0.000
14.403	0.000
14.413	0.000
14.423	0.000
14.433	0.000
14.443	0.000
14.453	0.000
14.463	0.000
14.473	0.000
14.483	0.000
14.493	0.000
14.503	0.000
14.513	0.000
14.523	0.000
14.533	0.000
14.543	0.000
14.553	0.000
14.563	0.000
14.573	0.000
14.583	0.000
14.593	0.000
14.603	0.000
14.613	0.000
14.623	0.000
14.633	0.000
14.643	0.000
14.653	0.000
14.663	0.000
14.673	0.000
14.683	0.000
14.693	0.000
14.703	0.000
14.713	0.000
14.723	0.000
14.733	0.000
14.743	0.000
14.753	0.000
14.763	0.000
14.773	0.000
14.783	0.000
14.793	0.000
14.803	0.000
14.813	0.000
14.823	0.000
14.833	0.000
14.843	0.000
14.853	0.000
14.863	0.000
14.873	0.000
14.883	0.000
14.893	0.000
14.903	0.000
14.913	0.000
14.923	0.000
14.933	0.000
14.943	0.000
14.953	0.000
14.963	0.000
14.973	0.000
14.983	0.000
14.993	0.000
15.003	0.000
15.013	0.000
15.023	0.000
15.033	0.000
15.043	0.000
15.053	0.000
15.063	0.000
15.073	0.000
15.083	0.000
15.093	0.000
15.103	0.000
15.113	0.000
15.123	0.000
15.133	0.000
15.143	0.000
15.153	0.000
15.163	0.000
15.173	0.000
15.183	0.000
15.193	0.000
15.203	0.000
15.213	0.000
15.223	0.000
15.233	0.000
15.243	0.000
15.253	0.000
15.263	0.000
15.273	0.000
15.283	0.000
15.293	0.000
15.303	0.000
15.313	0.000
15.323	0.000
15.333	0.000
15.343	0.000
15.353	0.000
15.363	0.000
15.373	0.000
15.383	0.000
15.393	0.000
15.403	0.000
15.413	0.000
15.423	0.000
15.433	0.000
15.443	0.000
15.453	0.000
15.463	0.000
15.473	0.000
15.483	0.000
15.493	0.000
15.503	0.000
15.513	0.000
15.523	0.000
15.533	0.000
15.543	0.000
15.553	0.000
15.563	0.000
15.573	0.000
15.583	0.000
15.593	0.000
15.603	0.000
15.613	0.000
15.623	0.000
15.633	0.000
15.643	0.000
15.653	0.000
15.663	0.000
15.673	0.000
15.683	0.000
15.693	0.000
15.703	0.000
15.713	0.000
15.723	0.000
15.733	0.000
15.743	0.000
15.753	0.000
15.763	0.000
15.773	0.000
15.783	0.000
15.793	0.000
15.803	0.000
15.813	0.000
15.823	0.000
15.833	0.000
15.843	0.000
15.853	0.000
15.863	173.047
15.873	170.081
15.883	166.294
15.893	161.180
15.903	162.986
15.913	162.435
15.923	161.950
15.933	163.435
15.943	164.099
15.953	163.985
15.963	164.377
15.973	164.253
15.983	163.858
15.993	163.857
16.003	163.866
16.013	164.095
16.023	164.164
16.033	164.033
16.043	163.813
16.053	163.625
16.063	163.015
16.073	163.272
16.083	163.361
16.093	163.334
16.103	163.316
16.113	163.317
16.123	163.340
16.133	163.566
16.143	163.633
16.153	164.131
16.163	164.285
16.173	164.298
16.183	164.359
16.193	164.465
16.203	164.567
16.213	164.658
16.223	164.700
16.233	164.645
16.243	164.417
16.253	164.262
16.263	164.405
16.273	164.441
16.283	164.516
16.293	164.611
16.303	164.677
16.313	164.738
16.323	164.785
16.333	164.732
16.343	164.671
16.353	164.563
16.363	164.371
16.373	164.226
16.383	164.097
16.393	164.111
16.403	164.100
16.413	164.098
16.423	163.976
16.433	163.941
16.443	164.138
16.453	164.142
16.463	164.255
16.473	164.504
16.483	164.577
16.493	164.664
16.503	164.764
16.513	164.960
16.523	164.917
16.533	164.831
16.543	164.936
16.553	164.731
16.563	164.549
16.573	164.296
16.583	164.067
16.593	164.203
16.603	164.340
16.613	164.377
16.623	164.381
16.633	164.438
16.643	164.609
16.653	164.767
16.663	164.707
16.673	164.441
16.683	164.631
16.693	164.590
16.703	164.580
16.713	164.845
16.723	164.892
16.733	164.795
16.743	164.748
16.753	164.646
16.763	164.532
16.773	164.567
16.783	164.584
16.793	164.602
16.803	164.653
16.813	164.640
16.823	164.546
16.833	164.543
16.843	164.504
16.853	164.644
16.863	164.818
16.873	164.680
16.883	164.707
16.893	164.884
16.903	164.832
16.913	164.668
16.923	164.608
16.933	164.675
16.943	164.840
16.953	164.907
16.963	164.925
16.973	164.732
16.983	164.766
16.993	164.706
17.003	164.650
17.013	164.830
17.023	164.866
17.033	165.025
17.043	165.151
17.053	165.321
17.063	165.509
17.073	165.551
17.083	165.542
17.093	165.883
17.103	165.935
17.113	166.367
17.123	166.875
17.133	167.138
17.143	168.121
17.153	169.310
17.163	169.553
17.173	168.742
17.183	170.068
17.193	170.203
17.203	168.345
17.213	167.443
17.223	167.662
17.233	0.000
17.243	0.000
17.253	0.000
17.263	0.000
17.273	168.612
17.283	166.534
17.293	163.076
17.303	163.632
17.313	163.649
17.323	162.949
17.333	163.502
17.343	164.000
17.353	164.181
17.363	164.770
17.373	164.965
17.383	165.251
17.393	165.573
17.403	164.982
17.413	165.487
17.423	165.540
17.433	165.009
17.443	164.956
17.453	164.785
17.463	164.572
17.473	164.406
17.483	164.568
17.493	164.626
17.503	164.724
17.513	164.753
17.523	164.980
17.533	164.819
17.543	164.930
17.553	164.871
17.563	164.896
17.573	164.947
17.583	165.031
17.593	165.339
17.603	165.580
17.613	165.761
17.623	165.760
17.633	165.574
17.643	165.464
17.653	165.255
17.663	165.167
17.673	165.143
17.683	165.398
17.693	165.552
17.703	165.379
17.713	165.349
17.723	165.478
17.733	165.461
17.743	165.367
17.753	165.343
17.763	165.390
17.773	165.290
17.783	165.286
17.793	165.435
17.803	165.331
17.813	165.291
17.823	165.246
17.833	165.035
17.843	165.104
17.853	165.113
17.863	165.084
17.873	165.077
17.883	165.060
17.893	165.114
17.903	165.144
17.913	165.182
17.923	165.228
17.933	165.260
17.943	165.109
17.953	165.083
17.963	165.160
17.973	165.153
17.983	165.044
17.993	165.212
18.003	165.363
18.013	165.431
18.023	165.452
18.033	165.490
18.043	165.418
18.053	165.214
18.063	165.118
18.073	165.090
18.083	165.003
18.093	165.161
18.103	165.414
18.113	165.406
18.123	165.288
18.133	165.344
18.143	165.330
18.153	165.232
18.163	165.200
18.173	165.261
18.183	165.185
18.193	165.073
18.203	165.042
18.213	165.160
18.223	165.256
18.233	165.445
18.243	165.657
18.253	165.709
18.263	165.593
18.273	165.634
18.283	165.625
18.293	165.374
18.303	165.349
18.313	165.390
18.323	165.416
18.333	165.529
18.343	165.602
18.353	165.449
18.363	165.444
18.373	165.196
18.383	165.080
18.393	165.040
18.403	164.781
18.413	164.537
18.423	164.556
18.433	164.592
18.443	164.698
18.453	164.729
18.463	164.798
18.473	164.863
18.483	164.951
18.493	165.042
18.503	165.227
18.513	165.540
18.523	165.596
18.533	165.756
18.543	165.941
18.553	166.111
18.563	166.421
18.573	166.739
18.583	168.609
18.593	169.376
18.603	166.947
18.613	167.723
18.623	168.376
18.633	169.339
18.643	169.286
18.653	169.943
18.663	0.000
18.673	0.000
18.683	0.000
18.693	168.241
18.703	171.246
18.713	168.055
18.723	166.426
18.733	165.133
18.743	164.826
18.753	164.780
18.763	165.145
18.773	165.583
18.783	165.987
18.793	166.094
18.803	166.487
18.813	166.744
18.823	166.726
18.833	166.684
18.843	166.697
18.853	166.718
18.863	166.725
18.873	166.712
18.883	166.572
18.893	166.350
18.903	166.339
18.913	166.198
18.923	166.053
18.933	166.108
18.943	166.080
18.953	165.994
18.963	166.007
18.973	165.971
18.983	165.799
18.993	165.751
19.003	165.841
19.013	165.998
19.023	166.053
19.033	166.040
19.043	166.096
19.053	166.291
19.063	166.509
19.073	166.523
19.083	166.520
19.093	166.447
19.103	166.533
19.113	166.520
19.123	166.480
19.133	166.292
19.143	166.087
19.153	165.998
19.163	165.864
19.173	165.689
19.183	165.817
19.193	165.839
19.203	165.782
19.213	165.883
19.223	165.898
19.233	165.926
19.243	165.727
19.253	165.770
19.263	165.938
19.273	165.988
19.283	166.007
19.293	166.246
19.303	166.163
19.313	165.927
19.323	166.147
19.333	166.007
19.343	165.891
19.353	165.970
19.363	165.974
19.373	166.020
19.383	166.059
19.393	165.913
19.403	165.803
19.413	165.786
19.423	165.984
19.433	166.085
19.443	166.007
19.453	166.033
19.463	165.876
19.473	165.846
19.483	165.991
19.493	166.285
19.503	166.173
19.513	166.139
19.523	166.108
19.533	166.000
19.543	166.068
19.553	166.080
19.563	166.072
19.573	166.157
19.583	166.144
19.593	166.028
19.603	165.888
19.613	165.528
19.623	165.575
19.633	165.554
19.643	165.666
19.653	165.807
19.663	165.810
19.673	165.929
19.683	165.944
19.693	166.047
19.703	166.164
19.713	166.156
19.723	166.133
19.733	166.240
19.743	166.271
19.753	166.109
19.763	166.025
19.773	166.020
19.783	166.125
19.793	166.052
19.803	165.987
19.813	166.035
19.823	165.835
19.833	165.707
19.843	165.675
19.853	165.602
19.863	165.681
19.873	165.855
19.883	166.023
19.893	166.188
19.903	166.393
19.913	166.486
19.923	166.439
19.933	166.259
19.943	166.460
19.953	166.607
19.963	166.350
19.973	166.450
19.983	166.668
19.993	166.970
20.003	166.561
20.013	166.584
20.023	166.498
20.033	166.834
20.043	165.897
20.053	164.870
20.063	166.444
20.073	167.924
20.083	0.000
20.093	0.000
20.103	0.000
20.113	0.000
20.123	0.000
20.133	0.000
20.143	0.000
20.153	0.000
20.163	0.000
20.173	0.000
20.183	0.000
20.193	0.000
20.203	0.000
20.213	0.000
20.223	0.000
20.233	0.000
20.243	0.000
20.253	0.000
20.263	0.000
20.273	0.000
20.283	0.000
20.293	0.000
20.303	0.000
20.313	0.000
20.323	0.000
20.333	0.000
20.343	0.000
20.353	0.000
20.363	0.000
20.373	0.000
20.383	0.000
20.393	0.000
20.403	0.000
20.413	0.000
20.423	0.000
20.433	0.000
20.443	0.000
20.453	0.000
20.463	0.000
20.473	0.000
20.483	0.000
20.493	0.000
20.503	0.000
20.513	0.000
20.523	0.000
20.533	0.000
20.543	0.000
20.553	0.000
20.563	0.000
20.573	0.000
20.583	0.000
20.593	0.000
20.603	0.000
20.613	0.000
20.623	0.000
20.633	0.000
20.643	0.000
20.653	0.000
20.663	0.000
20.673	0.000
20.683	0.000
20.693	0.000
20.703	0.000
20.713	0.000
20.723	0.000
20.733	0.000
20.743	0.000
20.753	0.000
20.763	0.000
20.773	0.000
20.783	0.000
20.793	0.000
20.803	0.000
20.813	0.000
20.823	0.000
20.833	0.000
20.843	0.000
20.853	0.000
20.863	0.000
20.873	0.000
20.883	0.000
20.893	0.000
20.903	0.000
20.913	0.000
20.923	0.000
20.933	0.000
20.943	0.000
20.953	0.000
20.963	0.000
20.973	0.000
20.983	0.000
20.993	0.000
21.003	0.000
21.013	0.000
21.023	0.000
21.033	0.000
21.043	0.000
21.053	0.000
21.063	0.000
21.073	0.000
21.083	0.000
21.093	0.000
21.103	0.000
21.113	0.000
21.123	0.000
21.133	0.000
21.143	0.000
21.153	0.000
21.163	0.000
21.173	0.000
21.183	0.000
21.193	0.000
21.203	0.000
21.213	0.000
21.223	0.000
21.233	0.000
21.243	0.000
21.253	0.000
21.263	0.000
21.273	0.000
21.283	0.000
21.293	0.000
21.303	0.000
21.313	0.000
21.323	0.000
21.333	0.000
21.343	0.000
21.353	0.000
21.363	0.000
21.373	0.000
21.383	0.000
21.393	0.000
21.403	0.000
21.413	0.000
21.423	0.000
21.433	0.000
21.443	0.000
21.453	0.000
21.463	0.000
21.473	0.000
21.483	0.000
21.493	0.000
21.503	0.000
21.513	0.000
21.523	0.000
21.533	0.000
21.543	167.407
21.553	160.656
21.563	160.235
21.573	161.211
21.583	161.095
21.593	161.342
21.603	162.528
21.613	163.165
21.623	163.429
21.633	164.031
21.643	163.993
21.653	164.281
21.663	164.271
21.673	163.791
21.683	163.950
21.693	163.961
21.703	163.893
21.713	164.361
21.723	164.171
21.733	163.817
21.743	164.110
21.753	163.979
21.763	163.619
21.773	163.891
21.783	163.846
21.793	163.872
21.803	164.204
21.813	164.349
21.823	164.439
21.833	164.344
21.843	164.330
21.853	164.209
21.863	164.006
21.873	164.060
21.883	164.139
21.893	164.110
21.903	164.171
21.913	164.210
21.923	164.285
21.933	164.359
21.943	164.287
21.953	164.239
21.963	164.071
21.973	164.123
21.983	163.962
21.993	163.929
22.003	164.122
22.013	164.202
22.023	164.392
22.033	164.577
22.043	164.619
22.053	164.549
22.063	164.375
22.073	164.109
22.083	163.863
22.093	163.726
22.103	163.765
22.113	163.760
22.123	163.781
22.133	164.167
22.143	164.229
22.153	164.317
22.163	164.422
22.173	164.386
22.183	164.414
22.193	164.520
22.203	164.507
22.213	164.327
22.223	164.143
22.233	163.935
22.243	163.987
22.253	164.075
22.263	164.249
22.273	164.374
22.283	164.290
22.293	164.262
22.303	164.265
22.313	164.224
22.323	164.333
22.333	164.423
22.343	164.417
22.353	164.336
22.363	164.196
22.373	164.186
22.383	164.395
22.393	164.280
22.403	164.243
22.413	164.460
22.423	164.524
22.433	164.420
22.443	164.293
22.453	164.051
22.463	163.791
22.473	163.830
22.483	163.977
22.493	164.231
22.503	164.262
22.513	164.211
22.523	164.110
22.533	164.161
22.543	164.156
22.553	164.087
22.563	164.015
22.573	163.845
22.583	163.837
22.593	163.570
22.603	163.485
22.613	163.676
22.623	163.930
22.633	164.144
22.643	164.453
22.653	164.634
22.663	164.856
22.673	164.962
22.683	164.914
22.693	165.168
22.703	165.174
22.713	165.207
22.723	165.390
22.733	165.364
22.743	165.639
22.753	166.700
22.763	167.333
22.773	167.659
22.783	165.940
22.793	168.237
22.803	168.245
22.813	170.362
22.823	170.194
22.833	172.829
22.843	171.333
22.853	167.202
22.863	166.013
22.873	165.708
22.883	164.706
22.893	164.961
22.903	164.818
22.913	164.484
22.923	164.654
22.933	164.900
22.943	165.035
22.953	165.337
22.963	165.311
22.973	165.222
22.983	165.298
22.993	165.295
23.003	165.261
23.013	165.311
23.023	165.400
23.033	165.554
23.043	165.681
23.053	165.750
23.063	165.658
23.073	165.543
23.083	165.531
23.093	165.517
23.103	165.605
23.113	165.548
23.123	165.479
23.133	165.587
23.143	165.553
23.153	165.489
23.163	165.239
23.173	165.029
23.183	165.035
23.193	165.007
23.203	164.923
23.213	164.914
23.223	164.938
23.233	164.924
23.243	165.160
23.253	165.235
23.263	165.086
23.273	164.832
23.283	164.783
23.293	164.782
23.303	164.782
23.313	164.751
23.323	164.997
23.333	165.070
23.343	164.850
23.353	164.650
23.363	164.658
23.373	164.614
23.383	164.439
23.393	164.430
23.403	164.364
23.413	164.348
23.423	164.570
23.433	164.657
23.443	164.683
23.453	164.662
23.463	164.694
23.473	164.818
23.483	164.776
23.493	164.672
23.503	164.758
23.513	164.741
23.523	164.726
23.533	164.695
23.543	164.526
23.553	164.453
23.563	164.524
23.573	164.602
23.583	164.766
23.593	164.922
23.603	165.052
23.613	165.137
23.623	165.088
23.633	164.849
23.643	164.678
23.653	164.641
23.663	164.639
23.673	164.463
23.683	164.335
23.693	164.431
23.703	164.463
23.713	164.516
23.723	164.358
23.733	164.307
23.743	164.413
23.753	164.492
23.763	164.570
23.773	164.578
23.783	164.618
23.793	164.689
23.803	164.743
23.813	164.868
23.823	164.921
23.833	164.944
23.843	165.002
23.853	164.681
23.863	164.295
23.873	164.125
23.883	164.046
23.893	164.138
23.903	164.325
23.913	164.566
23.923	164.783
23.933	164.875
23.943	164.890
23.953	164.863
23.963	164.556
23.973	164.403
23.983	164.438
23.993	164.402
24.003	164.426
24.013	164.381
24.023	164.413
24.033	164.540
24.043	165.046
24.053	165.449
24.063	165.562
24.073	165.791
24.083	166.416
24.093	166.597
24.103	167.172
24.113	167.917
24.123	169.212
24.133	169.233
24.143	168.813
24.153	167.489
24.163	168.564
24.173	167.258
24.183	172.397
24.193	0.000
24.203	0.000
24.213	0.000
24.223	0.000
24.233	0.000
24.243	0.000
24.253	0.000
24.263	0.000
24.273	0.000
24.283	128.558
24.293	128.832
24.303	128.487
24.313	129.480
24.323	130.928
24.333	131.195
24.343	130.993
24.353	130.060
24.363	129.148
24.373	129.198
24.383	129.338
24.393	129.609
24.403	130.606
24.413	131.303
24.423	131.441
24.433	131.416
24.443	131.489
24.453	131.515
24.463	131.353
24.473	130.936
24.483	130.697
24.493	130.720
24.503	130.901
24.513	130.982
24.523	130.909
24.533	130.769
24.543	130.554
24.553	130.468
24.563	130.347
24.573	129.906
24.583	129.983
24.593	130.483
24.603	130.601
24.613	130.459
24.623	130.240
24.633	130.266
24.643	130.365
24.653	130.461
24.663	130.644
24.673	130.614
24.683	130.466
24.693	130.453
24.703	130.464
24.713	130.577
24.723	130.595
24.733	130.406
24.743	130.421
24.753	130.775
24.763	131.059
24.773	131.020
24.783	131.139
24.793	131.253
24.803	131.371
24.813	131.541
24.823	131.612
24.833	131.317
24.843	131.218
24.853	131.316
24.863	131.949
24.873	132.760
24.883	133.456
24.893	134.518
24.903	135.271
24.913	135.277
24.923	135.661
24.933	137.544
24.943	138.081
24.953	0.000
24.963	0.000
24.973	0.000
24.983	0.000
24.993	0.000
25.003	0.000
25.013	0.000
25.023	0.000
25.033	217.121
25.043	221.023
25.053	224.892
25.063	224.555
25.073	233.931
25.083	236.993
25.093	235.473
25.103	236.092
25.113	242.259
25.123	240.134
25.133	241.013
25.143	244.350
25.153	244.870
25.163	242.520
25.173	245.386
25.183	247.493
25.193	249.039
25.203	253.717
25.213	254.333
25.223	258.839
25.233	262.484
25.243	260.188
25.253	259.266
25.263	261.486
25.273	261.408
25.283	261.000
25.293	262.338
25.303	261.584
25.313	261.750
25.323	262.240
25.333	261.283
25.343	261.968
25.353	262.744
25.363	263.301
25.373	263.888
25.383	265.224
25.393	265.464
25.403	260.047
25.413	0.000
25.423	0.000
25.433	0.000
25.443	296.900
25.453	294.305
25.463	294.550
25.473	293.831
25.483	293.348
25.493	294.206
25.503	294.627
25.513	295.160
25.523	295.613
25.533	295.567
25.543	296.071
25.553	296.091
25.563	296.049
25.573	296.174
25.583	296.116
25.593	295.954
25.603	297.494
25.613	299.320
25.623	310.021
25.633	308.603
25.643	314.134
25.653	0.000
25.663	337.343
25.673	331.440
25.683	329.499
25.693	326.572
25.703	326.908
25.713	326.869
25.723	326.305
25.733	326.684
25.743	327.452
25.753	327.821
25.763	328.023
25.773	328.427
25.783	328.304
25.793	328.292
25.803	328.288
25.813	328.143
25.823	328.353
25.833	328.187
25.843	327.905
25.853	327.796
25.863	327.869
25.873	327.778
25.883	328.057
25.893	328.165
25.903	328.133
25.913	328.078
25.923	328.200
25.933	328.072
25.943	328.082
25.953	327.839
25.963	327.684
25.973	327.818
25.983	328.079
25.993	328.162
26.003	328.372
26.013	328.207
26.023	327.921
26.033	327.938
26.043	327.966
26.053	327.646
26.063	327.646
26.073	327.585
26.083	327.773
26.093	327.881
26.103	327.994
26.113	327.846
26.123	327.830
26.133	327.967
26.143	327.819
26.153	327.645
26.163	327.501
26.173	327.314
26.183	327.177
26.193	327.039
26.203	327.087
26.213	327.337
26.223	327.329
26.233	327.412
26.243	327.455
26.253	327.483
26.263	327.599
26.273	327.919
26.283	328.050
26.293	328.027
26.303	327.675
26.313	326.500
26.323	324.015
26.333	322.626
26.343	0.000
26.353	0.000
26.363	0.000
26.373	0.000
26.383	209.297
26.393	198.360
26.403	194.333
26.413	192.240
26.423	192.599
26.433	192.481
26.443	193.084
26.453	193.652
26.463	194.092
26.473	194.531
26.483	195.614
26.493	195.724
26.503	195.634
26.513	195.751
26.523	196.724
26.533	199.613
26.543	201.473
26.553	205.769
26.563	0.000
26.573	0.000
26.583	0.000
26.593	0.000
26.603	0.000
26.613	351.665
26.623	352.564
26.633	351.781
26.643	352.799
26.653	353.252
26.663	353.572
26.673	354.659
26.683	354.331
26.693	354.101
26.703	353.487
26.713	353.257
26.723	353.297
26.733	353.049
26.743	352.611
26.753	351.989
26.763	351.513
26.773	349.968
26.783	347.074
26.793	342.687
26.803	336.426
26.813	331.862
26.823	329.949
26.833	329.366
26.843	329.266
26.853	329.108
26.863	329.876
26.873	329.662
26.883	329.240
26.893	329.112
26.903	328.944
26.913	329.023
26.923	328.908
26.933	329.099
26.943	329.012
26.953	328.792
26.963	327.926
26.973	328.678
26.983	328.916
26.993	329.298
27.003	335.517
27.013	333.223
27.023	314.509
27.033	293.069
27.043	291.056
27.053	292.228
27.063	292.950
27.073	293.048
27.083	293.585
27.093	293.955
27.103	294.149
27.113	293.628
27.123	293.459
27.133	293.616
27.143	293.767
27.153	294.076
27.163	293.956
27.173	293.903
27.183	294.064
27.193	293.977
27.203	293.634
27.213	293.346
27.223	293.263
27.233	293.278
27.243	293.229
27.253	293.266
27.263	293.190
27.273	293.110
27.283	293.157
27.293	293.325
27.303	293.484
27.313	293.498
27.323	293.520
27.333	293.681
27.343	293.844
27.353	294.167
27.363	294.005
27.373	293.897
27.383	293.536
27.393	293.120
27.403	292.757
27.413	292.642
27.423	292.570
27.433	292.441
27.443	292.367
27.453	292.472
27.463	292.711
27.473	292.956
27.483	293.012
27.493	292.900
27.503	292.982
27.513	293.074
27.523	293.257
27.533	293.624
27.543	293.935
27.553	294.034
27.563	294.027
27.573	293.845
27.583	293.470
27.593	293.357
27.603	293.683
27.613	294.256
27.623	294.446
27.633	294.759
27.643	295.100
27.653	295.207
27.663	295.152
27.673	295.375
27.683	293.899
27.693	288.489
27.703	0.000
27.713	0.000
27.723	0.000
27.733	0.000
27.743	0.000
27.753	190.089
27.763	177.382
27.773	175.009
27.783	173.881
27.793	172.322
27.803	172.864
27.813	173.935
27.823	175.066
27.833	175.197
27.843	175.161
27.853	175.317
27.863	175.359
27.873	174.757
27.883	174.663
27.893	175.923
27.903	179.218
27.913	181.315
27.923	184.528
27.933	0.000
27.943	0.000
27.953	0.000
27.963	0.000
27.973	0.000
27.983	315.703
27.993	314.456
28.003	328.141
28.013	324.383
28.023	323.514
28.033	322.883
28.043	323.928
28.053	326.575
28.063	327.067
28.073	327.503
28.083	328.052
28.093	328.376
28.103	328.859
28.113	328.745
28.123	328.016
28.133	327.570
28.143	326.722
28.153	326.593
28.163	330.118
28.173	329.245
28.183	319.191
28.193	298.687
28.203	297.842
28.213	295.795
28.223	295.693
28.233	295.208
28.243	295.095
28.253	295.444
28.263	295.663
28.273	295.415
28.283	295.260
28.293	295.446
28.303	295.746
28.313	295.892
28.323	295.609
28.333	295.939
28.343	297.319
28.353	310.740
28.363	319.151
28.373	326.421
28.383	320.594
28.393	0.000
28.403	260.231
28.413	263.697
28.423	263.827
28.433	259.994
28.443	261.763
28.453	262.806
28.463	261.357
28.473	261.776
28.483	262.522
28.493	261.318
28.503	261.873
28.513	261.122
28.523	261.290
28.533	261.805
28.543	261.542
28.553	261.373
28.563	261.740
28.573	261.379
28.583	261.487
28.593	261.981
28.603	261.874
28.613	261.694
28.623	261.659
28.633	261.398
28.643	260.975
28.653	260.581
28.663	260.183
28.673	260.153
28.683	260.177
28.693	260.244
28.703	260.281
28.713	260.123
28.723	260.067
28.733	260.161
28.743	259.987
28.753	259.740
28.763	259.986
28.773	260.265
28.783	260.377
28.793	260.594
28.803	260.484
28.813	260.319
28.823	260.226
28.833	260.355
28.843	260.397
28.853	260.251
28.863	259.891
28.873	259.809
28.883	259.705
28.893	259.595
28.903	259.474
28.913	259.589
28.923	259.647
28.933	259.437
28.943	259.389
28.953	259.491
28.963	259.540
28.973	259.693
28.983	260.011
28.993	260.081
29.003	260.097
29.013	260.020
29.023	259.566
29.033	259.283
29.043	260.099
29.053	260.333
29.063	256.986
29.073	0.000
29.083	0.000
29.093	0.000
29.103	0.000
29.113	172.398
29.123	166.035
29.133	164.488
29.143	164.498
29.153	164.928
29.163	164.387
29.173	165.255
29.183	165.531
29.193	165.350
29.203	165.649
29.213	165.649
29.223	165.488
29.233	166.303
29.243	167.163
29.253	168.173
29.263	173.177
29.273	178.917
29.283	189.189
29.293	0.000
29.303	0.000
29.313	0.000
29.323	271.881
29.333	285.282
29.343	283.856
29.353	286.514
29.363	287.050
29.373	286.778
29.383	292.048
29.393	292.424
29.403	293.510
29.413	295.544
29.423	295.626
29.433	295.866
29.443	294.725
29.453	293.375
29.463	292.468
29.473	294.444
29.483	297.557
29.493	281.387
29.503	265.225
29.513	263.957
29.523	262.582
29.533	259.737
29.543	260.250
29.553	261.847
29.563	260.814
29.573	260.981
29.583	261.619
29.593	260.925
29.603	261.114
29.613	261.145
29.623	260.777
29.633	261.184
29.643	261.239
29.653	261.224
29.663	261.438
29.673	261.498
29.683	262.218
29.693	261.625
29.703	256.178
29.713	262.702
29.723	262.071
29.733	0.000
29.743	0.000
29.753	0.000
29.763	257.145
29.773	250.889
29.783	243.435
29.793	245.674
29.803	248.919
29.813	245.188
29.823	245.942
29.833	248.202
29.843	246.929
29.853	248.129
29.863	248.527
29.873	247.286
29.883	247.925
29.893	248.069
29.903	247.135
29.913	246.841
29.923	247.452
29.933	247.245
29.943	247.419
29.953	247.725
29.963	247.049
29.973	247.223
29.983	247.457
29.993	247.111
30.003	246.905
30.013	247.343
30.023	247.341
30.033	247.273
30.043	247.459
30.053	247.743
30.063	248.043
30.073	248.495
30.083	248.689
30.093	248.823
30.103	248.977
30.113	248.895
30.123	248.699
30.133	246.707
30.143	244.069
30.153	242.532
30.163	244.465
30.173	245.601
30.183	246.499
30.193	0.000
30.203	0.000
30.213	0.000
30.223	0.000
30.233	0.000
30.243	0.000
30.253	0.000
30.263	0.000
30.273	0.000
30.283	0.000
30.293	0.000
30.303	0.000
30.313	0.000
30.323	0.000
30.333	0.000
30.343	0.000
30.353	0.000
30.363	0.000
30.373	0.000
30.383	0.000
30.393	0.000
30.403	0.000
30.413	0.000
30.423	0.000
30.433	0.000
30.443	0.000
30.453	0.000
30.463	168.376
30.473	165.758
30.483	161.010
30.493	162.008
30.503	162.309
30.513	161.765
30.523	161.855
30.533	162.905
30.543	163.100
30.553	163.464
30.563	164.062
30.573	163.845
30.583	164.157
30.593	165.916
30.603	170.979
30.613	176.960
30.623	0.000
30.633	0.000
30.643	0.000
30.653	0.000
30.663	0.000
30.673	0.000
30.683	325.994
30.693	329.100
30.703	327.896
30.713	326.530
30.723	327.782
30.733	328.879
30.743	327.863
30.753	328.147
30.763	327.522
30.773	328.024
30.783	327.504
30.793	328.350
30.803	327.960
30.813	329.488
30.823	328.192
30.833	329.374
30.843	329.375
30.853	329.683
30.863	329.383
30.873	329.725
30.883	329.502
30.893	329.591
30.903	329.354
30.913	329.664
30.923	329.339
30.933	329.625
30.943	329.665
30.953	329.668
30.963	329.673
30.973	329.851
30.983	329.822
30.993	329.617
31.003	329.313
31.013	329.187
31.023	328.760
31.033	328.264
31.043	328.149
31.053	327.964
31.063	327.720
31.073	327.149
31.083	326.217
31.093	326.480
31.103	325.868
31.113	327.621
31.123	328.173
31.133	327.500
31.143	328.446
31.153	0.000
31.163	0.000
31.173	0.000
31.183	0.000
31.193	0.000
31.203	0.000
31.213	0.000
31.223	0.000
31.233	0.000
31.243	0.000
31.253	0.000
31.263	0.000
31.273	0.000
31.283	0.000
31.293	0.000
31.303	0.000
31.313	0.000
31.323	0.000
31.333	0.000
31.343	0.000
31.353	0.000
31.363	0.000
31.373	0.000
31.383	0.000
31.393	0.000
31.403	0.000
31.413	0.000
31.423	0.000
31.433	0.000
31.443	0.000
31.453	0.000
31.463	0.000
31.473	0.000
31.483	0.000
31.493	0.000
31.503	0.000
31.513	0.000
31.523	0.000
31.533	0.000
31.543	0.000
31.553	0.000
31.563	0.000
31.573	0.000
31.583	0.000
31.593	0.000
31.603	0.000
31.613	0.000
31.623	0.000
31.633	0.000
31.643	0.000
31.653	0.000
31.663	0.000
31.673	0.000
31.683	0.000
31.693	0.000
31.703	0.000
31.713	0.000
31.723	0.000
31.733	0.000
31.743	0.000
31.753	0.000
31.763	0.000
31.773	0.000
31.783	0.000
31.793	0.000
31.803	0.000
31.813	0.000
31.823	0.000
31.833	0.000
31.843	0.000
31.853	0.000
31.863	0.000
31.873	0.000
31.883	0.000
31.893	0.000
31.903	0.000
31.913	0.000
31.923	0.000
31.933	0.000
31.943	0.000
31.953	0.000
31.963	0.000
31.973	0.000
31.983	0.000
31.993	0.000
32.003	0.000
32.013	0.000
32.023	0.000
32.033	0.000
32.043	0.000
32.053	0.000
32.063	0.000
32.073	0.000
32.083	0.000
32.093	0.000
32.103	0.000
32.113	0.000
32.123	0.000
32.133	0.000
32.143	0.000
32.153	0.000
32.163	0.000
32.173	0.000
32.183	0.000
32.193	0.000
32.203	0.000
32.213	0.000
32.223	0.000
32.233	0.000
32.243	0.000
32.253	0.000
32.263	0.000
32.273	0.000
32.283	0.000
32.293	0.000
32.303	0.000
32.313	0.000
32.323	0.000
32.333	0.000
32.343	0.000
32.353	0.000
32.363	0.000
32.373	0.000
32.383	0.000
32.393	0.000
32.403	0.000
32.413	0.000
32.423	0.000
32.433	0.000
32.443	0.000
32.453	0.000
32.463	0.000
32.473	0.000
32.483	0.000
32.493	0.000
32.503	0.000
32.513	0.000
32.523	0.000
32.533	0.000
32.543	0.000
32.553	0.000
32.563	0.000
32.573	0.000
32.583	0.000
32.593	0.000
32.603	0.000
32.613	0.000
32.623	0.000
32.633	0.000
32.643	0.000
32.653	0.000
32.663	0.000
32.673	0.000
32.683	0.000
32.693	0.000
32.703	0.000
32.713	0.000
32.723	0.000
32.733	0.000
32.743	0.000
32.753	0.000
32.763	0.000
32.773	0.000
32.783	0.000
32.793	0.000
32.803	0.000
32.813	0.000
32.823	0.000
32.833	0.000
32.843	0.000
32.853	0.000
32.863	0.000
32.873	0.000
32.883	0.000
32.893	0.000
32.903	0.000
32.913	0.000
32.923	0.000
32.933	0.000
32.943	0.000
32.953	0.000
32.963	0.000
32.973	0.000
32.983	0.000
32.993	0.000
33.003	0.000
33.013	0.000
33.023	0.000
33.033	0.000
33.043	0.000
33.053	0.000
33.063	0.000
33.073	0.000
33.083	0.000
33.093	0.000
33.103	0.000
33.113	0.000
33.123	0.000
33.133	0.000
33.143	0.000
33.153	0.000
33.163	0.000
33.173	0.000
33.183	0.000
33.193	0.000
33.203	0.000
33.213	0.000
33.223	0.000
33.233	0.000
33.243	0.000
33.253	0.000
33.263	0.000
33.273	0.000
33.283	0.000
33.293	0.000
33.303	0.000
33.313	0.000
33.323	0.000
33.333	0.000
33.343	0.000
33.353	0.000
33.363	0.000
33.373	0.000
33.383	0.000
33.393	0.000
33.403	0.000
33.413	0.000
33.423	0.000
33.433	0.000
33.443	0.000
33.453	0.000
33.463	0.000
33.473	0.000
33.483	0.000
33.493	0.000
33.503	0.000
33.513	0.000
33.523	0.000
33.533	0.000
33.543	0.000
33.553	0.000
33.563	0.000
33.573	0.000
33.583	0.000
33.593	0.000
33.603	0.000
33.613	0.000
33.623	0.000
33.633	0.000
33.643	0.000
33.653	0.000
33.663	0.000
33.673	0.000
33.683	0.000
33.693	0.000
33.703	0.000
33.713	0.000
33.723	0.000
33.733	0.000
33.743	0.000
33.753	0.000
33.763	0.000
33.773	0.000
33.783	0.000
33.793	0.000
33.803	0.000
33.813	0.000
33.823	0.000
33.833	0.000
33.843	0.000
33.853	0.000
33.863	0.000
33.873	0.000
33.883	0.000
33.893	0.000
33.903	0.000
33.913	0.000
33.923	0.000
33.933	0.000
33.943	0.000
33.953	0.000
33.963	0.000
33.973	0.000
33.983	0.000
33.993	0.000
34.003	0.000
34.013	0.000
34.023	0.000
34.033	0.000
34.043	0.000
34.053	0.000
34.063	0.000
34.073	0.000
34.083	0.000
34.093	0.000
34.103	0.000
34.113	0.000
34.123	0.000
34.133	0.000
34.143	0.000
34.153	0.000
34.163	0.000
34.173	0.000
34.183	0.000
34.193	0.000
34.203	0.000
34.213	0.000
34.223	0.000
34.233	0.000
34.243	0.000
34.253	0.000
34.263	0.000
34.273	0.000
34.283	0.000
34.293	0.000
34.303	0.000
34.313	0.000
34.323	0.000
34.333	0.000
34.343	0.000
34.353	0.000
34.363	0.000
34.373	0.000
34.383	0.000
34.393	0.000
34.403	0.000
34.413	0.000
34.423	0.000
34.433	0.000
34.443	0.000
34.453	0.000
34.463	0.000
34.473	0.000
34.483	0.000
34.493	0.000
34.503	0.000
34.513	0.000
34.523	0.000
34.533	0.000
34.543	0.000
34.553	0.000
34.563	0.000
34.573	0.000
34.583	0.000
34.593	0.000
34.603	0.000
34.613	0.000
34.623	0.000
34.633	0.000
34.643	0.000
34.653	0.000
34.663	0.000
34.673	0.000
34.683	0.000
34.693	0.000
34.703	0.000
34.713	0.000
34.723	0.000
34.733	0.000
34.743	0.000
34.753	0.000
34.763	0.000
34.773	0.000
34.783	0.000
34.793	0.000
34.803	0.000
34.813	0.000
34.823	0.000
34.833	0.000
34.843	0.000
34.853	0.000
34.863	0.000
34.873	0.000
34.883	0.000
34.893	0.000
34.903	0.000
34.913	0.000
34.923	0.000
34.933	0.000
34.943	0.000
34.953	0.000
34.963	0.000
34.973	0.000
34.983	0.000
34.993	0.000
35.003	0.000
35.013	0.000
35.023	0.000
35.033	0.000
35.043	0.000
35.053	0.000
35.063	0.000
35.073	0.000
35.083	0.000
35.093	0.000
35.103	0.000
35.113	0.000
35.123	0.000
35.133	0.000
35.143	0.000
35.153	0.000
35.163	0.000
35.173	0.000
35.183	0.000
35.193	0.000
35.203	0.000
35.213	0.000
35.223	0.000
35.233	0.000
35.243	0.000
35.253	0.000
35.263	0.000
35.273	0.000
35.283	0.000
35.293	0.000
35.303	0.000
35.313	182.243
35.323	180.503
35.333	173.003
35.343	171.927
35.353	170.170
35.363	167.840
35.373	168.121
35.383	167.975
35.393	168.342
35.403	168.360
35.413	168.793
35.423	168.986
35.433	168.781
35.443	168.757
35.453	168.558
35.463	168.887
35.473	168.525
35.483	168.089
35.493	167.983
35.503	167.261
35.513	166.817
35.523	166.620
35.533	166.098
35.543	166.235
35.553	166.738
35.563	166.725
35.573	166.936
35.583	167.254
35.593	167.370
35.603	167.103
35.613	166.947
35.623	167.117
35.633	167.207
35.643	166.806
35.653	166.692
35.663	166.539
35.673	166.703
35.683	166.666
35.693	166.473
35.703	166.402
35.713	166.548
35.723	166.440
35.733	166.680
35.743	166.883
35.753	166.860
35.763	166.773
35.773	166.775
35.783	166.849
35.793	166.906
35.803	167.104
35.813	167.080
35.823	166.661
35.833	166.689
35.843	166.686
35.853	166.489
35.863	166.608
35.873	166.934
35.883	167.071
35.893	166.979
35.903	166.595
35.913	166.683
35.923	166.706
35.933	166.615
35.943	166.724
35.953	166.669
35.963	166.564
35.973	166.297
35.983	166.050
35.993	165.962
36.003	166.007
36.013	166.060
36.023	166.257
36.033	166.492
36.043	166.584
36.053	166.648
36.063	166.678
36.073	166.726
36.083	166.681
36.093	166.542
36.103	166.487
36.113	166.471
36.123	166.507
36.133	166.372
36.143	166.228
36.153	166.154
36.163	166.235
36.173	166.329
36.183	166.397
36.193	166.400
36.203	166.475
36.213	166.424
36.223	165.971
36.233	166.145
36.243	166.386
36.253	166.543
36.263	166.404
36.273	166.309
36.283	166.302
36.293	166.228
36.303	166.150
36.313	166.062
36.323	166.057
36.333	166.104
36.343	165.977
36.353	165.887
36.363	165.786
36.373	165.931
36.383	166.083
36.393	166.153
36.403	165.903
36.413	165.920
36.423	165.898
36.433	165.711
36.443	165.813
36.453	166.220
36.463	166.324
36.473	166.444
36.483	166.753
36.493	166.866
36.503	167.076
36.513	167.402
36.523	168.076
36.533	168.167
36.543	168.532
36.553	168.537
36.563	168.120
36.573	168.070
36.583	169.264
36.593	0.000
36.603	0.000
36.613	0.000
36.623	0.000
36.633	171.919
36.643	170.527
36.653	169.528
36.663	167.268
36.673	165.965
36.683	165.662
36.693	164.796
36.703	165.338
36.713	165.533
36.723	165.757
36.733	166.376
36.743	166.644
36.753	166.575
36.763	166.542
36.773	166.609
36.783	166.713
36.793	167.045
36.803	167.102
36.813	166.913
36.823	166.962
36.833	167.007
36.843	167.082
36.853	166.905
36.863	166.720
36.873	166.513
36.883	166.379
36.893	166.310
36.903	165.977
36.913	166.037
36.923	165.889
36.933	165.870
36.943	165.954
36.953	166.215
36.963	166.349
36.973	166.192
36.983	166.379
36.993	166.586
37.003	166.649
37.013	166.632
37.023	166.656
37.033	166.658
37.043	166.610
37.053	166.227
37.063	166.058
37.073	166.145
37.083	165.970
37.093	166.007
37.103	166.314
37.113	166.213
37.123	166.330
37.133	166.587
37.143	166.643
37.153	166.459
37.163	166.385
37.173	166.555
37.183	166.595
37.193	166.542
37.203	166.579
37.213	166.490
37.223	166.511
37.233	166.643
37.243	166.530
37.253	166.640
37.263	166.692
37.273	166.339
37.283	166.227
37.293	166.307
37.303	166.480
37.313	166.609
37.323	166.642
37.333	166.896
37.343	166.843
37.353	166.624
37.363	166.478
37.373	166.380
37.383	166.162
37.393	166.164
37.403	166.182
37.413	166.362
37.423	166.129
37.433	166.075
37.443	166.196
37.453	166.135
37.463	166.000
37.473	166.067
37.483	166.244
37.493	166.276
37.503	166.289
37.513	166.172
37.523	166.117
37.533	166.032
37.543	166.033
37.553	166.114
37.563	166.174
37.573	165.968
37.583	165.934
37.593	165.962
37.603	165.859
37.613	165.777
37.623	165.592
37.633	165.749
37.643	165.853
37.653	165.872
37.663	165.778
37.673	165.785
37.683	165.836
37.693	165.947
37.703	165.829
37.713	165.667
37.723	165.629
37.733	165.313
37.743	165.173
37.753	165.155
37.763	165.064
37.773	165.052
37.783	165.030
37.793	164.889
37.803	164.978
37.813	165.284
37.823	165.454
37.833	165.568
37.843	165.635
37.853	165.590
37.863	165.597
37.873	165.700
37.883	165.918
37.893	166.162
37.903	166.237
37.913	166.671
37.923	166.976
37.933	167.442
37.943	167.744
37.953	167.596
37.963	167.837
37.973	168.312
37.983	168.075
37.993	169.169
38.003	166.792
38.013	0.000
38.023	0.000
38.033	172.878
38.043	172.502
38.053	171.300
38.063	166.836
38.073	164.057
38.083	164.332
38.093	164.097
38.103	164.502
38.113	164.830
38.123	164.990
38.133	165.165
38.143	165.526
38.153	165.628
38.163	165.956
38.173	165.860
38.183	165.964
38.193	166.119
38.203	165.928
38.213	165.699
38.223	165.748
38.233	165.763
38.243	165.609
38.253	165.489
38.263	165.647
38.273	165.688
38.283	165.427
38.293	165.188
38.303	165.119
38.313	165.547
38.323	165.427
38.333	165.278
38.343	165.454
38.353	165.631
38.363	165.969
38.373	166.141
38.383	166.304
38.393	166.099
38.403	165.852
38.413	165.781
38.423	165.559
38.433	165.477
38.443	165.477
38.453	165.423
38.463	165.604
38.473	165.749
38.483	165.640
38.493	166.079
38.503	166.162
38.513	165.997
38.523	166.008
38.533	166.164
38.543	166.100
38.553	166.094
38.563	165.986
38.573	165.997
38.583	166.035
38.593	166.076
38.603	165.912
38.613	165.909
38.623	165.907
38.633	165.823
38.643	166.041
38.653	166.199
38.663	166.151
38.673	166.032
38.683	166.098
38.693	166.033
38.703	166.023
38.713	166.054
38.723	165.926
38.733	165.950
38.743	166.006
38.753	166.036
38.763	166.118
38.773	165.914
38.783	165.818
38.793	165.804
38.803	165.588
38.813	165.574
38.823	165.734
38.833	165.741
38.843	165.685
38.853	165.893
38.863	166.164
38.873	166.185
38.883	166.080
38.893	166.238
38.903	166.256
38.913	166.171
38.923	166.111
38.933	166.016
38.943	166.112
38.953	166.285
38.963	166.593
38.973	166.350
38.983	166.243
38.993	166.215
39.003	166.179
39.013	166.256
39.023	166.351
39.033	166.338
39.043	166.188
39.053	166.286
39.063	166.286
39.073	166.306
39.083	166.118
39.093	166.142
39.103	165.994
39.113	166.153
39.123	166.101
39.133	166.039
39.143	166.004
39.153	166.197
39.163	166.186
39.173	166.145
39.183	166.297
39.193	166.436
39.203	166.363
39.213	166.419
39.223	166.765
39.233	166.749
39.243	166.875
39.253	166.927
39.263	166.837
39.273	166.922
39.283	166.809
39.293	166.993
39.303	166.608
39.313	166.382
39.323	166.657
39.333	166.677
39.343	166.449
39.353	166.569
39.363	167.249
39.373	166.975
39.383	166.747
39.393	166.654
39.403	167.221
39.413	166.977
39.423	167.006
39.433	167.453
39.443	168.204
39.453	167.623
39.463	0.000
39.473	0.000
39.483	0.000
39.493	0.000
39.503	0.000
39.513	0.000
39.523	0.000
39.533	0.000
39.543	0.000
39.553	0.000
39.563	0.000
39.573	0.000
39.583	0.000
39.593	0.000
39.603	0.000
39.613	0.000
39.623	0.000
39.633	0.000
39.643	0.000
39.653	0.000
39.663	0.000
39.673	0.000
39.683	0.000
39.693	0.000
39.703	0.000
39.713	0.000
39.723	0.000
39.733	0.000
39.743	0.000
39.753	0.000
39.763	0.000
39.773	0.000
39.783	0.000
39.793	0.000
39.803	0.000
39.813	0.000
39.823	0.000
39.833	0.000
39.843	0.000
39.853	0.000
39.863	0.000
39.873	0.000
39.883	0.000
39.893	0.000
39.903	0.000
39.913	0.000
39.923	0.000
39.933	0.000
39.943	0.000
39.953	0.000
39.963	0.000
39.973	0.000
39.983	0.000
39.993	0.000
40.003	0.000
40.013	0.000
40.023	0.000
40.033	0.000
40.043	0.000
40.053	0.000
40.063	0.000
40.073	0.000
40.083	0.000
40.093	0.000
40.103	0.000
40.113	0.000
40.123	0.000
40.133	0.000
40.143	0.000
40.153	0.000
40.163	0.000
40.173	0.000
40.183	0.000
40.193	0.000
40.203	0.000
40.213	0.000
40.223	0.000
40.233	0.000
40.243	0.000
40.253	0.000
40.263	0.000
40.273	0.000
40.283	0.000
40.293	0.000
40.303	0.000
40.313	0.000
40.323	0.000
40.333	0.000
40.343	0.000
40.353	0.000
40.363	0.000
40.373	0.000
40.383	0.000
40.393	0.000
40.403	0.000
40.413	0.000
40.423	0.000
40.433	0.000
40.443	0.000
40.453	0.000
40.463	0.000
40.473	0.000
40.483	0.000
40.493	0.000
40.503	0.000
40.513	0.000
40.523	0.000
40.533	0.000
40.543	0.000
40.553	0.000
40.563	0.000
40.573	0.000
40.583	0.000
40.593	0.000
40.603	0.000
40.613	0.000
40.623	0.000
40.633	0.000
40.643	0.000
40.653	0.000
40.663	0.000
40.673	0.000
40.683	0.000
40.693	0.000
40.703	0.000
40.713	0.000
40.723	0.000
40.733	0.000
40.743	0.000
40.753	0.000
40.763	0.000
40.773	167.537
40.783	167.237
40.793	165.937
40.803	164.524
40.813	164.139
40.823	164.265
40.833	164.274
40.843	165.182
40.853	165.247
40.863	165.469
40.873	165.960
40.883	165.886
40.893	166.194
40.903	166.547
40.913	166.433
40.923	166.438
40.933	166.477
40.943	166.648
40.953	166.563
40.963	166.544
40.973	166.618
40.983	166.369
40.993	165.839
41.003	165.629
41.013	165.126
41.023	164.517
41.033	164.498
41.043	164.515
41.053	164.614
41.063	165.075
41.073	165.205
41.083	165.341
41.093	165.535
41.103	165.779
41.113	165.845
41.123	165.812
41.133	165.865
41.143	165.864
41.153	165.752
41.163	165.541
41.173	165.369
41.183	165.233
41.193	165.137
41.203	165.107
41.213	165.244
41.223	165.394
41.233	165.369
41.243	165.171
41.253	165.114
41.263	165.005
41.273	164.948
41.283	164.995
41.293	165.000
41.303	165.113
41.313	165.196
41.323	165.253
41.333	165.355
41.343	165.343
41.353	165.224
41.363	165.078
41.373	164.817
41.383	164.828
41.393	165.018
41.403	165.119
41.413	165.060
41.423	165.145
41.433	165.179
41.443	165.140
41.453	165.131
41.463	164.931
41.473	164.765
41.483	164.796
41.493	164.832
41.503	164.915
41.513	165.061
41.523	165.051
41.533	164.862
41.543	164.829
41.553	164.886
41.563	164.969
41.573	165.072
41.583	165.047
41.593	165.087
41.603	165.150
41.613	165.112
41.623	165.074
41.633	165.021
41.643	165.019
41.653	164.993
41.663	165.006
41.673	165.220
41.683	165.237
41.693	165.251
41.703	165.127
41.713	164.857
41.723	164.798
41.733	164.856
41.743	164.912
41.753	164.969
41.763	164.978
41.773	164.815
41.783	164.801
41.793	164.824
41.803	165.080
41.813	165.193
41.823	165.133
41.833	165.152
41.843	164.999
41.853	164.903
41.863	164.789
41.873	164.765
41.883	164.788
41.893	164.813
41.903	164.810
41.913	164.968
41.923	165.157
41.933	165.339
41.943	165.341
41.953	165.355
41.963	165.262
41.973	165.324
41.983	165.284
41.993	165.222
42.003	165.303
42.013	165.570
42.023	165.910
42.033	165.964
42.043	165.932
42.053	166.025
42.063	166.301
42.073	166.386
42.083	166.879
42.093	165.224
42.103	167.612
42.113	167.162
42.123	168.229
42.133	169.308
42.143	169.174
42.153	166.111
42.163	165.694
42.173	166.345
42.183	165.876
42.193	165.513
42.203	165.478
42.213	165.535
42.223	165.540
42.233	165.614
42.243	165.631
42.253	165.643
42.263	165.710
42.273	165.699
42.283	165.856
42.293	166.136
42.303	166.203
42.313	166.395
42.323	166.256
42.333	165.954
42.343	165.909
42.353	166.048
42.363	165.848
42.373	165.804
42.383	165.648
42.393	165.484
42.403	165.759
42.413	165.954
42.423	166.217
42.433	166.563
42.443	166.714
42.453	166.679
42.463	166.407
42.473	166.192
42.483	166.129
42.493	165.982
42.503	166.078
42.513	166.150
42.523	166.062
42.533	166.209
42.543	166.308
42.553	166.157
42.563	165.912
42.573	165.821
42.583	165.761
42.593	165.792
42.603	165.727
42.613	165.608
42.623	165.601
42.633	165.655
42.643	165.663
42.653	165.691
42.663	165.707
42.673	165.508
42.683	165.650
42.693	165.900
42.703	166.018
42.713	166.210
42.723	166.083
42.733	165.913
42.743	165.892
42.753	166.023
42.763	166.011
42.773	165.882
42.783	165.680
42.793	165.405
42.803	165.238
42.813	165.222
42.823	165.187
42.833	165.235
42.843	165.339
42.853	165.459
42.863	165.608
42.873	165.832
42.883	165.913
42.893	166.020
42.903	165.747
42.913	165.651
42.923	165.814
42.933	165.722
42.943	165.435
42.953	165.368
42.963	165.397
42.973	165.439
42.983	165.389
42.993	165.236
43.003	165.165
43.013	165.133
43.023	165.129
43.033	165.222
43.043	165.363
43.053	165.425
43.063	165.426
43.073	165.459
43.083	165.367
43.093	165.216
43.103	164.979
43.113	164.921
43.123	165.167
43.133	165.307
43.143	165.628
43.153	165.820
43.163	165.704
43.173	165.569
43.183	165.451
43.193	165.424
43.203	165.428
43.213	165.413
43.223	165.481
43.233	165.429
43.243	165.423
43.253	165.507
43.263	165.261
43.273	165.102
43.283	165.025
43.293	164.927
43.303	164.984
43.313	165.084
43.323	165.267
43.333	165.415
43.343	165.291
43.353	165.197
43.363	165.122
43.373	164.815
43.383	164.857
43.393	165.056
43.403	165.037
43.413	165.049
43.423	165.190
43.433	165.283
43.443	165.175
43.453	165.156
43.463	165.067
43.473	165.145
43.483	165.480
43.493	165.634
43.503	165.706
43.513	165.606
43.523	165.548
43.533	165.572
43.543	165.506
43.553	165.215
43.563	165.285
43.573	165.164
43.583	165.156
43.593	165.246
43.603	165.305
43.613	165.262
43.623	165.107
43.633	165.129
43.643	165.271
43.653	165.450
43.663	165.463
43.673	165.537
43.683	165.534
43.693	165.495
43.703	165.522
43.713	165.637
43.723	165.675
43.733	165.862
43.743	166.028
43.753	166.669
43.763	167.273
43.773	167.204
43.783	167.568
43.793	167.743
43.803	168.466
43.813	167.947
43.823	169.150
43.833	0.000
43.843	0.000
43.853	0.000
43.863	0.000
43.873	0.000
43.883	0.000
43.893	0.000
43.903	169.505
43.913	168.811
43.923	167.437
43.933	165.473
43.943	165.467
43.953	165.378
43.963	165.378
43.973	165.517
43.983	166.298
43.993	166.494
44.003	166.581
44.013	166.742
44.023	166.602
44.033	166.578
44.043	166.366
44.053	166.006
44.063	165.820
44.073	165.988
44.083	166.246
44.093	166.309
44.103	166.263
44.113	166.113
44.123	166.023
44.133	165.729
44.143	165.519
44.153	165.536
44.163	165.652
44.173	165.719
44.183	165.709
44.193	165.591
44.203	165.471
44.213	165.539
44.223	165.620
44.233	165.801
44.243	165.816
44.253	165.909
44.263	166.039
44.273	165.910
44.283	165.888
44.293	165.812
44.303	165.755
44.313	165.713
44.323	165.500
44.333	165.182
44.343	165.351
44.353	165.488
44.363	165.922
44.373	166.079
44.383	166.115
44.393	166.082
44.403	166.272
44.413	166.537
44.423	166.387
44.433	166.318
44.443	166.044
44.453	165.780
44.463	165.791
44.473	165.832
44.483	165.840
44.493	165.906
44.503	166.023
44.513	165.956
44.523	165.587
44.533	165.393
44.543	165.426
44.553	165.602
44.563	165.821
44.573	165.874
44.583	165.852
44.593	165.947
44.603	165.870
44.613	165.807
44.623	165.858
44.633	165.855
44.643	165.844
44.653	165.829
44.663	165.811
44.673	165.854
44.683	165.905
44.693	166.066
44.703	166.157
44.713	166.272
44.723	166.262
44.733	166.145
44.743	166.024
44.753	165.951
44.763	165.834
44.773	166.022
44.783	165.956
44.793	165.905
44.803	165.804
44.813	165.684
44.823	165.602
44.833	165.625
44.843	165.615
44.853	165.474
44.863	165.447
44.873	165.591
44.883	165.699
44.893	165.606
44.903	165.613
44.913	165.689
44.923	165.654
44.933	165.569
44.943	165.486
44.953	165.623
44.963	165.632
44.973	165.549
44.983	165.676
44.993	165.825
45.003	165.894
45.013	165.911
45.023	165.750
45.033	165.695
45.043	165.724
45.053	165.785
45.063	165.873
45.073	165.694
45.083	165.610
45.093	165.522
45.103	165.582
45.113	165.471
45.123	165.333
45.133	165.425
45.143	165.422
45.153	165.416
45.163	165.410
45.173	165.430
45.183	165.504
45.193	165.814
45.203	166.009
45.213	165.834
45.223	165.815
45.233	165.974
45.243	165.977
45.253	165.995
45.263	166.035
45.273	166.090
45.283	165.902
45.293	165.731
45.303	165.332
45.313	165.424
45.323	165.579
45.333	165.607
45.343	165.583
45.353	165.604
45.363	165.564
45.373	165.585
45.383	165.696
45.393	165.702
45.403	165.783
45.413	165.891
45.423	165.821
45.433	165.736
45.443	165.693
45.453	165.636
45.463	165.791
45.473	165.815
45.483	165.736
45.493	165.792
45.503	166.031
45.513	166.084
45.523	166.210
45.533	166.275
45.543	166.368
45.553	166.267
45.563	166.420
45.573	166.304
45.583	166.278
45.593	166.327
45.603	166.191
45.613	165.991
45.623	166.084
45.633	166.094
45.643	166.105
45.653	166.249
45.663	166.165
45.673	166.258
45.683	166.218
45.693	166.214
45.703	166.403
45.713	166.229
45.723	166.257
45.733	166.405
45.743	166.235
45.753	166.076
45.763	166.202
45.773	166.228
45.783	166.279
45.793	166.269
45.803	166.188
45.813	166.309
45.823	166.415
45.833	166.454
45.843	166.461
45.853	166.113
45.863	165.763
45.873	165.754
45.883	165.754
45.893	165.814
45.903	165.946
45.913	165.956
45.923	165.958
45.933	166.063
45.943	166.093
45.953	166.225
45.963	166.231
45.973	166.091
45.983	166.060
45.993	165.870
46.003	165.799
46.013	165.721
46.023	165.595
46.033	165.915
46.043	166.060
46.053	165.875
46.063	166.125
46.073	166.267
46.083	166.415
46.093	166.339
46.103	166.272
46.113	166.282
46.123	166.375
46.133	166.364
46.143	166.571
46.153	166.672
46.163	166.648
46.173	167.171
46.183	166.990
46.193	167.168
46.203	167.672
46.213	168.133
46.223	167.604
46.233	166.598
46.243	166.258
46.253	166.958
46.263	165.965
46.273	166.655
46.283	0.000
46.293	0.000
46.303	0.000
46.313	0.000
46.323	0.000
46.333	0.000
46.343	0.000
46.353	0.000
46.363	0.000
46.373	0.000
46.383	0.000
46.393	0.000
46.403	0.000
46.413	0.000
46.423	0.000
46.433	0.000
46.443	0.000
46.453	0.000
46.463	0.000
46.473	0.000
46.483	0.000
46.493	0.000
46.503	0.000
46.513	0.000
46.523	0.000
46.533	0.000
46.543	0.000
46.553	0.000
46.563	0.000
46.573	0.000
46.583	0.000
46.593	0.000
46.603	0.000
46.613	0.000
46.623	0.000
46.633	0.000
46.643	0.000
46.653	0.000
46.663	0.000
46.673	0.000
46.683	0.000
46.693	0.000
46.703	0.000
46.713	0.000
46.723	0.000
46.733	0.000
46.743	0.000
46.753	0.000
46.763	0.000
46.773	0.000
46.783	0.000
46.793	0.000
46.803	0.000
46.813	0.000
46.823	0.000
46.833	0.000
46.843	0.000
46.853	0.000
46.863	0.000
46.873	0.000
46.883	0.000
46.893	0.000
46.903	0.000
46.913	0.000
46.923	0.000
46.933	0.000
46.943	0.000
46.953	0.000
46.963	0.000
46.973	0.000
46.983	0.000
46.993	0.000
47.003	0.000
47.013	0.000
47.023	0.000
47.033	0.000
47.043	0.000
47.053	0.000
47.063	0.000
47.073	0.000
47.083	0.000
47.093	0.000
47.103	0.000
47.113	0.000
47.123	0.000
47.133	0.000
47.143	0.000
47.153	0.000
47.163	0.000
47.173	0.000
47.183	0.000
47.193	0.000
47.203	0.000
47.213	0.000
47.223	0.000
47.233	0.000
47.243	0.000
47.253	0.000
47.263	0.000
47.273	0.000
47.283	0.000
47.293	0.000
47.303	0.000
47.313	0.000
47.323	0.000
47.333	0.000
47.343	0.000
47.353	0.000
47.363	0.000
47.373	0.000
47.383	0.000
47.393	0.000
47.403	0.000
47.413	0.000
47.423	0.000
47.433	0.000
47.443	0.000
47.453	0.000
47.463	0.000
47.473	0.000
47.483	0.000
47.493	0.000
47.503	0.000
47.513	0.000
47.523	0.000
47.533	0.000
47.543	0.000
47.553	0.000
47.563	0.000
47.573	0.000
47.583	0.000
47.593	0.000
47.603	0.000
47.613	0.000
47.623	0.000
47.633	0.000
47.643	0.000
47.653	0.000
47.663	0.000
47.673	0.000
47.683	0.000
47.693	0.000
47.703	0.000
