0.023	0.000
0.033	0.000
0.043	0.000
0.053	0.000
0.063	0.000
0.073	0.000
0.083	0.000
0.093	0.000
0.103	0.000
0.113	0.000
0.123	0.000
0.133	0.000
0.143	0.000
0.153	0.000
0.163	0.000
0.173	0.000
0.183	0.000
0.193	0.000
0.203	0.000
0.213	0.000
0.223	0.000
0.233	0.000
0.243	0.000
0.253	0.000
0.263	0.000
0.273	0.000
0.283	0.000
0.293	0.000
0.303	0.000
0.313	0.000
0.323	0.000
0.333	0.000
0.343	0.000
0.353	0.000
0.363	0.000
0.373	0.000
0.383	0.000
0.393	0.000
0.403	0.000
0.413	0.000
0.423	0.000
0.433	0.000
0.443	0.000
0.453	0.000
0.463	0.000
0.473	0.000
0.483	0.000
0.493	0.000
0.503	0.000
0.513	0.000
0.523	0.000
0.533	0.000
0.543	0.000
0.553	0.000
0.563	0.000
0.573	0.000
0.583	0.000
0.593	0.000
0.603	0.000
0.613	0.000
0.623	0.000
0.633	0.000
0.643	0.000
0.653	0.000
0.663	0.000
0.673	0.000
0.683	0.000
0.693	0.000
0.703	0.000
0.713	0.000
0.723	0.000
0.733	0.000
0.743	0.000
0.753	0.000
0.763	0.000
0.773	0.000
0.783	0.000
0.793	0.000
0.803	0.000
0.813	0.000
0.823	0.000
0.833	0.000
0.843	0.000
0.853	0.000
0.863	0.000
0.873	0.000
0.883	0.000
0.893	0.000
0.903	0.000
0.913	0.000
0.923	0.000
0.933	0.000
0.943	0.000
0.953	0.000
0.963	0.000
0.973	0.000
0.983	0.000
0.993	0.000
1.003	0.000
1.013	0.000
1.023	0.000
1.033	0.000
1.043	0.000
1.053	0.000
1.063	0.000
1.073	0.000
1.083	0.000
1.093	0.000
1.103	0.000
1.113	0.000
1.123	0.000
1.133	0.000
1.143	0.000
1.153	0.000
1.163	0.000
1.173	0.000
1.183	0.000
1.193	0.000
1.203	0.000
1.213	0.000
1.223	0.000
1.233	0.000
1.243	0.000
1.253	0.000
1.263	0.000
1.273	0.000
1.283	0.000
1.293	0.000
1.303	0.000
1.313	0.000
1.323	0.000
1.333	0.000
1.343	0.000
1.353	0.000
1.363	0.000
1.373	0.000
1.383	0.000
1.393	0.000
1.403	0.000
1.413	0.000
1.423	0.000
1.433	0.000
1.443	0.000
1.453	0.000
1.463	0.000
1.473	0.000
1.483	0.000
1.493	0.000
1.503	0.000
1.513	0.000
1.523	0.000
1.533	0.000
1.543	0.000
1.553	0.000
1.563	0.000
1.573	0.000
1.583	0.000
1.593	0.000
1.603	0.000
1.613	0.000
1.623	0.000
1.633	0.000
1.643	0.000
1.653	0.000
1.663	0.000
1.673	0.000
1.683	0.000
1.693	0.000
1.703	0.000
1.713	0.000
1.723	0.000
1.733	0.000
1.743	0.000
1.753	0.000
1.763	0.000
1.773	0.000
1.783	0.000
1.793	0.000
1.803	0.000
1.813	0.000
1.823	0.000
1.833	0.000
1.843	0.000
1.853	0.000
1.863	0.000
1.873	0.000
1.883	0.000
1.893	0.000
1.903	0.000
1.913	0.000
1.923	0.000
1.933	0.000
1.943	0.000
1.953	0.000
1.963	0.000
1.973	0.000
1.983	0.000
1.993	0.000
2.003	0.000
2.013	0.000
2.023	0.000
2.033	0.000
2.043	0.000
2.053	0.000
2.063	0.000
2.073	0.000
2.083	0.000
2.093	0.000
2.103	0.000
2.113	0.000
2.123	0.000
2.133	0.000
2.143	0.000
2.153	0.000
2.163	0.000
2.173	0.000
2.183	0.000
2.193	0.000
2.203	0.000
2.213	0.000
2.223	0.000
2.233	0.000
2.243	0.000
2.253	0.000
2.263	0.000
2.273	0.000
2.283	0.000
2.293	0.000
2.303	0.000
2.313	0.000
2.323	0.000
2.333	0.000
2.343	0.000
2.353	0.000
2.363	0.000
2.373	0.000
2.383	0.000
2.393	0.000
2.403	669.713
2.413	663.842
2.423	661.159
2.433	661.693
2.443	662.243
2.453	663.561
2.463	664.217
2.473	665.251
2.483	665.655
2.493	665.900
2.503	667.076
2.513	668.596
2.523	669.635
2.533	669.823
2.543	669.506
2.553	668.714
2.563	667.592
2.573	667.037
2.583	665.745
2.593	663.877
2.603	662.250
2.613	661.559
2.623	660.781
2.633	642.919
2.643	631.338
2.653	631.770
2.663	632.820
2.673	632.663
2.683	634.207
2.693	633.859
2.703	632.891
2.713	633.315
2.723	632.617
2.733	632.723
2.743	632.826
2.753	632.780
2.763	632.294
2.773	631.640
2.783	631.042
2.793	630.590
2.803	630.365
2.813	630.529
2.823	630.639
2.833	631.337
2.843	631.815
2.853	631.645
2.863	630.921
2.873	628.124
2.883	661.144
2.893	669.167
2.903	668.593
2.913	664.948
2.923	665.122
2.933	666.013
2.943	666.037
2.953	665.952
2.963	665.375
2.973	663.827
2.983	662.243
2.993	661.316
3.003	661.014
3.013	660.992
3.023	661.140
3.033	661.183
3.043	660.976
3.053	660.614
3.063	660.642
3.073	660.615
3.083	660.526
3.093	660.072
3.103	659.955
3.113	659.464
3.123	649.842
3.133	626.886
3.143	628.676
3.153	629.350
3.163	629.922
3.173	629.567
3.183	630.361
3.193	629.328
3.203	628.562
3.213	628.504
3.223	627.939
3.233	627.861
3.243	627.697
3.253	627.436
3.263	627.289
3.273	627.239
3.283	627.669
3.293	627.950
3.303	628.737
3.313	628.727
3.323	628.394
3.333	626.299
3.343	646.007
3.353	665.454
3.363	664.695
3.373	667.129
3.383	669.561
3.393	669.163
3.403	669.633
3.413	669.260
3.423	669.061
3.433	669.157
3.443	669.085
3.453	668.916
3.463	668.961
3.473	669.056
3.483	669.224
3.493	669.716
3.503	670.131
3.513	671.062
3.523	670.416
3.533	668.180
3.543	667.695
3.553	0.000
3.563	0.000
3.573	0.000
3.583	493.292
3.593	494.649
3.603	495.468
3.613	496.752
3.623	498.605
3.633	500.402
3.643	501.788
3.653	501.957
3.663	501.979
3.673	501.656
3.683	501.415
3.693	500.753
3.703	500.227
3.713	499.569
3.723	499.461
3.733	499.087
3.743	498.999
3.753	499.030
3.763	499.090
3.773	499.216
3.783	499.533
3.793	499.509
3.803	499.712
3.813	502.093
3.823	0.000
3.833	576.690
3.843	584.527
3.853	593.267
3.863	594.396
3.873	594.600
3.883	595.109
3.893	595.046
3.903	595.285
3.913	595.034
3.923	594.858
3.933	595.091
3.943	594.957
3.953	594.884
3.963	594.497
3.973	594.133
3.983	593.902
3.993	593.369
4.003	592.320
4.013	591.490
4.023	590.482
4.033	591.690
4.043	588.202
4.053	568.486
4.063	532.660
4.073	529.201
4.083	528.071
4.093	527.210
4.103	526.171
4.113	525.516
4.123	525.245
4.133	524.862
4.143	524.649
4.153	524.551
4.163	524.801
4.173	524.965
4.183	525.110
4.193	525.199
4.203	525.061
4.213	524.773
4.223	524.869
4.233	524.516
4.243	523.694
4.253	524.716
4.263	525.345
4.273	526.578
4.283	527.684
4.293	525.156
4.303	526.433
4.313	525.709
4.323	0.000
4.333	0.000
4.343	442.455
4.353	441.427
4.363	442.826
4.373	443.675
4.383	444.991
4.393	446.457
4.403	446.938
4.413	447.274
4.423	447.398
4.433	447.341
4.443	447.258
4.453	447.008
4.463	447.192
4.473	447.130
4.483	446.932
4.493	446.639
4.503	446.382
4.513	446.267
4.523	445.929
4.533	445.614
4.543	445.507
4.553	445.484
4.563	445.406
4.573	445.193
4.583	445.112
4.593	444.768
4.603	444.676
4.613	444.701
4.623	444.686
4.633	444.496
4.643	444.118
4.653	443.605
4.663	443.363
4.673	442.969
4.683	443.041
4.693	443.188
4.703	443.396
4.713	443.508
4.723	443.466
4.733	443.396
4.743	443.321
4.753	443.436
4.763	443.953
4.773	444.264
4.783	444.484
4.793	444.509
4.803	444.611
4.813	444.320
4.823	443.587
4.833	442.833
4.843	442.372
4.853	442.747
4.863	447.117
4.873	0.000
4.883	0.000
4.893	0.000
4.903	0.000
4.913	0.000
4.923	0.000
4.933	0.000
4.943	0.000
4.953	0.000
4.963	0.000
4.973	0.000
4.983	0.000
4.993	0.000
5.003	0.000
5.013	0.000
5.023	0.000
5.033	0.000
5.043	0.000
5.053	0.000
5.063	0.000
5.073	0.000
5.083	0.000
5.093	0.000
5.103	0.000
5.113	0.000
5.123	0.000
5.133	0.000
5.143	255.020
5.153	256.020
5.163	258.338
5.173	260.413
5.183	261.731
5.193	262.351
5.203	262.638
5.213	262.818
5.223	262.928
5.233	262.903
5.243	262.745
5.253	262.419
5.263	262.076
5.273	261.855
5.283	261.369
5.293	260.875
5.303	260.702
5.313	260.719
5.323	261.155
5.333	261.997
5.343	262.490
5.353	263.212
5.363	264.104
5.373	0.000
5.383	310.914
5.393	316.186
5.403	319.849
5.413	322.133
5.423	326.550
5.433	328.987
5.443	330.633
5.453	331.288
5.463	331.850
5.473	332.209
5.483	332.465
5.493	332.546
5.503	332.677
5.513	332.906
5.523	333.028
5.533	333.626
5.543	334.437
5.553	335.703
5.563	336.592
5.573	338.585
5.583	341.118
5.593	342.917
5.603	0.000
5.613	0.000
5.623	441.833
5.633	444.931
5.643	447.737
5.653	448.259
5.663	446.693
5.673	446.220
5.683	445.605
5.693	445.659
5.703	445.598
5.713	445.931
5.723	446.332
5.733	446.530
5.743	446.531
5.753	446.583
5.763	446.746
5.773	446.883
5.783	447.297
5.793	448.118
5.803	449.049
5.813	449.932
5.823	450.279
5.833	445.475
5.843	434.796
5.853	0.000
5.863	485.957
5.873	495.631
5.883	496.501
5.893	498.254
5.903	499.057
5.913	499.507
5.923	499.544
5.933	499.685
5.943	499.692
5.953	499.483
5.963	499.282
5.973	498.981
5.983	498.790
5.993	498.770
6.003	498.939
6.013	499.034
6.023	498.844
6.033	498.865
6.043	498.844
6.053	498.835
6.063	498.844
6.073	498.821
6.083	498.669
6.093	498.432
6.103	498.200
6.113	497.888
6.123	497.663
6.133	497.438
6.143	497.306
6.153	497.180
6.163	497.091
6.173	496.966
6.183	496.913
6.193	496.832
6.203	496.740
6.213	496.757
6.223	496.792
6.233	496.733
6.243	496.640
6.253	496.329
6.263	495.899
6.273	495.418
6.283	495.131
6.293	494.889
6.303	494.834
6.313	494.962
6.323	495.488
6.333	495.742
6.343	496.397
6.353	497.434
6.363	498.302
6.373	0.000
6.383	0.000
6.393	0.000
6.403	0.000
6.413	0.000
6.423	0.000
6.433	0.000
6.443	0.000
6.453	0.000
6.463	0.000
6.473	0.000
6.483	0.000
6.493	0.000
6.503	0.000
6.513	0.000
6.523	0.000
6.533	0.000
6.543	0.000
6.553	375.292
6.563	373.673
6.573	368.611
6.583	354.984
6.593	357.189
6.603	367.872
6.613	369.216
6.623	371.163
6.633	377.054
6.643	376.296
6.653	382.842
6.663	374.815
6.673	342.119
6.683	335.931
6.693	333.352
6.703	333.284
6.713	333.852
6.723	335.188
6.733	335.907
6.743	336.644
6.753	337.017
6.763	337.298
6.773	337.741
6.783	339.115
6.793	344.019
6.803	0.000
6.813	414.262
6.823	419.431
6.833	422.186
6.843	422.641
6.853	422.170
6.863	422.516
6.873	422.401
6.883	421.988
6.893	422.254
6.903	422.190
6.913	422.423
6.923	422.300
6.933	422.402
6.943	422.106
6.953	421.569
6.963	421.452
6.973	420.991
6.983	421.126
6.993	421.777
7.003	421.962
7.013	421.400
7.023	423.186
7.033	435.376
7.043	458.056
7.053	487.201
7.063	492.833
7.073	494.996
7.083	496.043
7.093	496.086
7.103	495.617
7.113	495.580
7.123	495.172
7.133	494.900
7.143	494.779
7.153	494.589
7.163	494.623
7.173	494.619
7.183	494.848
7.193	495.347
7.203	496.252
7.213	497.222
7.223	497.737
7.233	498.630
7.243	498.548
7.253	497.966
7.263	497.118
7.273	496.126
7.283	505.765
7.293	520.395
7.303	524.507
7.313	524.885
7.323	525.128
7.333	525.082
7.343	525.109
7.353	525.374
7.363	525.452
7.373	525.347
7.383	525.049
7.393	524.739
7.403	524.536
7.413	524.405
7.423	524.286
7.433	524.273
7.443	524.086
7.453	523.638
7.463	523.353
7.473	523.082
7.483	522.581
7.493	522.511
7.503	522.338
7.513	522.228
7.523	522.231
7.533	522.211
7.543	522.152
7.553	522.116
7.563	522.055
7.573	522.013
7.583	521.990
7.593	521.931
7.603	521.859
7.613	521.861
7.623	521.814
7.633	521.724
7.643	521.674
7.653	521.681
7.663	521.546
7.673	521.358
7.683	521.503
7.693	521.605
7.703	521.689
7.713	521.679
7.723	521.691
7.733	521.892
7.743	522.382
7.753	523.134
7.763	523.601
7.773	524.523
7.783	524.901
7.793	525.578
7.803	526.409
7.813	529.024
7.823	0.000
7.833	0.000
7.843	0.000
7.853	0.000
7.863	0.000
7.873	0.000
7.883	0.000
7.893	0.000
7.903	0.000
7.913	0.000
7.923	0.000
7.933	0.000
7.943	0.000
7.953	0.000
7.963	0.000
7.973	0.000
7.983	0.000
7.993	0.000
8.003	0.000
8.013	0.000
8.023	0.000
8.033	0.000
8.043	0.000
8.053	0.000
8.063	0.000
8.073	0.000
8.083	0.000
8.093	0.000
8.103	0.000
8.113	0.000
8.123	0.000
8.133	0.000
8.143	0.000
8.153	0.000
8.163	0.000
8.173	0.000
8.183	0.000
8.193	0.000
8.203	0.000
8.213	0.000
8.223	0.000
8.233	0.000
8.243	0.000
8.253	0.000
8.263	0.000
8.273	0.000
8.283	0.000
8.293	0.000
8.303	0.000
8.313	0.000
8.323	0.000
8.333	0.000
8.343	0.000
8.353	0.000
8.363	0.000
8.373	0.000
8.383	0.000
8.393	0.000
8.403	0.000
8.413	0.000
8.423	0.000
8.433	0.000
8.443	0.000
8.453	0.000
8.463	0.000
8.473	0.000
8.483	0.000
8.493	0.000
8.503	0.000
8.513	0.000
8.523	0.000
8.533	0.000
8.543	0.000
8.553	0.000
8.563	0.000
8.573	0.000
8.583	0.000
8.593	0.000
8.603	0.000
8.613	0.000
8.623	0.000
8.633	0.000
8.643	0.000
8.653	0.000
8.663	0.000
8.673	0.000
8.683	0.000
8.693	0.000
8.703	0.000
8.713	0.000
8.723	0.000
8.733	0.000
8.743	0.000
8.753	0.000
8.763	0.000
8.773	0.000
8.783	0.000
8.793	0.000
8.803	0.000
8.813	0.000
8.823	0.000
8.833	0.000
8.843	0.000
8.853	0.000
8.863	0.000
8.873	0.000
8.883	0.000
8.893	0.000
8.903	0.000
8.913	0.000
8.923	0.000
8.933	0.000
8.943	0.000
8.953	0.000
8.963	0.000
8.973	0.000
8.983	0.000
8.993	0.000
9.003	0.000
9.013	0.000
9.023	0.000
9.033	0.000
9.043	0.000
9.053	0.000
9.063	0.000
9.073	0.000
9.083	0.000
9.093	0.000
9.103	0.000
9.113	0.000
9.123	0.000
9.133	0.000
9.143	0.000
9.153	0.000
9.163	0.000
9.173	0.000
9.183	0.000
9.193	0.000
9.203	0.000
9.213	0.000
9.223	0.000
9.233	0.000
9.243	0.000
9.253	0.000
9.263	0.000
9.273	0.000
9.283	0.000
9.293	0.000
9.303	0.000
9.313	0.000
9.323	0.000
9.333	0.000
9.343	0.000
9.353	0.000
9.363	0.000
9.373	0.000
9.383	0.000
9.393	0.000
9.403	0.000
9.413	0.000
9.423	0.000
9.433	0.000
9.443	0.000
9.453	0.000
9.463	0.000
9.473	0.000
9.483	0.000
9.493	0.000
9.503	0.000
9.513	0.000
9.523	0.000
9.533	0.000
9.543	0.000
9.553	0.000
9.563	0.000
9.573	0.000
9.583	0.000
9.593	0.000
9.603	0.000
9.613	0.000
9.623	0.000
9.633	0.000
9.643	0.000
9.653	0.000
9.663	0.000
9.673	0.000
9.683	0.000
9.693	0.000
9.703	0.000
9.713	0.000
9.723	0.000
9.733	0.000
9.743	0.000
9.753	0.000
9.763	0.000
9.773	0.000
9.783	0.000
9.793	0.000
9.803	0.000
9.813	0.000
9.823	0.000
9.833	0.000
9.843	0.000
9.853	0.000
9.863	0.000
9.873	0.000
9.883	0.000
9.893	0.000
9.903	0.000
9.913	0.000
9.923	0.000
9.933	0.000
9.943	0.000
9.953	0.000
9.963	0.000
9.973	0.000
9.983	0.000
9.993	0.000
10.003	0.000
10.013	0.000
10.023	0.000
10.033	0.000
10.043	0.000
10.053	0.000
10.063	0.000
10.073	0.000
10.083	0.000
10.093	0.000
10.103	0.000
10.113	0.000
10.123	0.000
10.133	0.000
10.143	0.000
10.153	0.000
10.163	260.396
10.173	260.650
10.183	262.128
10.193	263.158
10.203	263.947
10.213	264.158
10.223	264.428
10.233	264.332
10.243	264.107
10.253	264.123
10.263	263.886
10.273	263.695
10.283	263.559
10.293	263.506
10.303	263.634
10.313	263.736
10.323	263.665
10.333	263.581
10.343	263.446
10.353	263.268
10.363	262.860
10.373	262.343
10.383	261.889
10.393	261.588
10.403	261.245
10.413	261.015
10.423	260.866
10.433	260.785
10.443	260.713
10.453	260.746
10.463	260.790
10.473	260.914
10.483	261.051
10.493	261.067
10.503	260.949
10.513	260.748
10.523	260.591
10.533	260.515
10.543	260.365
10.553	260.293
10.563	260.517
10.573	260.746
10.583	261.248
10.593	261.686
10.603	261.985
10.613	262.034
10.623	262.130
10.633	262.069
10.643	261.984
10.653	261.660
10.663	261.460
10.673	261.371
10.683	261.331
10.693	261.320
10.703	261.332
10.713	261.372
10.723	261.493
10.733	261.544
10.743	261.561
10.753	261.596
10.763	261.638
10.773	261.492
10.783	261.211
10.793	261.106
10.803	260.940
10.813	260.958
10.823	261.014
10.833	261.184
10.843	261.468
10.853	261.698
10.863	261.741
10.873	261.688
10.883	261.511
10.893	261.411
10.903	261.175
10.913	261.096
10.923	261.107
10.933	261.075
10.943	261.019
10.953	260.968
10.963	260.911
10.973	260.893
10.983	260.830
10.993	260.657
11.003	260.529
11.013	260.316
11.023	260.096
11.033	260.003
11.043	260.006
11.053	260.141
11.063	260.408
11.073	260.493
11.083	260.656
11.093	260.691
11.103	260.786
11.113	260.898
11.123	261.117
11.133	261.437
11.143	261.887
11.153	262.113
11.163	262.718
11.173	263.270
11.183	263.570
11.193	264.070
11.203	264.333
11.213	264.441
11.223	264.465
11.233	264.188
11.243	263.873
11.253	263.684
11.263	263.497
11.273	263.275
11.283	263.082
11.293	263.020
11.303	262.976
11.313	262.950
11.323	263.075
11.333	263.675
11.343	265.058
11.353	267.343
11.363	266.068
11.373	263.760
11.383	0.000
11.393	0.000
11.403	0.000
11.413	0.000
11.423	0.000
11.433	0.000
11.443	0.000
11.453	0.000
11.463	0.000
11.473	0.000
11.483	0.000
11.493	0.000
11.503	0.000
11.513	0.000
11.523	0.000
11.533	0.000
11.543	0.000
11.553	0.000
11.563	198.823
11.573	204.765
11.583	206.343
11.593	207.808
11.603	208.218
11.613	208.988
11.623	209.217
11.633	209.541
11.643	209.760
11.653	209.714
11.663	209.525
11.673	209.441
11.683	209.348
11.693	209.235
11.703	209.167
11.713	209.163
11.723	209.109
11.733	209.131
11.743	209.125
11.753	209.166
11.763	209.146
11.773	209.231
11.783	209.322
11.793	209.300
11.803	209.203
11.813	209.080
11.823	209.055
11.833	209.107
11.843	209.097
11.853	209.142
11.863	209.171
11.873	209.148
11.883	209.115
11.893	209.111
11.903	209.072
11.913	208.983
11.923	208.892
11.933	208.871
11.943	208.852
11.953	208.770
11.963	208.630
11.973	208.567
11.983	208.521
11.993	208.481
12.003	208.532
12.013	208.547
12.023	208.484
12.033	208.476
12.043	208.486
12.053	208.480
12.063	208.432
12.073	208.349
12.083	208.306
12.093	208.292
12.103	208.164
12.113	208.044
12.123	208.013
12.133	208.022
12.143	208.081
12.153	208.118
12.163	208.166
12.173	208.236
12.183	208.144
12.193	208.021
12.203	207.861
12.213	207.764
12.223	207.657
12.233	207.601
12.243	207.463
12.253	207.427
12.263	207.411
12.273	207.398
12.283	207.409
12.293	207.365
12.303	207.234
12.313	207.026
12.323	206.886
12.333	206.889
12.343	206.914
12.353	206.922
12.363	207.044
12.373	207.140
12.383	207.125
12.393	207.128
12.403	207.130
12.413	207.051
12.423	206.873
12.433	206.788
12.443	206.856
12.453	206.829
12.463	206.898
12.473	206.986
12.483	207.045
12.493	207.133
12.503	207.146
12.513	207.105
12.523	207.111
12.533	207.264
12.543	207.286
12.553	207.330
12.563	207.378
12.573	207.423
12.583	207.451
12.593	207.416
12.603	207.486
12.613	207.495
12.623	207.300
12.633	207.194
12.643	207.042
12.653	207.029
12.663	207.033
12.673	207.073
12.683	207.101
12.693	207.130
12.703	207.113
12.713	206.918
12.723	206.885
12.733	206.923
12.743	207.074
12.753	207.285
12.763	207.877
12.773	208.339
12.783	209.743
12.793	211.331
12.803	210.247
12.813	210.116
12.823	209.867
12.833	0.000
12.843	0.000
12.853	0.000
12.863	0.000
12.873	0.000
12.883	0.000
12.893	0.000
12.903	0.000
12.913	0.000
12.923	0.000
12.933	0.000
12.943	0.000
12.953	0.000
12.963	0.000
12.973	213.456
12.983	216.523
12.993	218.100
13.003	219.972
13.013	220.570
13.023	220.748
13.033	220.938
13.043	220.873
13.053	220.698
13.063	220.674
13.073	220.624
13.083	220.603
13.093	220.640
13.103	220.669
13.113	220.709
13.123	220.654
13.133	220.646
13.143	220.525
13.153	220.535
13.163	220.562
13.173	220.505
13.183	220.347
13.193	220.157
13.203	220.094
13.213	220.027
13.223	220.035
13.233	220.107
13.243	220.120
13.253	220.155
13.263	220.159
13.273	220.221
13.283	220.277
13.293	220.318
13.303	220.427
13.313	220.532
13.323	220.791
13.333	221.173
13.343	221.499
13.353	221.573
13.363	221.526
13.373	220.854
13.383	220.017
13.393	217.836
13.403	217.126
13.413	0.000
13.423	0.000
13.433	0.000
13.443	0.000
13.453	0.000
13.463	0.000
13.473	0.000
13.483	0.000
13.493	0.000
13.503	0.000
13.513	0.000
13.523	0.000
13.533	0.000
13.543	0.000
13.553	0.000
13.563	0.000
13.573	0.000
13.583	0.000
13.593	0.000
13.603	0.000
13.613	0.000
13.623	0.000
13.633	0.000
13.643	0.000
13.653	0.000
13.663	0.000
13.673	0.000
13.683	0.000
13.693	0.000
13.703	0.000
13.713	0.000
13.723	0.000
13.733	0.000
13.743	0.000
13.753	0.000
13.763	0.000
13.773	0.000
13.783	0.000
13.793	0.000
13.803	0.000
13.813	0.000
13.823	0.000
13.833	0.000
13.843	0.000
13.853	0.000
13.863	0.000
13.873	0.000
13.883	0.000
13.893	0.000
13.903	0.000
13.913	0.000
13.923	0.000
13.933	0.000
13.943	0.000
13.953	0.000
13.963	0.000
13.973	0.000
13.983	0.000
13.993	0.000
14.003	0.000
14.013	679.426
14.023	659.291
14.033	656.629
14.043	658.879
14.053	661.064
14.063	662.309
14.073	662.428
14.083	664.451
14.093	666.699
14.103	666.786
14.113	668.523
14.123	669.748
14.133	670.293
14.143	670.383
14.153	670.390
14.163	670.175
14.173	669.695
14.183	669.613
14.193	668.791
14.203	667.448
14.213	666.501
14.223	665.100
14.233	662.878
14.243	643.073
14.253	632.836
14.263	630.799
14.273	631.820
14.283	632.229
14.293	631.887
14.303	631.201
14.313	630.672
14.323	630.388
14.333	629.874
14.343	629.678
14.353	629.725
14.363	629.611
14.373	629.554
14.383	629.038
14.393	628.654
14.403	628.208
14.413	628.364
14.423	628.812
14.433	628.801
14.443	628.275
14.453	626.880
14.463	626.337
14.473	633.844
14.483	663.641
14.493	665.947
14.503	666.901
14.513	667.912
14.523	667.986
14.533	668.209
14.543	667.718
14.553	667.900
14.563	667.756
14.573	667.550
14.583	667.146
14.593	666.761
14.603	666.588
14.613	666.575
14.623	666.339
14.633	666.123
14.643	666.126
14.653	665.877
14.663	664.778
14.673	662.705
14.683	661.488
14.693	660.752
14.703	656.913
14.713	634.881
14.723	629.025
14.733	629.222
14.743	630.420
14.753	631.000
14.763	631.011
14.773	631.212
14.783	631.633
14.793	631.525
14.803	631.296
14.813	631.196
14.823	631.338
14.833	631.430
14.843	631.388
14.853	631.184
14.863	631.049
14.873	630.720
14.883	630.156
14.893	629.770
14.903	629.614
14.913	628.867
14.923	627.786
14.933	626.152
14.943	625.924
14.953	661.303
14.963	670.402
14.973	671.623
14.983	672.658
14.993	673.250
15.003	673.233
15.013	672.946
15.023	672.746
15.033	672.134
15.043	671.638
15.053	671.121
15.063	670.656
15.073	670.324
15.083	670.231
15.093	670.447
15.103	670.716
15.113	670.728
15.123	669.933
15.133	668.330
15.143	667.119
15.153	666.767
15.163	0.000
15.173	0.000
15.183	504.367
15.193	499.796
15.203	497.471
15.213	497.292
15.223	497.590
15.233	498.647
15.243	499.151
15.253	499.153
15.263	499.035
15.273	498.844
15.283	498.723
15.293	498.609
15.303	498.683
15.313	498.783
15.323	498.923
15.333	498.996
15.343	499.049
15.353	499.085
15.363	498.919
15.373	498.591
15.383	499.025
15.393	502.478
15.403	508.362
15.413	568.665
15.423	580.683
15.433	590.475
15.443	592.247
15.453	594.980
15.463	595.901
15.473	595.954
15.483	596.454
15.493	596.536
15.503	596.169
15.513	596.028
15.523	595.644
15.533	595.515
15.543	595.510
15.553	595.541
15.563	595.475
15.573	594.995
15.583	594.439
15.593	593.698
15.603	593.066
15.613	589.129
15.623	585.441
15.633	556.090
15.643	529.705
15.653	528.537
15.663	527.841
15.673	527.819
15.683	527.644
15.693	527.353
15.703	526.583
15.713	525.583
15.723	525.090
15.733	524.897
15.743	524.843
15.753	525.115
15.763	525.431
15.773	525.636
15.783	525.151
15.793	524.895
15.803	525.584
15.813	526.931
15.823	528.527
15.833	529.323
15.843	529.830
15.853	528.730
15.863	526.376
15.873	0.000
15.883	0.000
15.893	433.194
15.903	435.259
15.913	436.663
15.923	441.203
15.933	443.510
15.943	444.267
15.953	444.948
15.963	445.343
15.973	445.507
15.983	445.564
15.993	445.780
16.003	446.006
16.013	446.062
16.023	446.140
16.033	446.054
16.043	445.994
16.053	445.944
16.063	446.057
16.073	446.046
16.083	445.947
16.093	445.916
16.103	445.741
16.113	445.506
16.123	445.497
16.133	445.411
16.143	445.395
16.153	445.160
16.163	445.058
16.173	444.857
16.183	444.525
16.193	444.305
16.203	444.027
16.213	443.711
16.223	443.515
16.233	443.513
16.243	443.621
16.253	443.841
16.263	443.868
16.273	443.668
16.283	442.990
16.293	444.578
16.303	444.311
16.313	0.000
16.323	0.000
16.333	0.000
16.343	0.000
16.353	0.000
16.363	0.000
16.373	0.000
16.383	0.000
16.393	0.000
16.403	0.000
16.413	0.000
16.423	0.000
16.433	0.000
16.443	0.000
16.453	0.000
16.463	0.000
16.473	0.000
16.483	0.000
16.493	0.000
16.503	0.000
16.513	0.000
16.523	0.000
16.533	0.000
16.543	0.000
16.553	0.000
16.563	0.000
16.573	0.000
16.583	246.458
16.593	249.042
16.603	252.507
16.613	255.908
16.623	258.194
16.633	258.515
16.643	258.534
16.653	258.654
16.663	259.062
16.673	260.194
16.683	261.095
16.693	261.619
16.703	261.761
16.713	261.914
16.723	262.201
16.733	262.773
16.743	263.172
16.753	263.735
16.763	264.053
16.773	264.319
16.783	0.000
16.793	309.787
16.803	316.251
16.813	318.186
16.823	322.486
16.833	327.286
16.843	327.630
16.853	328.240
16.863	329.094
16.873	329.557
16.883	329.652
16.893	329.822
16.903	329.909
16.913	330.167
16.923	330.354
16.933	331.168
16.943	331.972
16.953	332.514
16.963	333.861
16.973	336.232
16.983	339.492
16.993	341.183
17.003	344.793
17.013	0.000
17.023	0.000
17.033	441.093
17.043	446.012
17.053	447.994
17.063	448.427
17.073	448.589
17.083	448.565
17.093	448.437
17.103	448.315
17.113	447.608
17.123	446.972
17.133	446.737
17.143	446.570
17.153	446.349
17.163	446.257
17.173	446.153
17.183	447.734
17.193	449.101
17.203	449.537
17.213	448.609
17.223	442.547
17.233	434.708
17.243	0.000
17.253	467.906
17.263	470.455
17.273	485.615
17.283	488.230
17.293	492.125
17.303	493.663
17.313	494.601
17.323	496.034
17.333	497.190
17.343	497.376
17.353	497.436
17.363	497.455
17.373	497.415
17.383	497.204
17.393	497.116
17.403	496.928
17.413	496.751
17.423	496.651
17.433	496.644
17.443	496.688
17.453	496.576
17.463	496.515
17.473	496.434
17.483	496.324
17.493	496.186
17.503	495.964
17.513	495.704
17.523	495.558
17.533	495.475
17.543	495.220
17.553	495.202
17.563	495.080
17.573	494.941
17.583	494.724
17.593	494.420
17.603	494.337
17.613	494.186
17.623	494.098
17.633	494.029
17.643	494.017
17.653	493.921
17.663	493.917
17.673	493.831
17.683	493.810
17.693	493.957
17.703	494.145
17.713	494.245
17.723	494.335
17.733	494.338
17.743	494.557
17.753	494.512
17.763	494.662
17.773	494.727
17.783	494.943
17.793	495.292
17.803	495.594
17.813	496.485
17.823	496.814
17.833	497.165
17.843	495.793
17.853	496.491
17.863	498.271
17.873	0.000
17.883	0.000
17.893	0.000
17.903	0.000
17.913	0.000
17.923	0.000
17.933	0.000
17.943	0.000
17.953	0.000
17.963	0.000
17.973	0.000
17.983	0.000
17.993	0.000
18.003	0.000
18.013	0.000
18.023	0.000
18.033	0.000
18.043	0.000
18.053	316.672
18.063	318.281
18.073	321.537
18.083	329.782
18.093	332.655
18.103	333.800
18.113	333.561
18.123	333.573
18.133	333.454
18.143	333.584
18.153	333.726
18.163	333.847
18.173	333.982
18.183	334.086
18.193	334.081
18.203	334.508
18.213	334.944
18.223	335.928
18.233	338.050
18.243	341.767
18.253	346.331
18.263	0.000
18.273	403.774
18.283	404.859
18.293	405.351
18.303	406.658
18.313	410.122
18.323	412.607
18.333	414.305
18.343	414.749
18.353	415.085
18.363	415.079
18.373	414.883
18.383	414.794
18.393	414.808
18.403	415.703
18.413	417.624
18.423	420.468
18.433	421.921
18.443	424.061
18.453	425.342
18.463	428.755
18.473	439.039
18.483	490.783
18.493	494.550
18.503	495.410
18.513	495.487
18.523	495.918
18.533	496.532
18.543	497.155
18.553	497.512
18.563	498.368
18.573	498.707
18.583	499.351
18.593	499.438
18.603	499.353
18.613	499.488
18.623	499.908
18.633	500.494
18.643	501.688
18.653	502.177
18.663	502.929
18.673	497.137
18.683	496.786
18.693	499.268
18.703	0.000
18.713	525.809
18.723	527.648
18.733	527.636
18.743	527.883
18.753	527.776
18.763	528.633
18.773	528.990
18.783	529.177
18.793	529.166
18.803	529.372
18.813	529.970
18.823	530.100
18.833	530.557
18.843	530.270
18.853	528.978
18.863	528.740
18.873	528.260
18.883	527.765
18.893	527.479
18.903	527.285
18.913	526.906
18.923	526.685
18.933	526.436
18.943	526.323
18.953	526.174
18.963	525.876
18.973	525.857
18.983	525.645
18.993	525.233
19.003	524.783
19.013	524.569
19.023	524.079
19.033	523.728
19.043	523.638
19.053	523.369
19.063	523.268
19.073	523.205
19.083	523.104
19.093	523.036
19.103	522.748
19.113	522.522
19.123	522.454
19.133	522.556
19.143	522.626
19.153	522.730
19.163	523.045
19.173	523.486
19.183	524.036
19.193	524.344
19.203	525.536
19.213	526.060
19.223	527.132
19.233	529.444
19.243	530.826
19.253	525.667
19.263	531.093
19.273	0.000
19.283	0.000
19.293	0.000
19.303	0.000
19.313	0.000
19.323	0.000
19.333	0.000
19.343	0.000
19.353	0.000
19.363	0.000
19.373	0.000
19.383	0.000
19.393	0.000
19.403	0.000
19.413	0.000
19.423	0.000
19.433	0.000
19.443	0.000
19.453	0.000
19.463	0.000
19.473	0.000
19.483	0.000
19.493	0.000
19.503	0.000
19.513	0.000
19.523	0.000
19.533	0.000
19.543	0.000
19.553	0.000
19.563	0.000
19.573	0.000
19.583	0.000
19.593	0.000
19.603	0.000
19.613	0.000
19.623	0.000
19.633	0.000
19.643	0.000
19.653	0.000
19.663	0.000
19.673	0.000
19.683	0.000
19.693	0.000
19.703	0.000
19.713	0.000
19.723	0.000
19.733	0.000
19.743	0.000
19.753	0.000
19.763	0.000
19.773	0.000
19.783	0.000
19.793	0.000
19.803	0.000
19.813	0.000
19.823	0.000
19.833	0.000
19.843	0.000
19.853	0.000
19.863	0.000
19.873	0.000
19.883	0.000
19.893	0.000
19.903	0.000
19.913	0.000
19.923	0.000
19.933	0.000
19.943	0.000
19.953	0.000
19.963	0.000
19.973	0.000
19.983	0.000
19.993	0.000
20.003	0.000
20.013	0.000
20.023	0.000
20.033	0.000
20.043	0.000
20.053	0.000
20.063	0.000
20.073	0.000
20.083	0.000
20.093	0.000
20.103	0.000
20.113	0.000
20.123	0.000
20.133	0.000
20.143	0.000
20.153	0.000
20.163	0.000
20.173	0.000
20.183	0.000
20.193	0.000
20.203	0.000
20.213	0.000
20.223	0.000
20.233	0.000
20.243	0.000
20.253	0.000
20.263	0.000
20.273	0.000
20.283	0.000
20.293	0.000
20.303	0.000
20.313	0.000
20.323	0.000
20.333	0.000
20.343	0.000
20.353	0.000
20.363	0.000
20.373	0.000
20.383	0.000
20.393	0.000
20.403	0.000
20.413	0.000
20.423	0.000
20.433	0.000
20.443	0.000
20.453	0.000
20.463	0.000
20.473	0.000
20.483	0.000
20.493	0.000
20.503	0.000
20.513	0.000
20.523	0.000
20.533	0.000
20.543	0.000
20.553	0.000
20.563	0.000
20.573	0.000
20.583	0.000
20.593	0.000
20.603	0.000
20.613	0.000
20.623	0.000
20.633	0.000
20.643	0.000
20.653	0.000
20.663	0.000
20.673	0.000
20.683	0.000
20.693	0.000
20.703	0.000
20.713	0.000
20.723	0.000
20.733	0.000
20.743	0.000
20.753	0.000
20.763	0.000
20.773	0.000
20.783	0.000
20.793	0.000
20.803	0.000
20.813	0.000
20.823	0.000
20.833	0.000
20.843	0.000
20.853	0.000
20.863	0.000
20.873	0.000
20.883	0.000
20.893	0.000
20.903	0.000
20.913	0.000
20.923	0.000
20.933	0.000
20.943	0.000
20.953	0.000
20.963	0.000
20.973	0.000
20.983	0.000
20.993	0.000
21.003	0.000
21.013	0.000
21.023	0.000
21.033	0.000
21.043	0.000
21.053	0.000
21.063	0.000
21.073	0.000
21.083	0.000
21.093	0.000
21.103	0.000
21.113	0.000
21.123	0.000
21.133	0.000
21.143	0.000
21.153	0.000
21.163	0.000
21.173	0.000
21.183	0.000
21.193	0.000
21.203	0.000
21.213	0.000
21.223	0.000
21.233	0.000
21.243	0.000
21.253	0.000
21.263	0.000
21.273	0.000
21.283	0.000
21.293	0.000
21.303	0.000
21.313	0.000
21.323	0.000
21.333	0.000
21.343	0.000
21.353	0.000
21.363	0.000
21.373	0.000
21.383	0.000
21.393	0.000
21.403	0.000
21.413	0.000
21.423	0.000
21.433	0.000
21.443	0.000
21.453	0.000
21.463	0.000
21.473	0.000
21.483	0.000
21.493	0.000
21.503	0.000
21.513	0.000
21.523	0.000
21.533	0.000
21.543	254.060
21.553	257.111
21.563	260.085
21.573	260.883
21.583	261.435
21.593	261.220
21.603	261.018
21.613	260.992
21.623	261.290
21.633	261.455
21.643	261.338
21.653	261.084
21.663	260.804
21.673	260.613
21.683	260.586
21.693	260.617
21.703	260.736
21.713	260.846
21.723	261.097
21.733	261.183
21.743	261.322
21.753	261.389
21.763	261.568
21.773	261.792
21.783	262.020
21.793	262.441
21.803	262.739
21.813	262.882
21.823	262.987
21.833	263.092
21.843	263.381
21.853	263.628
21.863	263.718
21.873	263.945
21.883	264.104
21.893	264.078
21.903	264.168
21.913	264.109
21.923	263.896
21.933	263.814
21.943	263.663
21.953	263.494
21.963	263.380
21.973	263.238
21.983	263.315
21.993	263.664
22.003	263.951
22.013	264.507
22.023	265.111
22.033	265.603
22.043	265.702
22.053	265.512
22.063	265.054
22.073	264.995
22.083	264.876
22.093	264.909
22.103	264.868
22.113	264.893
22.123	264.872
22.133	264.947
22.143	265.001
22.153	264.939
22.163	265.044
22.173	265.120
22.183	265.025
22.193	265.156
22.203	265.364
22.213	265.517
22.223	265.611
22.233	265.760
22.243	265.781
22.253	265.770
22.263	265.475
22.273	265.034
22.283	264.728
22.293	264.724
22.303	264.646
22.313	264.780
22.323	264.860
22.333	264.903
22.343	264.994
22.353	264.971
22.363	264.921
22.373	264.770
22.383	264.763
22.393	264.815
22.403	264.920
22.413	264.989
22.423	265.011
22.433	264.992
22.443	264.862
22.453	264.819
22.463	265.048
22.473	265.201
22.483	265.422
22.493	265.602
22.503	265.711
22.513	265.887
22.523	266.003
22.533	265.942
22.543	265.865
22.553	266.099
22.563	266.532
22.573	266.850
22.583	267.067
22.593	267.029
22.603	266.687
22.613	266.480
22.623	266.077
22.633	266.419
22.643	267.770
22.653	268.541
22.663	268.160
22.673	268.446
22.683	0.000
22.693	0.000
22.703	0.000
22.713	0.000
22.723	0.000
22.733	0.000
22.743	0.000
22.753	0.000
22.763	0.000
22.773	0.000
22.783	0.000
22.793	0.000
22.803	0.000
22.813	0.000
22.823	0.000
22.833	202.868
22.843	200.723
22.853	199.906
22.863	202.862
22.873	203.812
22.883	205.069
22.893	205.304
22.903	205.436
22.913	205.687
22.923	205.944
22.933	206.363
22.943	206.595
22.953	207.082
22.963	207.476
22.973	207.601
22.983	207.795
22.993	207.970
23.003	208.152
23.013	208.341
23.023	208.625
23.033	208.933
23.043	209.064
23.053	209.138
23.063	209.316
23.073	209.381
23.083	209.371
23.093	209.410
23.103	209.458
23.113	209.531
23.123	209.507
23.133	209.426
23.143	209.167
23.153	209.055
23.163	208.906
23.173	208.876
23.183	208.902
23.193	208.938
23.203	209.130
23.213	209.331
23.223	209.437
23.233	209.479
23.243	209.445
23.253	209.298
23.263	209.214
23.273	209.170
23.283	209.199
23.293	209.251
23.303	209.376
23.313	209.334
23.323	209.162
23.333	209.113
23.343	209.068
23.353	208.939
23.363	208.796
23.373	208.699
23.383	208.555
23.393	208.521
23.403	208.327
23.413	208.210
23.423	208.056
23.433	208.062
23.443	208.012
23.453	208.016
23.463	207.922
23.473	207.883
23.483	207.806
23.493	207.766
23.503	207.785
23.513	207.795
23.523	207.869
23.533	208.107
23.543	208.310
23.553	208.408
23.563	208.478
23.573	208.573
23.583	208.698
23.593	208.723
23.603	208.603
23.613	208.558
23.623	208.602
23.633	208.701
23.643	208.860
23.653	208.984
23.663	209.098
23.673	209.291
23.683	209.497
23.693	209.574
23.703	209.636
23.713	209.653
23.723	209.514
23.733	209.413
23.743	209.375
23.753	209.369
23.763	209.390
23.773	209.485
23.783	209.586
23.793	209.634
23.803	209.600
23.813	209.592
23.823	209.612
23.833	209.783
23.843	209.789
23.853	209.797
23.863	209.759
23.873	209.744
23.883	209.763
23.893	209.707
23.903	209.664
23.913	209.593
23.923	209.682
23.933	209.824
23.943	210.082
23.953	210.271
23.963	210.486
23.973	210.745
23.983	210.860
23.993	210.466
24.003	209.578
24.013	209.688
24.023	210.338
24.033	0.000
24.043	0.000
24.053	0.000
24.063	0.000
24.073	0.000
24.083	0.000
24.093	0.000
24.103	0.000
24.113	0.000
24.123	0.000
24.133	0.000
24.143	0.000
24.153	0.000
24.163	0.000
24.173	0.000
24.183	0.000
24.193	0.000
24.203	0.000
24.213	0.000
24.223	0.000
24.233	0.000
24.243	215.105
24.253	215.579
24.263	216.943
24.273	217.872
24.283	219.352
24.293	220.457
24.303	220.938
24.313	220.992
24.323	221.069
24.333	221.121
24.343	221.155
24.353	220.941
24.363	220.705
24.373	220.592
24.383	220.667
24.393	220.840
24.403	221.090
24.413	221.288
24.423	221.339
24.433	221.534
24.443	221.865
24.453	222.007
24.463	222.213
24.473	222.186
24.483	222.086
24.493	222.070
24.503	222.043
24.513	222.134
24.523	222.112
24.533	222.057
24.543	222.022
24.553	222.038
24.563	222.032
24.573	222.095
24.583	222.156
24.593	222.045
24.603	221.936
24.613	221.764
24.623	221.875
24.633	221.978
24.643	222.041
24.653	222.077
24.663	221.919
24.673	221.811
24.683	221.680
24.693	221.651
24.703	221.648
24.713	221.759
24.723	221.813
24.733	221.736
24.743	221.628
24.753	221.485
24.763	221.536
24.773	221.688
24.783	221.596
24.793	221.427
24.803	221.328
24.813	221.337
24.823	221.234
24.833	221.302
24.843	221.380
24.853	221.338
24.863	221.369
24.873	221.561
24.883	221.685
24.893	221.729
24.903	221.922
24.913	222.147
24.923	222.136
24.933	222.449
24.943	222.620
24.953	222.637
24.963	222.801
24.973	222.762
24.983	222.186
24.993	222.293
25.003	222.694
25.013	221.985
25.023	221.317
25.033	0.000
25.043	0.000
25.053	0.000
25.063	0.000
25.073	0.000
25.083	0.000
25.093	0.000
25.103	0.000
25.113	0.000
25.123	0.000
25.133	0.000
25.143	0.000
25.153	0.000
25.163	0.000
25.173	0.000
25.183	0.000
25.193	0.000
25.203	0.000
25.213	0.000
25.223	0.000
25.233	0.000
25.243	0.000
25.253	0.000
25.263	0.000
25.273	0.000
25.283	0.000
25.293	0.000
25.303	0.000
25.313	0.000
25.323	0.000
25.333	0.000
25.343	0.000
25.353	0.000
25.363	0.000
25.373	0.000
25.383	0.000
25.393	0.000
25.403	0.000
25.413	0.000
25.423	0.000
25.433	0.000
25.443	0.000
25.453	0.000
25.463	0.000
25.473	0.000
25.483	0.000
25.493	0.000
25.503	0.000
25.513	0.000
25.523	0.000
25.533	0.000
25.543	0.000
25.553	0.000
25.563	0.000
25.573	0.000
25.583	0.000
25.593	0.000
25.603	0.000
25.613	0.000
25.623	0.000
25.633	0.000
25.643	0.000
25.653	0.000
25.663	0.000
25.673	0.000
25.683	0.000
25.693	0.000
25.703	0.000
25.713	263.391
25.723	264.921
25.733	265.556
25.743	266.193
25.753	266.273
25.763	266.437
25.773	266.588
25.783	266.547
25.793	266.656
25.803	266.581
25.813	266.722
25.823	266.790
25.833	266.723
25.843	266.614
25.853	266.302
25.863	266.029
25.873	265.634
25.883	265.305
25.893	265.071
25.903	264.471
25.913	264.157
25.923	263.917
25.933	263.907
25.943	263.845
25.953	263.845
25.963	263.851
25.973	263.886
25.983	263.825
25.993	263.816
26.003	263.777
26.013	263.697
26.023	263.712
26.033	263.773
26.043	263.893
26.053	264.074
26.063	264.178
26.073	264.154
26.083	264.139
26.093	264.223
26.103	264.163
26.113	264.130
26.123	264.081
26.133	263.910
26.143	263.840
26.153	263.822
26.163	263.921
26.173	264.013
26.183	264.071
26.193	263.997
26.203	263.837
26.213	263.771
26.223	263.769
26.233	263.758
26.243	263.787
26.253	263.706
26.263	263.418
26.273	263.196
26.283	263.055
26.293	262.963
26.303	262.825
26.313	262.652
26.323	262.529
26.333	262.506
26.343	262.413
26.353	262.319
26.363	262.205
26.373	261.935
26.383	261.858
26.393	261.778
26.403	261.662
26.413	261.630
26.423	261.746
26.433	261.807
26.443	261.932
26.453	262.022
26.463	262.118
26.473	262.212
26.483	262.339
26.493	262.358
26.503	262.306
26.513	262.319
26.523	262.382
26.533	262.440
26.543	262.467
26.553	262.571
26.563	262.597
26.573	262.556
26.583	262.621
26.593	262.667
26.603	262.645
26.613	262.606
26.623	262.632
26.633	262.660
26.643	262.748
26.653	262.828
26.663	262.936
26.673	263.166
26.683	263.296
26.693	263.241
26.703	263.181
26.713	263.236
26.723	263.238
26.733	263.314
26.743	263.328
26.753	263.369
26.763	263.384
26.773	263.492
26.783	263.599
26.793	263.717
26.803	263.683
26.813	264.508
26.823	265.965
26.833	266.718
26.843	266.066
26.853	267.295
26.863	266.211
26.873	267.794
26.883	0.000
26.893	0.000
26.903	0.000
26.913	0.000
26.923	0.000
26.933	0.000
26.943	0.000
26.953	0.000
26.963	0.000
26.973	0.000
26.983	0.000
26.993	0.000
27.003	0.000
27.013	0.000
27.023	0.000
27.033	0.000
27.043	0.000
27.053	0.000
27.063	0.000
27.073	245.881
27.083	246.097
27.093	247.921
27.103	249.257
27.113	250.177
27.123	250.520
27.133	250.923
27.143	251.107
27.153	251.195
27.163	251.264
27.173	251.477
27.183	251.845
27.193	252.034
27.203	252.381
27.213	252.361
27.223	252.104
27.233	251.948
27.243	251.545
27.253	251.077
27.263	250.771
27.273	250.161
27.283	249.450
27.293	248.909
27.303	248.712
27.313	248.428
27.323	248.102
27.333	247.750
27.343	247.644
27.353	247.384
27.363	247.179
27.373	247.039
27.383	246.745
27.393	246.427
27.403	246.256
27.413	246.126
27.423	246.028
27.433	245.971
27.443	246.054
27.453	246.416
27.463	246.718
27.473	246.864
27.483	246.859
27.493	246.886
27.503	247.011
27.513	247.322
27.523	247.378
27.533	247.538
27.543	247.701
27.553	247.777
27.563	247.970
27.573	248.247
27.583	248.410
27.593	248.439
27.603	248.392
27.613	248.352
27.623	248.429
27.633	248.752
27.643	249.147
27.653	249.606
27.663	249.964
27.673	250.784
27.683	251.401
27.693	251.574
27.703	251.591
27.713	251.463
27.723	251.361
27.733	251.291
27.743	251.164
27.753	250.909
27.763	250.701
27.773	250.582
27.783	250.442
27.793	250.428
27.803	250.618
27.813	250.718
27.823	250.811
27.833	250.913
27.843	250.949
27.853	250.920
27.863	250.805
27.873	250.408
27.883	250.206
27.893	249.757
27.903	249.397
27.913	249.235
27.923	248.904
27.933	248.625
27.943	248.297
27.953	248.245
27.963	248.314
27.973	248.778
27.983	249.428
27.993	249.850
28.003	250.587
28.013	251.192
28.023	251.326
28.033	251.261
28.043	251.099
28.053	250.927
28.063	250.765
28.073	250.572
28.083	250.076
28.093	249.724
28.103	249.029
28.113	248.229
28.123	247.336
28.133	246.737
28.143	245.968
28.153	245.052
28.163	245.142
28.173	246.106
28.183	248.835
28.193	251.016
28.203	252.676
28.213	0.000
28.223	0.000
28.233	0.000
28.243	0.000
28.253	0.000
28.263	0.000
28.273	0.000
28.283	0.000
28.293	0.000
28.303	0.000
28.313	0.000
28.323	0.000
28.333	0.000
28.343	0.000
28.353	0.000
28.363	0.000
28.373	0.000
28.383	0.000
28.393	0.000
28.403	0.000
28.413	214.822
28.423	216.366
28.433	218.269
28.443	219.204
28.453	219.509
28.463	219.624
28.473	219.835
28.483	220.235
28.493	220.369
28.503	220.617
28.513	220.855
28.523	221.321
28.533	221.592
28.543	222.018
28.553	222.222
28.563	222.334
28.573	222.634
28.583	222.840
28.593	222.947
28.603	222.958
28.613	222.869
28.623	222.529
28.633	222.416
28.643	222.224
28.653	222.083
28.663	222.040
28.673	222.006
28.683	221.951
28.693	221.887
28.703	221.848
28.713	221.872
28.723	221.880
28.733	221.959
28.743	222.013
28.753	222.195
28.763	222.361
28.773	222.443
28.783	222.516
28.793	222.564
28.803	222.521
28.813	222.431
28.823	222.378
28.833	222.366
28.843	222.382
28.853	222.345
28.863	222.350
28.873	222.406
28.883	222.327
28.893	222.332
28.903	222.249
28.913	222.158
28.923	222.151
28.933	222.186
28.943	222.434
28.953	222.738
28.963	222.843
28.973	222.966
28.983	223.065
28.993	223.025
29.003	222.947
29.013	222.983
29.023	222.942
29.033	222.968
29.043	222.939
29.053	222.835
29.063	222.802
29.073	222.833
29.083	223.020
29.093	223.076
29.103	223.137
29.113	223.131
29.123	222.999
29.133	222.927
29.143	222.888
29.153	222.818
29.163	222.857
29.173	222.979
29.183	222.984
29.193	223.053
29.203	223.213
29.213	223.257
29.223	223.318
29.233	223.175
29.243	222.866
29.253	222.682
29.263	222.436
29.273	222.338
29.283	222.311
29.293	222.328
29.303	222.381
29.313	222.449
29.323	222.494
29.333	222.423
29.343	222.337
29.353	222.146
29.363	222.035
29.373	221.771
29.383	221.588
29.393	221.556
29.403	221.414
29.413	221.469
29.423	221.660
29.433	221.872
29.443	222.245
29.453	222.620
29.463	222.775
29.473	223.093
29.483	223.363
29.493	223.384
29.503	223.373
29.513	223.186
29.523	222.982
29.533	222.719
29.543	222.484
29.553	221.911
29.563	221.413
29.573	221.386
29.583	221.395
29.593	221.847
29.603	0.000
29.613	0.000
29.623	0.000
29.633	0.000
29.643	0.000
29.653	0.000
29.663	0.000
29.673	0.000
29.683	0.000
29.693	0.000
29.703	0.000
29.713	0.000
29.723	0.000
29.733	0.000
29.743	0.000
29.753	0.000
29.763	0.000
29.773	0.000
29.783	201.425
29.793	202.875
29.803	204.970
29.813	206.504
29.823	206.368
29.833	206.314
29.843	206.309
29.853	206.414
29.863	206.477
29.873	206.576
29.883	206.728
29.893	206.958
29.903	206.995
29.913	206.980
29.923	206.898
29.933	206.891
29.943	206.846
29.953	206.794
29.963	206.855
29.973	206.905
29.983	207.178
29.993	207.471
30.003	207.525
30.013	207.638
30.023	207.641
30.033	207.739
30.043	207.831
30.053	207.899
30.063	207.856
30.073	207.785
30.083	207.789
30.093	207.823
30.103	207.942
30.113	208.046
30.123	208.235
30.133	208.419
30.143	208.475
30.153	208.407
30.163	208.373
30.173	208.431
30.183	208.458
30.193	208.487
30.203	208.491
30.213	208.487
30.223	208.528
30.233	208.465
30.243	208.453
30.253	208.526
30.263	208.555
30.273	208.517
30.283	208.451
30.293	208.460
30.303	208.476
30.313	208.454
30.323	208.241
30.333	208.247
30.343	208.201
30.353	208.068
30.363	207.932
30.373	207.834
30.383	207.695
30.393	207.658
30.403	207.709
30.413	207.733
30.423	207.732
30.433	207.900
30.443	207.972
30.453	208.004
30.463	208.045
30.473	208.078
30.483	208.220
30.493	208.293
30.503	208.355
30.513	208.231
30.523	207.967
30.533	207.413
30.543	206.353
30.553	205.895
30.563	206.069
30.573	208.164
30.583	207.574
30.593	208.627
30.603	210.525
30.613	0.000
30.623	0.000
30.633	0.000
30.643	0.000
30.653	0.000
30.663	0.000
30.673	0.000
30.683	0.000
30.693	0.000
30.703	0.000
30.713	0.000
30.723	0.000
30.733	0.000
30.743	0.000
30.753	0.000
30.763	0.000
30.773	0.000
30.783	0.000
30.793	0.000
30.803	0.000
30.813	0.000
30.823	0.000
30.833	0.000
30.843	0.000
30.853	0.000
30.863	0.000
30.873	0.000
30.883	0.000
30.893	0.000
30.903	0.000
30.913	0.000
30.923	0.000
30.933	0.000
30.943	0.000
30.953	0.000
30.963	0.000
30.973	0.000
30.983	0.000
30.993	0.000
31.003	0.000
31.013	0.000
31.023	0.000
31.033	0.000
31.043	0.000
31.053	0.000
31.063	0.000
31.073	0.000
31.083	0.000
31.093	0.000
31.103	0.000
31.113	0.000
31.123	0.000
31.133	0.000
31.143	0.000
31.153	0.000
31.163	0.000
31.173	0.000
31.183	0.000
31.193	0.000
31.203	0.000
31.213	0.000
31.223	0.000
31.233	0.000
31.243	0.000
31.253	0.000
31.263	0.000
31.273	0.000
31.283	0.000
31.293	0.000
31.303	0.000
31.313	0.000
31.323	0.000
31.333	0.000
31.343	0.000
31.353	0.000
31.363	343.247
31.373	343.068
31.383	345.939
31.393	342.622
31.403	339.122
31.413	338.263
31.423	337.328
31.433	336.565
31.443	335.958
31.453	335.334
31.463	334.669
31.473	334.626
31.483	334.742
31.493	335.215
31.503	335.698
31.513	336.122
31.523	336.505
31.533	337.364
31.543	338.524
31.553	339.174
31.563	340.499
31.573	341.956
31.583	343.786
31.593	344.923
31.603	0.000
31.613	0.000
31.623	0.000
31.633	0.000
31.643	0.000
31.653	0.000
31.663	0.000
31.673	0.000
31.683	775.820
31.693	780.298
31.703	778.315
31.713	771.068
31.723	763.948
31.733	751.456
31.743	729.688
31.753	688.499
31.763	676.804
31.773	674.508
31.783	671.648
31.793	669.902
31.803	669.792
31.813	669.815
31.823	669.251
31.833	669.167
31.843	669.282
31.853	658.565
31.863	633.108
31.873	632.124
31.883	631.684
31.893	631.451
31.903	631.083
31.913	631.091
31.923	631.300
31.933	631.672
31.943	631.608
31.953	631.574
31.963	631.205
31.973	630.615
31.983	629.948
31.993	629.729
32.003	629.445
32.013	629.412
32.023	629.740
32.033	630.733
32.043	630.951
32.053	629.628
32.063	627.821
32.073	623.800
32.083	626.935
32.093	693.056
32.103	675.715
32.113	670.892
32.123	669.346
32.133	670.164
32.143	670.572
32.153	671.065
32.163	671.401
32.173	671.576
32.183	671.734
32.193	671.948
32.203	672.085
32.213	672.143
32.223	672.068
32.233	671.871
32.243	671.784
32.253	671.639
32.263	671.577
32.273	671.082
32.283	670.432
32.293	670.002
32.303	669.959
32.313	668.861
32.323	635.752
32.333	633.148
32.343	632.533
32.353	632.706
32.363	632.297
32.373	631.926
32.383	631.744
32.393	631.551
32.403	631.280
32.413	630.693
32.423	630.460
32.433	630.174
32.443	630.038
32.453	630.016
32.463	630.004
32.473	629.783
32.483	629.984
32.493	630.295
32.503	630.884
32.513	629.891
32.523	627.649
32.533	625.331
32.543	619.704
32.553	624.635
32.563	0.000
32.573	681.886
32.583	673.807
32.593	671.895
32.603	672.976
32.613	673.904
32.623	674.622
32.633	675.263
32.643	675.451
32.653	675.634
32.663	675.646
32.673	675.681
32.683	675.180
32.693	674.704
32.703	674.420
32.713	674.043
32.723	673.483
32.733	672.572
32.743	672.290
32.753	671.419
32.763	670.799
32.773	670.242
32.783	669.960
32.793	669.577
32.803	669.400
32.813	669.309
32.823	669.280
32.833	669.451
32.843	669.718
32.853	669.762
32.863	669.938
32.873	670.160
32.883	670.495
32.893	670.678
32.903	671.570
32.913	672.484
32.923	673.392
32.933	673.734
32.943	674.630
32.953	674.756
32.963	674.578
32.973	673.724
32.983	672.506
32.993	671.184
33.003	670.525
33.013	669.343
33.023	668.478
33.033	668.196
33.043	668.083
33.053	669.256
33.063	672.228
33.073	673.550
33.083	675.235
33.093	675.645
33.103	678.496
33.113	680.737
33.123	0.000
33.133	0.000
33.143	0.000
33.153	0.000
33.163	0.000
33.173	0.000
33.183	0.000
33.193	0.000
33.203	0.000
33.213	0.000
33.223	0.000
33.233	0.000
33.243	0.000
33.253	0.000
33.263	0.000
33.273	0.000
33.283	0.000
33.293	0.000
33.303	0.000
33.313	0.000
33.323	0.000
33.333	0.000
33.343	0.000
33.353	0.000
33.363	0.000
33.373	0.000
33.383	0.000
33.393	0.000
33.403	0.000
33.413	0.000
33.423	0.000
33.433	0.000
33.443	0.000
33.453	0.000
33.463	0.000
33.473	0.000
33.483	0.000
33.493	0.000
33.503	0.000
33.513	0.000
33.523	0.000
33.533	0.000
33.543	0.000
33.553	0.000
33.563	0.000
33.573	0.000
33.583	0.000
33.593	0.000
33.603	0.000
33.613	0.000
33.623	0.000
33.633	0.000
33.643	0.000
33.653	0.000
33.663	0.000
33.673	0.000
33.683	0.000
33.693	0.000
33.703	0.000
33.713	0.000
33.723	0.000
33.733	0.000
33.743	0.000
33.753	0.000
33.763	0.000
33.773	0.000
33.783	0.000
33.793	0.000
33.803	0.000
33.813	0.000
33.823	0.000
33.833	0.000
33.843	656.112
33.853	656.789
33.863	658.374
33.873	662.952
33.883	664.573
33.893	667.016
33.903	667.750
33.913	669.065
33.923	669.710
33.933	669.918
33.943	670.095
33.953	670.289
33.963	670.245
33.973	669.971
33.983	669.639
33.993	669.235
34.003	669.024
34.013	668.929
34.023	668.833
34.033	668.525
34.043	667.978
34.053	667.491
34.063	667.763
34.073	659.591
34.083	636.125
34.093	632.115
34.103	633.374
34.113	633.007
34.123	633.612
34.133	633.728
34.143	634.078
34.153	633.915
34.163	634.131
34.173	633.953
34.183	633.549
34.193	632.949
34.203	632.259
34.213	631.594
34.223	631.423
34.233	631.347
34.243	631.737
34.253	632.629
34.263	633.155
34.273	633.874
34.283	632.742
34.293	630.807
34.303	629.287
34.313	641.221
34.323	674.383
34.333	673.620
34.343	674.591
34.353	674.202
34.363	672.604
34.373	672.503
34.383	672.077
34.393	671.760
34.403	671.907
34.413	671.638
34.423	671.586
34.433	671.807
34.443	671.814
34.453	671.673
34.463	670.863
34.473	668.809
34.483	667.559
34.493	664.151
34.503	655.992
34.513	649.012
34.523	0.000
34.533	0.000
34.543	496.389
34.553	496.870
34.563	499.033
34.573	502.709
34.583	503.264
34.593	503.847
34.603	504.209
34.613	503.408
34.623	502.863
34.633	502.305
34.643	501.840
34.653	501.507
34.663	501.274
34.673	500.725
34.683	500.131
34.693	499.690
34.703	499.502
34.713	499.348
34.723	499.229
34.733	499.344
34.743	499.665
34.753	503.732
34.763	518.716
34.773	572.899
34.783	583.489
34.793	594.347
34.803	595.286
34.813	596.802
34.823	597.260
34.833	596.810
34.843	596.751
34.853	596.441
34.863	595.925
34.873	595.761
34.883	595.145
34.893	594.612
34.903	594.544
34.913	594.366
34.923	593.782
34.933	593.137
34.943	592.594
34.953	590.914
34.963	587.255
34.973	584.210
34.983	581.625
34.993	574.174
35.003	546.928
35.013	526.116
35.023	525.881
35.033	525.564
35.043	525.430
35.053	525.276
35.063	525.448
35.073	525.420
35.083	525.396
35.093	525.340
35.103	525.284
35.113	525.065
35.123	525.064
35.133	525.174
35.143	525.125
35.153	524.981
35.163	524.979
35.173	525.012
35.183	525.226
35.193	525.664
35.203	525.944
35.213	527.177
35.223	525.853
35.233	528.486
35.243	0.000
35.253	0.000
35.263	437.324
35.273	439.554
35.283	441.862
35.293	443.788
35.303	444.345
35.313	446.063
35.323	446.627
35.333	447.223
35.343	447.311
35.353	447.852
35.363	448.082
35.373	447.901
35.383	447.963
35.393	447.706
35.403	447.392
35.413	447.326
35.423	447.048
35.433	446.659
35.443	446.201
35.453	445.922
35.463	445.449
35.473	445.365
35.483	445.461
35.493	445.429
35.503	445.530
35.513	445.530
35.523	445.403
35.533	444.912
35.543	444.293
35.553	443.760
35.563	443.719
35.573	443.470
35.583	443.412
35.593	443.377
35.603	443.365
35.613	443.417
35.623	443.352
35.633	443.281
35.643	443.077
35.653	443.101
35.663	443.367
35.673	443.304
35.683	442.898
35.693	441.986
35.703	441.729
35.713	440.474
35.723	455.187
35.733	469.725
35.743	476.295
35.753	0.000
35.763	0.000
35.773	0.000
35.783	0.000
35.793	0.000
35.803	0.000
35.813	0.000
35.823	0.000
35.833	0.000
35.843	0.000
35.853	0.000
35.863	0.000
35.873	0.000
35.883	0.000
35.893	0.000
35.903	0.000
35.913	0.000
35.923	0.000
35.933	0.000
35.943	0.000
35.953	0.000
35.963	0.000
35.973	0.000
35.983	0.000
35.993	267.112
36.003	265.890
36.013	266.702
36.023	267.290
36.033	267.224
36.043	267.217
36.053	266.937
36.063	266.658
36.073	266.395
36.083	266.135
36.093	265.779
36.103	265.639
36.113	265.524
36.123	265.619
36.133	265.774
36.143	266.327
36.153	266.815
36.163	267.188
36.173	267.496
36.183	0.000
36.193	317.127
36.203	323.943
36.213	325.537
36.223	329.138
36.233	331.733
36.243	332.038
36.253	333.670
36.263	334.421
36.273	334.514
36.283	334.407
36.293	334.550
36.303	334.675
36.313	334.955
36.323	335.290
36.333	335.557
36.343	335.943
36.353	336.069
36.363	336.536
36.373	337.645
36.383	339.708
36.393	341.062
36.403	346.508
36.413	0.000
36.423	0.000
36.433	444.566
36.443	446.809
36.453	447.398
36.463	447.563
36.473	447.798
36.483	447.793
36.493	447.657
36.503	447.461
36.513	446.940
36.523	446.722
36.533	446.844
36.543	447.383
36.553	447.985
36.563	448.402
36.573	448.512
36.583	448.260
36.593	449.084
36.603	449.627
36.613	451.418
36.623	452.162
36.633	449.390
36.643	443.634
36.653	0.000
36.663	0.000
36.673	0.000
36.683	501.422
36.693	498.027
36.703	497.369
36.713	497.717
36.723	498.667
36.733	499.505
36.743	499.684
36.753	499.385
36.763	499.052
36.773	498.728
36.783	498.625
36.793	498.504
36.803	498.611
36.813	498.898
36.823	499.018
36.833	499.353
36.843	499.607
36.853	499.860
36.863	499.844
36.873	499.963
36.883	499.929
36.893	499.885
36.903	499.451
36.913	498.968
36.923	498.432
36.933	498.093
36.943	497.646
36.953	497.314
36.963	497.150
36.973	497.125
36.983	497.314
36.993	497.224
37.003	497.128
37.013	496.909
37.023	496.670
37.033	496.583
37.043	496.614
37.053	496.533
37.063	496.422
37.073	496.449
37.083	496.377
37.093	496.118
37.103	495.630
37.113	495.309
37.123	494.730
37.133	494.166
37.143	493.643
37.153	493.648
37.163	494.874
37.173	495.801
37.183	494.475
37.193	495.251
37.203	0.000
37.213	0.000
37.223	0.000
37.233	0.000
37.243	0.000
37.253	0.000
37.263	0.000
37.273	0.000
37.283	0.000
37.293	0.000
37.303	0.000
37.313	0.000
37.323	0.000
37.333	0.000
37.343	0.000
37.353	0.000
37.363	0.000
37.373	349.813
37.383	341.969
37.393	336.016
37.403	336.239
37.413	337.126
37.423	336.858
37.433	337.555
37.443	336.924
37.453	337.028
37.463	337.804
37.473	337.791
37.483	337.766
37.493	337.661
37.503	337.392
37.513	337.282
37.523	337.268
37.533	337.578
37.543	337.770
37.553	338.246
37.563	338.813
37.573	340.970
37.583	0.000
37.593	404.615
37.603	411.987
37.613	413.825
37.623	416.253
37.633	417.371
37.643	418.059
37.653	418.219
37.663	418.712
37.673	419.118
37.683	419.277
37.693	419.270
37.703	419.277
37.713	419.348
37.723	419.521
37.733	419.871
37.743	420.407
37.753	421.262
37.763	421.790
37.773	423.351
37.783	424.855
37.793	425.745
37.803	441.216
37.813	482.877
37.823	495.066
37.833	496.830
37.843	498.776
37.853	500.864
37.863	501.672
37.873	502.345
37.883	502.536
37.893	502.802
37.903	502.922
37.913	503.527
37.923	503.495
37.933	503.581
37.943	503.455
37.953	502.899
37.963	502.547
37.973	502.571
37.983	503.356
37.993	504.179
38.003	499.693
38.013	495.256
38.023	490.612
38.033	494.429
38.043	0.000
38.053	557.297
38.063	546.164
38.073	533.839
38.083	531.484
38.093	529.059
38.103	528.943
38.113	529.764
38.123	529.821
38.133	529.985
38.143	529.630
38.153	529.390
38.163	528.688
38.173	528.461
38.183	528.476
38.193	528.433
38.203	528.245
38.213	528.128
38.223	527.810
38.233	527.662
38.243	527.322
38.253	527.117
38.263	527.016
38.273	526.647
38.283	526.561
38.293	526.374
38.303	526.260
38.313	525.996
38.323	525.822
38.333	525.802
38.343	525.602
38.353	525.397
38.363	525.221
38.373	524.974
38.383	524.927
38.393	524.850
38.403	524.561
38.413	524.503
38.423	524.289
38.433	524.045
38.443	524.011
38.453	524.041
38.463	524.120
38.473	524.342
38.483	524.435
38.493	524.583
38.503	524.605
38.513	525.196
38.523	525.936
38.533	526.399
38.543	528.430
38.553	528.164
38.563	530.128
38.573	528.678
38.583	532.845
38.593	526.346
38.603	0.000
38.613	0.000
38.623	0.000
38.633	0.000
38.643	0.000
38.653	0.000
38.663	0.000
38.673	0.000
38.683	0.000
38.693	0.000
38.703	0.000
38.713	0.000
38.723	0.000
38.733	0.000
38.743	0.000
38.753	0.000
38.763	0.000
38.773	0.000
38.783	0.000
38.793	0.000
38.803	0.000
38.813	0.000
38.823	0.000
38.833	0.000
38.843	0.000
38.853	0.000
38.863	0.000
38.873	0.000
38.883	0.000
38.893	0.000
38.903	0.000
38.913	0.000
38.923	0.000
38.933	0.000
38.943	0.000
38.953	0.000
38.963	0.000
38.973	0.000
38.983	0.000
38.993	0.000
39.003	0.000
39.013	0.000
39.023	0.000
39.033	0.000
39.043	0.000
39.053	0.000
39.063	0.000
39.073	0.000
39.083	0.000
39.093	0.000
39.103	0.000
39.113	0.000
39.123	0.000
39.133	0.000
39.143	0.000
39.153	0.000
39.163	0.000
39.173	0.000
39.183	0.000
39.193	0.000
39.203	0.000
39.213	0.000
39.223	0.000
39.233	0.000
39.243	0.000
39.253	0.000
39.263	0.000
39.273	0.000
39.283	0.000
39.293	0.000
39.303	0.000
39.313	0.000
39.323	0.000
39.333	0.000
39.343	0.000
39.353	0.000
39.363	0.000
39.373	0.000
39.383	0.000
39.393	0.000
39.403	0.000
39.413	0.000
39.423	0.000
39.433	0.000
39.443	0.000
39.453	0.000
39.463	0.000
39.473	0.000
39.483	0.000
39.493	0.000
39.503	0.000
39.513	0.000
39.523	0.000
39.533	0.000
39.543	0.000
39.553	0.000
39.563	0.000
39.573	0.000
39.583	0.000
39.593	0.000
39.603	0.000
39.613	0.000
39.623	0.000
39.633	0.000
39.643	0.000
39.653	0.000
39.663	0.000
39.673	0.000
39.683	0.000
39.693	0.000
39.703	0.000
39.713	0.000
39.723	0.000
39.733	0.000
39.743	0.000
39.753	0.000
39.763	0.000
39.773	0.000
39.783	0.000
39.793	0.000
39.803	0.000
39.813	0.000
39.823	0.000
39.833	0.000
39.843	0.000
39.853	0.000
39.863	0.000
39.873	0.000
39.883	0.000
39.893	0.000
39.903	0.000
39.913	0.000
39.923	0.000
39.933	0.000
39.943	0.000
39.953	0.000
39.963	0.000
39.973	0.000
39.983	0.000
39.993	0.000
40.003	0.000
40.013	0.000
40.023	0.000
40.033	0.000
40.043	0.000
40.053	0.000
40.063	0.000
40.073	0.000
40.083	0.000
40.093	0.000
40.103	0.000
40.113	0.000
40.123	0.000
40.133	0.000
40.143	0.000
40.153	0.000
40.163	0.000
40.173	0.000
40.183	0.000
40.193	0.000
40.203	0.000
40.213	0.000
40.223	0.000
40.233	0.000
40.243	0.000
40.253	0.000
40.263	0.000
40.273	0.000
40.283	0.000
40.293	0.000
40.303	0.000
40.313	0.000
40.323	0.000
40.333	0.000
40.343	0.000
40.353	0.000
40.363	0.000
40.373	0.000
40.383	0.000
40.393	0.000
40.403	0.000
40.413	0.000
40.423	0.000
40.433	0.000
40.443	0.000
40.453	0.000
40.463	0.000
40.473	0.000
40.483	0.000
40.493	0.000
40.503	0.000
40.513	0.000
40.523	0.000
40.533	0.000
40.543	0.000
40.553	0.000
40.563	0.000
40.573	0.000
40.583	0.000
40.593	0.000
40.603	0.000
40.613	0.000
40.623	0.000
40.633	0.000
40.643	0.000
40.653	0.000
40.663	0.000
40.673	0.000
40.683	0.000
40.693	0.000
40.703	0.000
40.713	0.000
40.723	0.000
40.733	0.000
40.743	0.000
40.753	0.000
40.763	0.000
40.773	0.000
40.783	0.000
40.793	0.000
40.803	0.000
40.813	0.000
40.823	0.000
40.833	256.252
40.843	258.261
40.853	259.073
40.863	259.352
40.873	260.402
40.883	260.450
40.893	260.290
40.903	260.442
40.913	260.945
40.923	261.649
40.933	262.054
40.943	262.507
40.953	262.735
40.963	262.634
40.973	262.612
40.983	262.506
40.993	262.459
41.003	262.438
41.013	262.555
41.023	262.676
41.033	262.736
41.043	262.637
41.053	262.435
41.063	262.280
41.073	262.346
41.083	262.302
41.093	262.352
41.103	262.265
41.113	262.198
41.123	262.005
41.133	261.958
41.143	262.092
41.153	262.288
41.163	262.610
41.173	262.831
41.183	262.787
41.193	262.684
41.203	262.633
41.213	262.670
41.223	262.660
41.233	262.993
41.243	263.462
41.253	263.647
41.263	264.192
41.273	264.617
41.283	265.067
41.293	265.306
41.303	265.550
41.313	265.592
41.323	265.348
41.333	265.176
41.343	264.912
41.353	264.800
41.363	264.664
41.373	264.722
41.383	264.905
41.393	265.034
41.403	265.122
41.413	265.217
41.423	265.189
41.433	265.197
41.443	265.143
41.453	264.934
41.463	264.677
41.473	264.661
41.483	264.715
41.493	264.883
41.503	265.012
41.513	265.124
41.523	265.228
41.533	265.228
41.543	265.150
41.553	265.058
41.563	264.983
41.573	264.769
41.583	264.764
41.593	264.600
41.603	264.678
41.613	264.711
41.623	264.810
41.633	264.928
41.643	264.972
41.653	264.931
41.663	264.908
41.673	264.641
41.683	264.281
41.693	264.222
41.703	263.983
41.713	263.847
41.723	263.778
41.733	263.761
41.743	263.847
41.753	264.120
41.763	264.337
41.773	264.707
41.783	264.935
41.793	265.049
41.803	265.152
41.813	265.175
41.823	265.217
41.833	265.177
41.843	265.325
41.853	265.481
41.863	265.681
41.873	265.817
41.883	266.104
41.893	266.419
41.903	266.605
41.913	266.539
41.923	266.536
41.933	266.890
41.943	267.796
41.953	271.104
41.963	272.840
41.973	0.000
41.983	0.000
41.993	0.000
42.003	0.000
42.013	0.000
42.023	0.000
42.033	0.000
42.043	0.000
42.053	0.000
42.063	0.000
42.073	0.000
42.083	0.000
42.093	0.000
42.103	0.000
42.113	0.000
42.123	0.000
42.133	0.000
42.143	0.000
42.153	0.000
42.163	0.000
42.173	0.000
42.183	0.000
42.193	202.504
42.203	203.639
42.213	205.704
42.223	207.651
42.233	207.768
42.243	208.197
42.253	208.384
42.263	208.408
42.273	208.319
42.283	208.416
42.293	208.697
42.303	208.950
42.313	209.136
42.323	209.331
42.333	209.557
42.343	209.550
42.353	209.495
42.363	209.333
42.373	209.262
42.383	209.266
42.393	209.128
42.403	209.091
42.413	209.055
42.423	209.002
42.433	208.941
42.443	208.936
42.453	208.760
42.463	208.741
42.473	208.737
42.483	208.662
42.493	208.492
42.503	208.398
42.513	208.336
42.523	208.276
42.533	208.259
42.543	208.223
42.553	208.219
42.563	208.183
42.573	208.259
42.583	208.352
42.593	208.354
42.603	208.369
42.613	208.286
42.623	208.296
42.633	208.169
42.643	208.068
42.653	207.999
42.663	208.009
42.673	207.915
42.683	207.905
42.693	207.912
42.703	207.955
42.713	208.036
42.723	207.980
42.733	207.907
42.743	207.887
42.753	207.856
42.763	207.821
42.773	207.764
42.783	207.702
42.793	207.743
42.803	207.746
42.813	207.738
42.823	207.715
42.833	207.690
42.843	207.703
42.853	207.800
42.863	207.908
42.873	208.036
42.883	208.100
42.893	208.329
42.903	208.453
42.913	208.543
42.923	208.714
42.933	208.820
42.943	208.841
42.953	208.827
42.963	208.782
42.973	208.617
42.983	208.601
42.993	208.532
43.003	208.673
43.013	208.809
43.023	208.947
43.033	208.967
43.043	208.877
43.053	208.773
43.063	208.704
43.073	208.516
43.083	208.438
43.093	208.389
43.103	208.415
43.113	208.559
43.123	208.541
43.133	208.455
43.143	208.290
43.153	208.237
43.163	208.062
43.173	207.941
43.183	207.778
43.193	207.707
43.203	207.707
43.213	207.706
43.223	207.783
43.233	207.838
43.243	207.860
43.253	207.969
43.263	207.929
43.273	207.909
43.283	207.907
43.293	207.862
43.303	207.697
43.313	207.651
43.323	207.577
43.333	207.606
43.343	207.741
43.353	207.763
43.363	207.917
43.373	208.218
43.383	208.268
43.393	208.376
43.403	208.311
43.413	208.400
43.423	208.426
43.433	208.624
43.443	208.921
43.453	208.911
43.463	208.962
43.473	208.798
43.483	208.507
43.493	208.349
43.503	208.071
43.513	208.025
43.523	208.415
43.533	208.700
43.543	209.131
43.553	209.219
43.563	209.166
43.573	208.801
43.583	209.381
43.593	0.000
43.603	0.000
43.613	0.000
43.623	0.000
43.633	0.000
43.643	0.000
43.653	0.000
43.663	0.000
43.673	0.000
43.683	0.000
43.693	0.000
43.703	0.000
43.713	0.000
43.723	0.000
43.733	0.000
43.743	0.000
43.753	0.000
43.763	0.000
43.773	0.000
43.783	0.000
43.793	0.000
43.803	0.000
43.813	0.000
43.823	0.000
43.833	0.000
43.843	0.000
43.853	0.000
43.863	0.000
43.873	0.000
43.883	0.000
43.893	0.000
43.903	0.000
43.913	0.000
43.923	0.000
43.933	211.926
43.943	212.232
43.953	213.501
43.963	213.990
43.973	214.492
43.983	214.473
43.993	214.621
44.003	215.266
44.013	215.968
44.023	216.882
44.033	217.068
44.043	217.480
44.053	217.956
44.063	218.613
44.073	218.969
44.083	219.413
44.093	219.390
44.103	219.350
44.113	219.408
44.123	219.520
44.133	219.704
44.143	219.896
44.153	220.188
44.163	220.769
44.173	221.082
44.183	221.432
44.193	221.631
44.203	221.926
44.213	222.074
44.223	222.286
44.233	222.461
44.243	222.464
44.253	222.439
44.263	222.197
44.273	221.968
44.283	221.813
44.293	221.820
44.303	221.861
44.313	221.963
44.323	222.004
44.333	222.045
44.343	221.852
44.353	221.790
44.363	221.646
44.373	221.500
44.383	221.441
44.393	221.470
44.403	221.497
44.413	221.497
44.423	221.538
44.433	221.537
44.443	221.571
44.453	221.642
44.463	221.669
44.473	221.729
44.483	221.718
44.493	221.658
44.503	221.609
44.513	221.469
44.523	221.441
44.533	221.499
44.543	221.600
44.553	221.602
44.563	221.609
44.573	221.594
44.583	221.537
44.593	221.567
44.603	221.602
44.613	221.583
44.623	221.588
44.633	221.582
44.643	221.563
44.653	221.553
44.663	221.380
44.673	221.238
44.683	221.202
44.693	221.136
44.703	220.983
44.713	220.808
44.723	220.721
44.733	220.605
44.743	220.478
44.753	220.444
44.763	220.426
44.773	220.364
44.783	220.292
44.793	220.235
44.803	220.231
44.813	220.205
44.823	220.248
44.833	220.415
44.843	220.595
44.853	220.733
44.863	220.755
44.873	220.842
44.883	220.849
44.893	220.809
44.903	220.863
44.913	220.853
44.923	220.762
44.933	220.715
44.943	220.724
44.953	220.856
44.963	220.842
44.973	220.797
44.983	220.718
44.993	220.581
45.003	220.540
45.013	220.405
45.023	220.487
45.033	220.571
45.043	220.636
45.053	220.700
45.063	220.668
45.073	220.535
45.083	220.487
45.093	220.132
45.103	219.652
45.113	219.439
45.123	219.171
45.133	218.963
45.143	219.002
45.153	219.038
45.163	219.137
45.173	219.384
45.183	219.532
45.193	219.828
45.203	220.011
45.213	220.143
45.223	220.193
45.233	220.425
45.243	220.723
45.253	221.118
45.263	221.266
45.273	221.549
45.283	221.779
45.293	221.884
45.303	221.963
45.313	221.920
45.323	221.953
45.333	221.970
45.343	222.048
45.353	222.091
45.363	222.125
45.373	222.028
45.383	221.970
45.393	221.938
45.403	221.848
45.413	221.704
45.423	221.539
45.433	221.485
45.443	221.527
45.453	221.693
45.463	221.779
45.473	221.830
45.483	221.862
45.493	221.753
45.503	221.562
45.513	221.429
45.523	221.291
45.533	221.203
45.543	221.130
45.553	221.193
45.563	221.180
45.573	221.215
45.583	221.282
45.593	221.315
45.603	221.298
45.613	221.319
45.623	221.271
45.633	221.244
45.643	221.241
45.653	221.289
45.663	221.420
45.673	221.419
45.683	221.245
45.693	221.176
45.703	221.080
45.713	220.994
45.723	221.090
45.733	221.153
45.743	221.249
45.753	221.330
45.763	221.344
45.773	221.323
45.783	221.366
45.793	221.449
45.803	221.493
45.813	221.570
45.823	221.553
45.833	221.602
45.843	221.760
45.853	221.900
45.863	222.036
45.873	222.046
45.883	222.022
45.893	221.860
45.903	221.620
45.913	221.490
45.923	221.279
45.933	221.126
45.943	221.114
45.953	221.092
45.963	220.890
45.973	220.753
45.983	220.719
45.993	220.785
46.003	221.195
46.013	221.227
46.023	0.000
46.033	0.000
46.043	0.000
46.053	0.000
46.063	0.000
46.073	0.000
46.083	0.000
46.093	0.000
46.103	0.000
46.113	0.000
46.123	0.000
46.133	0.000
46.143	0.000
46.153	0.000
46.163	0.000
46.173	0.000
46.183	0.000
46.193	0.000
46.203	0.000
46.213	0.000
46.223	0.000
46.233	0.000
46.243	0.000
46.253	0.000
46.263	0.000
46.273	0.000
46.283	0.000
46.293	0.000
46.303	0.000
46.313	0.000
46.323	0.000
46.333	0.000
46.343	0.000
46.353	0.000
46.363	0.000
46.373	0.000
46.383	0.000
46.393	0.000
46.403	0.000
46.413	0.000
46.423	0.000
46.433	0.000
46.443	0.000
46.453	0.000
46.463	0.000
46.473	0.000
46.483	0.000
46.493	0.000
46.503	0.000
46.513	0.000
46.523	0.000
46.533	0.000
46.543	0.000
46.553	0.000
46.563	0.000
46.573	0.000
46.583	0.000
46.593	0.000
46.603	0.000
46.613	0.000
46.623	0.000
46.633	0.000
46.643	0.000
46.653	0.000
46.663	0.000
46.673	0.000
46.683	0.000
46.693	0.000
46.703	0.000
46.713	0.000
46.723	0.000
46.733	0.000
46.743	0.000
46.753	0.000
46.763	0.000
46.773	0.000
46.783	0.000
46.793	0.000
46.803	0.000
46.813	0.000
46.823	0.000
46.833	0.000
46.843	0.000
46.853	0.000
46.863	0.000
46.873	0.000
46.883	0.000
46.893	0.000
46.903	0.000
46.913	0.000
46.923	0.000
46.933	0.000
46.943	0.000
46.953	0.000
46.963	0.000
46.973	0.000
46.983	0.000
46.993	0.000
47.003	0.000
47.013	0.000
47.023	0.000
47.033	0.000
47.043	0.000
47.053	0.000
47.063	0.000
47.073	0.000
47.083	0.000
47.093	0.000
47.103	0.000
47.113	0.000
47.123	0.000
47.133	0.000
47.143	0.000
47.153	0.000
47.163	0.000
47.173	0.000
47.183	0.000
47.193	0.000
47.203	0.000
47.213	0.000
47.223	0.000
47.233	0.000
47.243	0.000
47.253	0.000
47.263	0.000
47.273	0.000
47.283	0.000
47.293	0.000
47.303	0.000
47.313	0.000
47.323	0.000
47.333	0.000
47.343	0.000
47.353	0.000
47.363	0.000
47.373	0.000
47.383	0.000
47.393	0.000
47.403	0.000
47.413	0.000
47.423	0.000
47.433	0.000
47.443	0.000
47.453	0.000
47.463	0.000
47.473	0.000
47.483	0.000
47.493	0.000
47.503	0.000
47.513	0.000
47.523	0.000
47.533	0.000
47.543	0.000
47.553	0.000
47.563	0.000
47.573	0.000
47.583	0.000
47.593	0.000
47.603	0.000
47.613	0.000
47.623	0.000
47.633	0.000
47.643	0.000
47.653	0.000
47.663	0.000
47.673	0.000
47.683	0.000
47.693	0.000
47.703	0.000
