0.023	0.000
0.033	0.000
0.043	0.000
0.053	0.000
0.063	0.000
0.073	0.000
0.083	0.000
0.093	0.000
0.103	0.000
0.113	0.000
0.123	0.000
0.133	0.000
0.143	0.000
0.153	0.000
0.163	0.000
0.173	0.000
0.183	0.000
0.193	0.000
0.203	0.000
0.213	0.000
0.223	0.000
0.233	0.000
0.243	0.000
0.253	0.000
0.263	0.000
0.273	0.000
0.283	0.000
0.293	0.000
0.303	0.000
0.313	0.000
0.323	0.000
0.333	0.000
0.343	0.000
0.353	0.000
0.363	0.000
0.373	0.000
0.383	0.000
0.393	0.000
0.403	0.000
0.413	0.000
0.423	0.000
0.433	0.000
0.443	0.000
0.453	0.000
0.463	0.000
0.473	0.000
0.483	0.000
0.493	0.000
0.503	0.000
0.513	0.000
0.523	0.000
0.533	0.000
0.543	0.000
0.553	0.000
0.563	0.000
0.573	0.000
0.583	0.000
0.593	0.000
0.603	0.000
0.613	0.000
0.623	0.000
0.633	0.000
0.643	0.000
0.653	0.000
0.663	0.000
0.673	0.000
0.683	0.000
0.693	0.000
0.703	0.000
0.713	0.000
0.723	0.000
0.733	0.000
0.743	0.000
0.753	0.000
0.763	0.000
0.773	0.000
0.783	0.000
0.793	0.000
0.803	0.000
0.813	0.000
0.823	0.000
0.833	0.000
0.843	0.000
0.853	0.000
0.863	0.000
0.873	0.000
0.883	0.000
0.893	0.000
0.903	0.000
0.913	0.000
0.923	0.000
0.933	0.000
0.943	0.000
0.953	0.000
0.963	0.000
0.973	0.000
0.983	0.000
0.993	0.000
1.003	0.000
1.013	0.000
1.023	0.000
1.033	0.000
1.043	0.000
1.053	0.000
1.063	0.000
1.073	0.000
1.083	0.000
1.093	0.000
1.103	0.000
1.113	0.000
1.123	0.000
1.133	0.000
1.143	0.000
1.153	0.000
1.163	0.000
1.173	0.000
1.183	0.000
1.193	0.000
1.203	0.000
1.213	0.000
1.223	0.000
1.233	0.000
1.243	0.000
1.253	0.000
1.263	0.000
1.273	0.000
1.283	0.000
1.293	0.000
1.303	0.000
1.313	0.000
1.323	0.000
1.333	0.000
1.343	0.000
1.353	0.000
1.363	0.000
1.373	0.000
1.383	0.000
1.393	0.000
1.403	0.000
1.413	0.000
1.423	0.000
1.433	0.000
1.443	0.000
1.453	0.000
1.463	0.000
1.473	0.000
1.483	0.000
1.493	0.000
1.503	0.000
1.513	0.000
1.523	0.000
1.533	0.000
1.543	0.000
1.553	0.000
1.563	0.000
1.573	0.000
1.583	0.000
1.593	0.000
1.603	0.000
1.613	0.000
1.623	0.000
1.633	0.000
1.643	0.000
1.653	0.000
1.663	0.000
1.673	0.000
1.683	0.000
1.693	0.000
1.703	0.000
1.713	0.000
1.723	0.000
1.733	0.000
1.743	0.000
1.753	0.000
1.763	0.000
1.773	0.000
1.783	0.000
1.793	0.000
1.803	0.000
1.813	0.000
1.823	0.000
1.833	0.000
1.843	0.000
1.853	0.000
1.863	0.000
1.873	0.000
1.883	0.000
1.893	0.000
1.903	0.000
1.913	0.000
1.923	0.000
1.933	0.000
1.943	0.000
1.953	0.000
1.963	0.000
1.973	0.000
1.983	0.000
1.993	0.000
2.003	0.000
2.013	0.000
2.023	0.000
2.033	0.000
2.043	0.000
2.053	0.000
2.063	0.000
2.073	0.000
2.083	0.000
2.093	0.000
2.103	0.000
2.113	0.000
2.123	0.000
2.133	0.000
2.143	0.000
2.153	0.000
2.163	0.000
2.173	0.000
2.183	0.000
2.193	0.000
2.203	0.000
2.213	0.000
2.223	0.000
2.233	0.000
2.243	0.000
2.253	0.000
2.263	0.000
2.273	0.000
2.283	0.000
2.293	0.000
2.303	0.000
2.313	0.000
2.323	0.000
2.333	0.000
2.343	0.000
2.353	0.000
2.363	0.000
2.373	0.000
2.383	0.000
2.393	0.000
2.403	0.000
2.413	0.000
2.423	0.000
2.433	0.000
2.443	0.000
2.453	0.000
2.463	0.000
2.473	0.000
2.483	0.000
2.493	0.000
2.503	0.000
2.513	0.000
2.523	0.000
2.533	0.000
2.543	0.000
2.553	0.000
2.563	0.000
2.573	0.000
2.583	0.000
2.593	0.000
2.603	0.000
2.613	0.000
2.623	0.000
2.633	0.000
2.643	0.000
2.653	0.000
2.663	0.000
2.673	0.000
2.683	0.000
2.693	0.000
2.703	0.000
2.713	0.000
2.723	0.000
2.733	0.000
2.743	0.000
2.753	0.000
2.763	0.000
2.773	0.000
2.783	0.000
2.793	0.000
2.803	0.000
2.813	0.000
2.823	0.000
2.833	0.000
2.843	0.000
2.853	0.000
2.863	0.000
2.873	0.000
2.883	0.000
2.893	0.000
2.903	0.000
2.913	0.000
2.923	0.000
2.933	0.000
2.943	0.000
2.953	0.000
2.963	0.000
2.973	0.000
2.983	0.000
2.993	0.000
3.003	0.000
3.013	0.000
3.023	0.000
3.033	0.000
3.043	0.000
3.053	0.000
3.063	0.000
3.073	0.000
3.083	0.000
3.093	0.000
3.103	0.000
3.113	0.000
3.123	0.000
3.133	0.000
3.143	0.000
3.153	0.000
3.163	0.000
3.173	0.000
3.183	0.000
3.193	0.000
3.203	0.000
3.213	0.000
3.223	0.000
3.233	0.000
3.243	0.000
3.253	0.000
3.263	0.000
3.273	0.000
3.283	0.000
3.293	0.000
3.303	0.000
3.313	0.000
3.323	0.000
3.333	0.000
3.343	0.000
3.353	0.000
3.363	0.000
3.373	0.000
3.383	0.000
3.393	0.000
3.403	0.000
3.413	0.000
3.423	0.000
3.433	0.000
3.443	0.000
3.453	0.000
3.463	0.000
3.473	0.000
3.483	0.000
3.493	0.000
3.503	0.000
3.513	0.000
3.523	0.000
3.533	0.000
3.543	0.000
3.553	0.000
3.563	0.000
3.573	0.000
3.583	0.000
3.593	0.000
3.603	0.000
3.613	0.000
3.623	0.000
3.633	0.000
3.643	0.000
3.653	0.000
3.663	0.000
3.673	0.000
3.683	0.000
3.693	0.000
3.703	0.000
3.713	0.000
3.723	0.000
3.733	0.000
3.743	0.000
3.753	0.000
3.763	0.000
3.773	0.000
3.783	0.000
3.793	0.000
3.803	0.000
3.813	0.000
3.823	0.000
3.833	0.000
3.843	0.000
3.853	0.000
3.863	0.000
3.873	0.000
3.883	0.000
3.893	0.000
3.903	0.000
3.913	0.000
3.923	0.000
3.933	0.000
3.943	0.000
3.953	0.000
3.963	0.000
3.973	0.000
3.983	0.000
3.993	0.000
4.003	0.000
4.013	0.000
4.023	0.000
4.033	0.000
4.043	0.000
4.053	0.000
4.063	0.000
4.073	0.000
4.083	0.000
4.093	0.000
4.103	0.000
4.113	0.000
4.123	0.000
4.133	0.000
4.143	0.000
4.153	0.000
4.163	0.000
4.173	0.000
4.183	0.000
4.193	0.000
4.203	0.000
4.213	0.000
4.223	0.000
4.233	0.000
4.243	0.000
4.253	0.000
4.263	0.000
4.273	0.000
4.283	0.000
4.293	0.000
4.303	0.000
4.313	0.000
4.323	0.000
4.333	0.000
4.343	0.000
4.353	0.000
4.363	0.000
4.373	0.000
4.383	271.939
4.393	268.614
4.403	267.167
4.413	266.758
4.423	267.120
4.433	267.954
4.443	268.444
4.453	269.448
4.463	269.458
4.473	269.679
4.483	269.757
4.493	269.770
4.503	269.627
4.513	269.570
4.523	269.141
4.533	268.570
4.543	268.088
4.553	267.989
4.563	266.950
4.573	265.928
4.583	265.662
4.593	265.361
4.603	264.893
4.613	264.360
4.623	264.215
4.633	264.189
4.643	264.438
4.653	264.698
4.663	264.794
4.673	265.073
4.683	265.215
4.693	265.325
4.703	265.476
4.713	265.528
4.723	265.487
4.733	265.509
4.743	265.745
4.753	265.993
4.763	266.154
4.773	266.149
4.783	265.743
4.793	265.370
4.803	265.258
4.813	265.118
4.823	265.129
4.833	265.263
4.843	265.322
4.853	265.264
4.863	265.134
4.873	265.055
4.883	264.947
4.893	264.712
4.903	264.606
4.913	264.671
4.923	264.871
4.933	264.947
4.943	265.013
4.953	265.052
4.963	265.163
4.973	265.273
4.983	265.314
4.993	265.306
5.003	265.209
5.013	265.190
5.023	265.138
5.033	265.378
5.043	265.765
5.053	265.938
5.063	266.347
5.073	266.697
5.083	266.943
5.093	266.924
5.103	266.687
5.113	266.123
5.123	265.744
5.133	265.584
5.143	265.183
5.153	264.833
5.163	264.682
5.173	264.500
5.183	264.510
5.193	264.629
5.203	264.688
5.213	264.835
5.223	264.939
5.233	265.009
5.243	265.160
5.253	265.402
5.263	265.668
5.273	265.797
5.283	266.153
5.293	266.294
5.303	266.049
5.313	265.895
5.323	265.638
5.333	265.300
5.343	265.088
5.353	264.798
5.363	264.631
5.373	264.514
5.383	264.427
5.393	264.303
5.403	264.293
5.413	264.337
5.423	264.549
5.433	264.672
5.443	264.620
5.453	264.582
5.463	264.652
5.473	264.880
5.483	265.095
5.493	265.164
5.503	265.269
5.513	265.345
5.523	265.372
5.533	265.415
5.543	265.465
5.553	265.412
5.563	265.372
5.573	265.256
5.583	265.168
5.593	265.192
5.603	265.199
5.613	265.116
5.623	264.939
5.633	264.854
5.643	264.686
5.653	264.585
5.663	264.714
5.673	264.806
5.683	264.977
5.693	265.181
5.703	265.331
5.713	265.628
5.723	266.189
5.733	267.157
5.743	267.666
5.753	267.350
5.763	266.301
5.773	265.433
5.783	262.627
5.793	258.221
5.803	253.538
5.813	0.000
5.823	0.000
5.833	215.463
5.843	212.770
5.853	211.639
5.863	210.203
5.873	208.956
5.883	208.627
5.893	208.367
5.903	208.557
5.913	208.883
5.923	208.969
5.933	208.985
5.943	209.059
5.953	209.080
5.963	209.366
5.973	209.773
5.983	210.188
5.993	210.363
6.003	210.660
6.013	210.855
6.023	210.949
6.033	210.916
6.043	210.717
6.053	210.477
6.063	210.335
6.073	209.861
6.083	209.441
6.093	209.195
6.103	209.106
6.113	209.032
6.123	208.938
6.133	208.748
6.143	208.586
6.153	208.271
6.163	208.098
6.173	208.088
6.183	208.236
6.193	208.373
6.203	208.560
6.213	208.746
6.223	209.352
6.233	209.995
6.243	210.152
6.253	210.195
6.263	209.958
6.273	209.628
6.283	209.507
6.293	209.341
6.303	209.092
6.313	208.640
6.323	208.457
6.333	208.107
6.343	208.081
6.353	208.134
6.363	208.239
6.373	208.385
6.383	208.437
6.393	208.447
6.403	208.405
6.413	208.459
6.423	208.553
6.433	208.829
6.443	208.913
6.453	208.867
6.463	208.870
6.473	208.857
6.483	208.982
6.493	209.263
6.503	209.422
6.513	209.770
6.523	209.871
6.533	209.889
6.543	209.961
6.553	209.937
6.563	209.487
6.573	209.227
6.583	208.575
6.593	208.052
6.603	207.797
6.613	207.361
6.623	207.145
6.633	207.054
6.643	207.115
6.653	207.321
6.663	207.747
6.673	208.328
6.683	208.622
6.693	209.173
6.703	209.734
6.713	209.992
6.723	210.425
6.733	210.681
6.743	211.018
6.753	211.162
6.763	211.421
6.773	211.487
6.783	211.450
6.793	211.224
6.803	210.782
6.813	210.405
6.823	210.222
6.833	209.739
6.843	209.386
6.853	209.088
6.863	208.970
6.873	208.751
6.883	208.827
6.893	208.912
6.903	209.183
6.913	209.677
6.923	210.104
6.933	210.286
6.943	210.588
6.953	210.792
6.963	210.822
6.973	210.825
6.983	210.575
6.993	210.382
7.003	210.315
7.013	209.938
7.023	209.621
7.033	209.605
7.043	209.693
7.053	209.935
7.063	209.928
7.073	209.872
7.083	209.748
7.093	209.701
7.103	209.731
7.113	209.749
7.123	209.845
7.133	210.038
7.143	210.120
7.153	210.329
7.163	210.397
7.173	210.463
7.183	210.534
7.193	210.643
7.203	210.270
7.213	209.893
7.223	209.989
7.233	211.396
7.243	222.270
7.253	223.413
7.263	223.024
7.273	222.282
7.283	222.107
7.293	222.120
7.303	222.548
7.313	222.956
7.323	223.160
7.333	223.200
7.343	223.090
7.353	222.745
7.363	222.653
7.373	222.430
7.383	222.378
7.393	222.499
7.403	222.468
7.413	222.383
7.423	222.104
7.433	221.917
7.443	221.584
7.453	221.473
7.463	221.431
7.473	221.417
7.483	221.327
7.493	221.279
7.503	221.263
7.513	221.271
7.523	221.375
7.533	221.657
7.543	221.841
7.553	222.184
7.563	222.259
7.573	222.114
7.583	221.996
7.593	221.543
7.603	221.158
7.613	220.961
7.623	221.589
7.633	222.580
7.643	0.000
7.653	0.000
7.663	0.000
7.673	0.000
7.683	0.000
7.693	0.000
7.703	0.000
7.713	0.000
7.723	0.000
7.733	0.000
7.743	0.000
7.753	0.000
7.763	0.000
7.773	0.000
7.783	0.000
7.793	0.000
7.803	0.000
7.813	0.000
7.823	0.000
7.833	0.000
7.843	0.000
7.853	0.000
7.863	0.000
7.873	0.000
7.883	0.000
7.893	0.000
7.903	0.000
7.913	0.000
7.923	0.000
7.933	0.000
7.943	0.000
7.953	0.000
7.963	0.000
7.973	0.000
7.983	0.000
7.993	0.000
8.003	357.751
8.013	347.753
8.023	341.033
8.033	336.771
8.043	335.533
8.053	335.963
8.063	336.380
8.073	336.597
8.083	336.776
8.093	337.110
8.103	337.754
8.113	338.639
8.123	338.698
8.133	337.648
8.143	335.825
8.153	335.023
8.163	333.705
8.173	0.000
8.183	0.000
8.193	0.000
8.203	0.000
8.213	0.000
8.223	0.000
8.233	0.000
8.243	0.000
8.253	0.000
8.263	694.591
8.273	679.442
8.283	673.690
8.293	671.892
8.303	671.604
8.313	671.197
8.323	671.295
8.333	671.569
8.343	671.494
8.353	671.013
8.363	670.303
8.373	669.942
8.383	669.535
8.393	668.468
8.403	668.059
8.413	668.128
8.423	668.233
8.433	669.191
8.443	669.360
8.453	668.797
8.463	667.637
8.473	665.017
8.483	656.599
8.493	632.784
8.503	633.933
8.513	635.860
8.523	637.587
8.533	638.548
8.543	638.447
8.553	638.262
8.563	638.018
8.573	637.506
8.583	637.112
8.593	636.888
8.603	636.518
8.613	636.584
8.623	636.798
8.633	636.789
8.643	636.996
8.653	637.250
8.663	637.638
8.673	638.206
8.683	638.473
8.693	637.319
8.703	635.921
8.713	632.353
8.723	632.677
8.733	644.864
8.743	669.639
8.753	671.247
8.763	671.206
8.773	671.251
8.783	671.335
8.793	671.325
8.803	671.311
8.813	671.413
8.823	671.115
8.833	670.744
8.843	670.691
8.853	670.654
8.863	670.967
8.873	670.909
8.883	670.956
8.893	670.404
8.903	669.610
8.913	669.073
8.923	668.762
8.933	668.025
8.943	667.451
8.953	668.383
8.963	665.161
8.973	633.638
8.983	631.914
8.993	634.525
9.003	637.175
9.013	637.926
9.023	637.801
9.033	637.894
9.043	637.694
9.053	637.453
9.063	637.068
9.073	636.944
9.083	637.019
9.093	637.040
9.103	637.243
9.113	637.608
9.123	638.199
9.133	638.354
9.143	638.802
9.153	638.353
9.163	637.807
9.173	635.039
9.183	632.420
9.193	650.614
9.203	666.490
9.213	670.732
9.223	670.913
9.233	670.977
9.243	670.945
9.253	671.011
9.263	670.732
9.273	670.783
9.283	670.816
9.293	671.156
9.303	670.918
9.313	670.500
9.323	669.649
9.333	668.622
9.343	669.607
9.353	672.799
9.363	678.525
9.373	681.848
9.383	680.899
9.393	0.000
9.403	542.920
9.413	509.433
9.423	507.318
9.433	500.403
9.443	498.833
9.453	498.064
9.463	496.648
9.473	495.325
9.483	494.439
9.493	494.503
9.503	495.092
9.513	495.973
9.523	496.612
9.533	497.830
9.543	498.982
9.553	499.723
9.563	499.843
9.573	500.285
9.583	501.241
9.593	502.380
9.603	502.764
9.613	503.716
9.623	504.913
9.633	506.793
9.643	0.000
9.653	576.946
9.663	584.551
9.673	586.579
9.683	588.927
9.693	590.805
9.703	591.838
9.713	593.368
9.723	593.805
9.733	593.826
9.743	593.971
9.753	593.758
9.763	593.690
9.773	593.164
9.783	592.979
9.793	592.755
9.803	592.307
9.813	592.084
9.823	591.071
9.833	589.241
9.843	586.749
9.853	585.563
9.863	583.943
9.873	577.844
9.883	547.195
9.893	533.903
9.903	530.443
9.913	530.705
9.923	530.860
9.933	530.532
9.943	529.865
9.953	529.034
9.963	528.616
9.973	527.992
9.983	527.771
9.993	527.685
10.003	527.731
10.013	527.820
10.023	527.912
10.033	527.703
10.043	527.247
10.053	526.755
10.063	526.252
10.073	525.882
10.083	524.383
10.093	522.955
10.103	521.794
10.113	0.000
10.123	456.024
10.133	450.208
10.143	446.403
10.153	446.974
10.163	447.690
10.173	447.720
10.183	448.101
10.193	447.916
10.203	447.523
10.213	447.393
10.223	447.178
10.233	446.809
10.243	446.574
10.253	446.487
10.263	446.043
10.273	445.695
10.283	445.592
10.293	445.648
10.303	445.702
10.313	445.658
10.323	445.649
10.333	445.399
10.343	444.978
10.353	444.781
10.363	444.595
10.373	444.272
10.383	443.987
10.393	443.914
10.403	444.323
10.413	444.984
10.423	445.821
10.433	446.137
10.443	446.485
10.453	446.550
10.463	446.371
10.473	445.935
10.483	445.681
10.493	445.401
10.503	445.334
10.513	445.267
10.523	446.827
10.533	447.483
10.543	449.126
10.553	448.226
10.563	0.000
10.573	0.000
10.583	0.000
10.593	0.000
10.603	0.000
10.613	0.000
10.623	0.000
10.633	0.000
10.643	0.000
10.653	0.000
10.663	0.000
10.673	0.000
10.683	0.000
10.693	0.000
10.703	0.000
10.713	0.000
10.723	0.000
10.733	0.000
10.743	0.000
10.753	0.000
10.763	0.000
10.773	0.000
10.783	0.000
10.793	0.000
10.803	0.000
10.813	0.000
10.823	0.000
10.833	0.000
10.843	268.197
10.853	266.196
10.863	266.285
10.873	266.844
10.883	267.459
10.893	267.720
10.903	268.243
10.913	268.852
10.923	269.530
10.933	269.403
10.943	268.654
10.953	268.147
10.963	268.158
10.973	268.320
10.983	268.485
10.993	268.546
11.003	268.475
11.013	268.261
11.023	274.892
11.033	280.469
11.043	282.314
11.053	305.495
11.063	313.585
11.073	315.524
11.083	318.687
11.093	321.806
11.103	325.517
11.113	326.684
11.123	328.398
11.133	329.732
11.143	330.884
11.153	331.247
11.163	332.243
11.173	333.506
11.183	334.232
11.193	336.107
11.203	338.085
11.213	340.585
11.223	342.198
11.233	346.793
11.243	353.927
11.253	0.000
11.263	0.000
11.273	447.308
11.283	444.567
11.293	445.691
11.303	445.219
11.313	445.073
11.323	445.116
11.333	445.100
11.343	444.585
11.353	443.987
11.363	443.722
11.373	442.954
11.383	442.571
11.393	442.550
11.403	442.762
11.413	443.680
11.423	444.804
11.433	445.756
11.443	446.310
11.453	446.208
11.463	444.132
11.473	445.178
11.483	444.435
11.493	466.971
11.503	500.222
11.513	499.643
11.523	501.042
11.533	501.692
11.543	501.525
11.553	501.530
11.563	500.651
11.573	499.860
11.583	499.684
11.593	499.518
11.603	499.624
11.613	499.793
11.623	499.795
11.633	499.629
11.643	499.432
11.653	499.430
11.663	499.343
11.673	499.088
11.683	498.450
11.693	498.037
11.703	497.421
11.713	496.978
11.723	496.777
11.733	496.973
11.743	497.174
11.753	497.336
11.763	497.346
11.773	497.337
11.783	497.492
11.793	498.086
11.803	498.389
11.813	499.252
11.823	500.267
11.833	500.546
11.843	500.920
11.853	500.585
11.863	499.827
11.873	499.361
11.883	499.102
11.893	498.871
11.903	498.895
11.913	499.130
11.923	499.107
11.933	501.070
11.943	0.000
11.953	0.000
11.963	0.000
11.973	0.000
11.983	0.000
11.993	0.000
12.003	0.000
12.013	0.000
12.023	0.000
12.033	0.000
12.043	0.000
12.053	0.000
12.063	0.000
12.073	0.000
12.083	0.000
12.093	0.000
12.103	0.000
12.113	0.000
12.123	0.000
12.133	0.000
12.143	0.000
12.153	0.000
12.163	0.000
12.173	0.000
12.183	0.000
12.193	0.000
12.203	0.000
12.213	0.000
12.223	0.000
12.233	0.000
12.243	0.000
12.253	0.000
12.263	0.000
12.273	333.332
12.283	332.076
12.293	331.530
12.303	331.835
12.313	332.332
12.323	333.118
12.333	333.933
12.343	334.229
12.353	334.642
12.363	334.756
12.373	335.032
12.383	335.606
12.393	336.767
12.403	338.196
12.413	339.182
12.423	341.542
12.433	343.899
12.443	0.000
12.453	0.000
12.463	0.000
12.473	519.931
12.483	521.290
12.493	521.464
12.503	523.939
12.513	527.278
12.523	527.748
12.533	528.523
12.543	528.812
12.553	528.711
12.563	528.107
12.573	527.333
12.583	526.419
12.593	525.939
12.603	525.027
12.613	524.868
12.623	524.691
12.633	524.622
12.643	524.274
12.653	523.764
12.663	523.484
12.673	523.007
12.683	522.378
12.693	522.027
12.703	520.540
12.713	508.235
12.723	499.946
12.733	500.578
12.743	500.140
12.753	500.629
12.763	500.617
12.773	500.351
12.783	499.768
12.793	499.125
12.803	498.724
12.813	498.528
12.823	498.195
12.833	497.962
12.843	497.909
12.853	497.878
12.863	497.849
12.873	497.779
12.883	497.954
12.893	498.810
12.903	500.627
12.913	501.254
12.923	505.630
12.933	519.140
12.943	464.167
12.953	454.580
12.963	443.641
12.973	441.788
12.983	442.509
12.993	442.472
13.003	442.705
13.013	443.127
13.023	443.436
13.033	443.886
13.043	444.125
13.053	444.165
13.063	444.322
13.073	444.391
13.083	444.616
13.093	444.654
13.103	444.905
13.113	445.113
13.123	445.144
13.133	445.203
13.143	444.957
13.153	444.657
13.163	444.088
13.173	443.838
13.183	443.322
13.193	443.034
13.203	442.811
13.213	442.407
13.223	442.242
13.233	442.365
13.243	442.333
13.253	442.622
13.263	443.106
13.273	443.374
13.283	443.858
13.293	444.233
13.303	444.905
13.313	445.359
13.323	446.408
13.333	447.301
13.343	447.679
13.353	447.664
13.363	447.495
13.373	447.221
13.383	447.110
13.393	447.101
13.403	447.212
13.413	446.786
13.423	446.490
13.433	446.006
13.443	445.054
13.453	444.599
13.463	443.651
13.473	443.201
13.483	443.352
13.493	443.538
13.503	444.116
13.513	444.452
13.523	444.982
13.533	445.168
13.543	445.945
13.553	446.674
13.563	447.028
13.573	447.719
13.583	448.147
13.593	448.249
13.603	448.300
13.613	448.193
13.623	448.002
13.633	448.140
13.643	448.490
13.653	448.802
13.663	448.818
13.673	448.705
13.683	447.951
13.693	447.234
13.703	447.580
13.713	447.862
13.723	447.622
13.733	447.952
13.743	446.625
13.753	0.000
13.763	0.000
13.773	0.000
13.783	0.000
13.793	0.000
13.803	0.000
13.813	0.000
13.823	0.000
13.833	0.000
13.843	0.000
13.853	0.000
13.863	0.000
13.873	0.000
13.883	0.000
13.893	0.000
13.903	0.000
13.913	0.000
13.923	0.000
13.933	0.000
13.943	0.000
13.953	0.000
13.963	0.000
13.973	0.000
13.983	0.000
13.993	0.000
14.003	0.000
14.013	0.000
14.023	0.000
14.033	0.000
14.043	0.000
14.053	0.000
14.063	0.000
14.073	0.000
14.083	0.000
14.093	0.000
14.103	0.000
14.113	0.000
14.123	0.000
14.133	0.000
14.143	0.000
14.153	0.000
14.163	0.000
14.173	0.000
14.183	0.000
14.193	0.000
14.203	0.000
14.213	0.000
14.223	0.000
14.233	0.000
14.243	0.000
14.253	0.000
14.263	0.000
14.273	0.000
14.283	0.000
14.293	0.000
14.303	0.000
14.313	0.000
14.323	0.000
14.333	0.000
14.343	0.000
14.353	0.000
14.363	0.000
14.373	0.000
14.383	0.000
14.393	0.000
14.403	0.000
14.413	0.000
14.423	0.000
14.433	0.000
14.443	0.000
14.453	0.000
14.463	0.000
14.473	0.000
14.483	0.000
14.493	0.000
14.503	0.000
14.513	0.000
14.523	0.000
14.533	0.000
14.543	0.000
14.553	0.000
14.563	0.000
14.573	0.000
14.583	0.000
14.593	0.000
14.603	0.000
14.613	0.000
14.623	0.000
14.633	0.000
14.643	0.000
14.653	0.000
14.663	0.000
14.673	0.000
14.683	0.000
14.693	0.000
14.703	0.000
14.713	0.000
14.723	0.000
14.733	0.000
14.743	0.000
14.753	0.000
14.763	0.000
14.773	0.000
14.783	0.000
14.793	0.000
14.803	0.000
14.813	0.000
14.823	0.000
14.833	0.000
14.843	0.000
14.853	0.000
14.863	0.000
14.873	0.000
14.883	0.000
14.893	0.000
14.903	0.000
14.913	0.000
14.923	0.000
14.933	0.000
14.943	0.000
14.953	0.000
14.963	0.000
14.973	0.000
14.983	0.000
14.993	0.000
15.003	0.000
15.013	0.000
15.023	0.000
15.033	0.000
15.043	0.000
15.053	0.000
15.063	0.000
15.073	0.000
15.083	0.000
15.093	0.000
15.103	0.000
15.113	0.000
15.123	0.000
15.133	0.000
15.143	0.000
15.153	0.000
15.163	0.000
15.173	0.000
15.183	0.000
15.193	0.000
15.203	0.000
15.213	0.000
15.223	0.000
15.233	0.000
15.243	0.000
15.253	0.000
15.263	0.000
15.273	0.000
15.283	0.000
15.293	0.000
15.303	0.000
15.313	0.000
15.323	0.000
15.333	0.000
15.343	0.000
15.353	0.000
15.363	0.000
15.373	0.000
15.383	0.000
15.393	0.000
15.403	0.000
15.413	0.000
15.423	0.000
15.433	0.000
15.443	0.000
15.453	0.000
15.463	0.000
15.473	0.000
15.483	0.000
15.493	0.000
15.503	0.000
15.513	0.000
15.523	0.000
15.533	0.000
15.543	0.000
15.553	0.000
15.563	0.000
15.573	0.000
15.583	0.000
15.593	0.000
15.603	0.000
15.613	0.000
15.623	0.000
15.633	0.000
15.643	0.000
15.653	0.000
15.663	0.000
15.673	0.000
15.683	0.000
15.693	0.000
15.703	0.000
15.713	0.000
15.723	0.000
15.733	0.000
15.743	0.000
15.753	0.000
15.763	0.000
15.773	0.000
15.783	0.000
15.793	0.000
15.803	0.000
15.813	0.000
15.823	0.000
15.833	0.000
15.843	0.000
15.853	0.000
15.863	0.000
15.873	0.000
15.883	0.000
15.893	0.000
15.903	0.000
15.913	268.105
15.923	266.963
15.933	267.165
15.943	266.864
15.953	265.396
15.963	264.351
15.973	264.633
15.983	265.052
15.993	266.843
16.003	268.124
16.013	268.061
16.023	268.238
16.033	268.402
16.043	268.542
16.053	268.588
16.063	268.485
16.073	268.241
16.083	268.190
16.093	268.309
16.103	268.359
16.113	268.398
16.123	268.492
16.133	268.617
16.143	268.779
16.153	269.053
16.163	269.041
16.173	269.084
16.183	269.076
16.193	268.946
16.203	268.697
16.213	268.608
16.223	268.692
16.233	268.808
16.243	268.900
16.253	269.042
16.263	269.197
16.273	269.219
16.283	268.996
16.293	268.250
16.303	267.897
16.313	267.310
16.323	266.967
16.333	266.662
16.343	266.535
16.353	266.291
16.363	265.875
16.373	265.548
16.383	265.554
16.393	265.633
16.403	265.895
16.413	266.025
16.423	266.399
16.433	266.747
16.443	266.769
16.453	266.752
16.463	266.839
16.473	266.975
16.483	267.063
16.493	267.258
16.503	267.567
16.513	267.735
16.523	267.765
16.533	267.550
16.543	267.169
16.553	266.657
16.563	266.326
16.573	265.714
16.583	265.342
16.593	265.190
16.603	265.148
16.613	265.177
16.623	265.280
16.633	265.430
16.643	265.706
16.653	266.005
16.663	266.218
16.673	266.701
16.683	267.132
16.693	267.574
16.703	267.726
16.713	267.881
16.723	267.921
16.733	267.871
16.743	267.724
16.753	267.382
16.763	267.031
16.773	266.714
16.783	266.281
16.793	266.063
16.803	265.854
16.813	265.728
16.823	265.621
16.833	265.507
16.843	265.364
16.853	264.888
16.863	264.393
16.873	264.280
16.883	264.362
16.893	264.619
16.903	264.862
16.913	264.900
16.923	264.856
16.933	264.815
16.943	264.911
16.953	264.975
16.963	265.354
16.973	265.649
16.983	265.690
16.993	265.671
17.003	265.524
17.013	265.292
17.023	265.167
17.033	264.970
17.043	264.921
17.053	265.053
17.063	265.151
17.073	265.375
17.083	265.599
17.093	265.788
17.103	265.832
17.113	265.715
17.123	265.733
17.133	265.779
17.143	266.281
17.153	267.205
17.163	267.529
17.173	267.000
17.183	265.366
17.193	261.251
17.203	258.589
17.213	255.128
17.223	0.000
17.233	0.000
17.243	205.571
17.253	207.156
17.263	206.893
17.273	205.961
17.283	205.230
17.293	204.444
17.303	204.277
17.313	204.501
17.323	205.493
17.333	206.781
17.343	208.165
17.353	208.648
17.363	209.601
17.373	210.145
17.383	210.152
17.393	210.182
17.403	210.107
17.413	210.052
17.423	210.162
17.433	210.413
17.443	210.417
17.453	210.289
17.463	210.207
17.473	209.959
17.483	209.766
17.493	209.729
17.503	209.746
17.513	209.810
17.523	209.778
17.533	209.704
17.543	209.652
17.553	209.750
17.563	209.737
17.573	209.681
17.583	209.685
17.593	209.726
17.603	209.751
17.613	209.742
17.623	209.685
17.633	209.487
17.643	209.494
17.653	209.385
17.663	209.213
17.673	209.238
17.683	209.370
17.693	209.630
17.703	209.562
17.713	209.423
17.723	209.140
17.733	209.065
17.743	209.199
17.753	209.248
17.763	209.089
17.773	208.799
17.783	208.683
17.793	208.626
17.803	208.745
17.813	208.827
17.823	208.849
17.833	208.980
17.843	209.050
17.853	209.156
17.863	209.434
17.873	209.847
17.883	210.215
17.893	210.374
17.903	210.487
17.913	210.349
17.923	210.095
17.933	209.843
17.943	209.648
17.953	209.612
17.963	209.584
17.973	209.378
17.983	208.907
17.993	208.619
18.003	208.649
18.013	208.753
18.023	209.004
18.033	209.066
18.043	209.084
18.053	209.127
18.063	209.308
18.073	209.446
18.083	209.765
18.093	210.122
18.103	210.304
18.113	210.315
18.123	210.275
18.133	210.259
18.143	210.339
18.153	210.296
18.163	209.995
18.173	209.280
18.183	208.912
18.193	208.114
18.203	207.634
18.213	207.537
18.223	207.503
18.233	207.801
18.243	208.265
18.253	208.501
18.263	208.939
18.273	209.261
18.283	209.595
18.293	209.733
18.303	210.097
18.313	210.533
18.323	210.655
18.333	210.811
18.343	210.688
18.353	210.547
18.363	210.490
18.373	210.373
18.383	210.150
18.393	210.067
18.403	209.820
18.413	209.530
18.423	209.271
18.433	209.107
18.443	208.829
18.453	208.637
18.463	208.571
18.473	208.616
18.483	208.736
18.493	208.855
18.503	208.905
18.513	208.846
18.523	208.956
18.533	209.192
18.543	209.257
18.553	209.515
18.563	209.643
18.573	209.737
18.583	210.038
18.593	210.035
18.603	209.467
18.613	209.229
18.623	208.919
18.633	209.401
18.643	215.182
18.653	219.774
18.663	221.134
18.673	221.681
18.683	221.886
18.693	222.484
18.703	222.959
18.713	223.207
18.723	223.146
18.733	222.788
18.743	222.310
18.753	222.108
18.763	221.973
18.773	222.048
18.783	222.046
18.793	222.006
18.803	221.936
18.813	221.786
18.823	221.618
18.833	221.674
18.843	221.654
18.853	221.534
18.863	221.468
18.873	221.424
18.883	221.400
18.893	221.379
18.903	221.424
18.913	221.561
18.923	221.644
18.933	221.718
18.943	221.741
18.953	221.801
18.963	221.884
18.973	221.888
18.983	221.640
18.993	221.048
19.003	221.043
19.013	221.307
19.023	221.517
19.033	0.000
19.043	0.000
19.053	0.000
19.063	0.000
19.073	0.000
19.083	0.000
19.093	0.000
19.103	0.000
19.113	0.000
19.123	0.000
19.133	0.000
19.143	0.000
19.153	0.000
19.163	0.000
19.173	0.000
19.183	0.000
19.193	0.000
19.203	0.000
19.213	0.000
19.223	0.000
19.233	0.000
19.243	0.000
19.253	0.000
19.263	0.000
19.273	0.000
19.283	0.000
19.293	0.000
19.303	0.000
19.313	0.000
19.323	0.000
19.333	0.000
19.343	0.000
19.353	0.000
19.363	0.000
19.373	0.000
19.383	328.297
19.393	330.923
19.403	331.320
19.413	331.068
19.423	330.930
19.433	331.051
19.443	331.077
19.453	331.980
19.463	333.333
19.473	335.526
19.483	336.904
19.493	339.169
19.503	340.321
19.513	338.501
19.523	337.286
19.533	335.711
19.543	0.000
19.553	0.000
19.563	0.000
19.573	0.000
19.583	0.000
19.593	0.000
19.603	0.000
19.613	637.644
19.623	666.418
19.633	665.910
19.643	666.407
19.653	668.502
19.663	669.266
19.673	670.988
19.683	671.576
19.693	671.578
19.703	672.024
19.713	671.979
19.723	671.899
19.733	671.901
19.743	672.171
19.753	672.930
19.763	672.754
19.773	672.202
19.783	671.398
19.793	671.004
19.803	670.529
19.813	669.400
19.823	667.649
19.833	663.121
19.843	648.991
19.853	637.868
19.863	637.510
19.873	637.783
19.883	638.346
19.893	639.264
19.903	639.177
19.913	638.732
19.923	638.376
19.933	638.383
19.943	638.040
19.953	637.903
19.963	637.775
19.973	637.480
19.983	637.469
19.993	637.372
20.003	637.490
20.013	637.936
20.023	637.999
20.033	638.171
20.043	637.696
20.053	636.923
20.063	634.315
20.073	631.039
20.083	646.074
20.093	663.142
20.103	671.187
20.113	672.062
20.123	671.520
20.133	671.064
20.143	671.299
20.153	671.078
20.163	670.824
20.173	670.731
20.183	670.786
20.193	670.873
20.203	671.009
20.213	670.672
20.223	670.548
20.233	670.211
20.243	669.640
20.253	668.748
20.263	667.011
20.273	666.040
20.283	664.660
20.293	662.211
20.303	645.564
20.313	630.553
20.323	630.464
20.333	633.591
20.343	634.150
20.353	635.494
20.363	636.012
20.373	635.997
20.383	635.943
20.393	635.570
20.403	635.599
20.413	635.485
20.423	635.378
20.433	635.154
20.443	634.920
20.453	634.867
20.463	634.832
20.473	635.001
20.483	634.668
20.493	634.189
20.503	632.198
20.513	630.159
20.523	631.581
20.533	656.548
20.543	667.296
20.553	669.558
20.563	670.066
20.573	670.913
20.583	671.136
20.593	671.484
20.603	671.404
20.613	671.528
20.623	671.212
20.633	671.074
20.643	671.046
20.653	670.929
20.663	670.571
20.673	670.008
20.683	668.583
20.693	667.097
20.703	667.764
20.713	671.082
20.723	677.242
20.733	0.000
20.743	0.000
20.753	556.544
20.763	516.764
20.773	511.889
20.783	503.834
20.793	500.437
20.803	500.057
20.813	499.898
20.823	499.576
20.833	499.209
20.843	498.755
20.853	498.629
20.863	498.596
20.873	498.464
20.883	498.587
20.893	498.607
20.903	498.880
20.913	499.303
20.923	499.760
20.933	500.591
20.943	501.564
20.953	501.913
20.963	502.663
20.973	503.130
20.983	503.511
20.993	504.294
21.003	507.277
21.013	522.922
21.023	568.418
21.033	574.464
21.043	580.906
21.053	586.354
21.063	587.607
21.073	588.342
21.083	589.682
21.093	590.018
21.103	590.142
21.113	590.295
21.123	589.953
21.133	589.807
21.143	589.484
21.153	589.629
21.163	589.893
21.173	590.035
21.183	589.611
21.193	588.175
21.203	586.356
21.213	585.443
21.223	582.144
21.233	568.206
21.243	554.626
21.253	533.631
21.263	532.042
21.273	532.133
21.283	532.091
21.293	531.170
21.303	530.062
21.313	529.490
21.323	528.482
21.333	527.762
21.343	527.496
21.353	527.496
21.363	527.711
21.373	527.614
21.383	527.261
21.393	526.994
21.403	526.175
21.413	525.730
21.423	525.438
21.433	524.369
21.443	522.165
21.453	520.136
21.463	519.390
21.473	517.668
21.483	459.463
21.493	449.212
21.503	449.072
21.513	448.854
21.523	449.081
21.533	449.101
21.543	448.840
21.553	448.532
21.563	448.326
21.573	448.151
21.583	448.091
21.593	448.045
21.603	447.885
21.613	447.635
21.623	447.320
21.633	446.958
21.643	446.852
21.653	446.493
21.663	446.208
21.673	445.861
21.683	445.742
21.693	445.752
21.703	445.829
21.713	445.861
21.723	445.828
21.733	445.583
21.743	445.467
21.753	445.510
21.763	445.773
21.773	446.011
21.783	445.994
21.793	445.845
21.803	445.402
21.813	444.987
21.823	444.833
21.833	445.104
21.843	445.418
21.853	445.479
21.863	445.954
21.873	446.686
21.883	446.943
21.893	0.000
21.903	0.000
21.913	0.000
21.923	0.000
21.933	0.000
21.943	0.000
21.953	0.000
21.963	0.000
21.973	0.000
21.983	0.000
21.993	0.000
22.003	0.000
22.013	0.000
22.023	0.000
22.033	0.000
22.043	0.000
22.053	0.000
22.063	0.000
22.073	0.000
22.083	0.000
22.093	0.000
22.103	0.000
22.113	0.000
22.123	0.000
22.133	0.000
22.143	0.000
22.153	0.000
22.163	0.000
22.173	276.629
22.183	274.475
22.193	268.374
22.203	266.333
22.213	266.369
22.223	266.468
22.233	266.690
22.243	267.160
22.253	267.556
22.263	267.612
22.273	267.349
22.283	267.604
22.293	267.889
22.303	268.403
22.313	268.560
22.323	268.535
22.333	268.309
22.343	268.180
22.353	271.138
22.363	274.070
22.373	0.000
22.383	320.674
22.393	325.600
22.403	328.166
22.413	330.720
22.423	331.684
22.433	332.405
22.443	333.130
22.453	333.594
22.463	334.154
22.473	334.410
22.483	335.163
22.493	335.673
22.503	335.906
22.513	336.828
22.523	338.428
22.533	340.361
22.543	341.140
22.553	342.721
22.563	344.559
22.573	0.000
22.583	0.000
22.593	0.000
22.603	445.816
22.613	445.878
22.623	446.173
22.633	446.150
22.643	446.321
22.653	446.266
22.663	445.235
22.673	444.332
22.683	444.009
22.693	443.979
22.703	444.248
22.713	444.372
22.723	444.386
22.733	444.249
22.743	444.274
22.753	444.616
22.763	444.947
22.773	446.024
22.783	447.020
22.793	447.085
22.803	446.750
22.813	445.824
22.823	446.462
22.833	458.210
22.843	502.903
22.853	501.448
22.863	500.380
22.873	500.986
22.883	501.860
22.893	502.187
22.903	502.149
22.913	501.928
22.923	501.426
22.933	501.174
22.943	501.090
22.953	500.811
22.963	500.492
22.973	500.401
22.983	500.223
22.993	500.077
23.003	499.837
23.013	499.743
23.023	499.630
23.033	499.697
23.043	499.638
23.053	499.469
23.063	499.350
23.073	499.177
23.083	499.113
23.093	499.264
23.103	499.359
23.113	499.409
23.123	499.417
23.133	499.895
23.143	500.750
23.153	501.089
23.163	501.939
23.173	502.372
23.183	503.122
23.193	503.585
23.203	504.586
23.213	504.540
23.223	500.824
23.233	501.739
23.243	0.000
23.253	0.000
23.263	0.000
23.273	0.000
23.283	0.000
23.293	0.000
23.303	0.000
23.313	0.000
23.323	0.000
23.333	0.000
23.343	0.000
23.353	0.000
23.363	0.000
23.373	0.000
23.383	0.000
23.393	0.000
23.403	0.000
23.413	0.000
23.423	0.000
23.433	0.000
23.443	0.000
23.453	0.000
23.463	0.000
23.473	0.000
23.483	0.000
23.493	0.000
23.503	0.000
23.513	0.000
23.523	0.000
23.533	0.000
23.543	336.773
23.553	332.924
23.563	330.809
23.573	331.887
23.583	333.374
23.593	334.118
23.603	334.864
23.613	335.109
23.623	335.195
23.633	335.483
23.643	335.729
23.653	335.922
23.663	335.931
23.673	336.242
23.683	337.017
23.693	337.550
23.703	338.937
23.713	340.694
23.723	342.560
23.733	343.488
23.743	0.000
23.753	0.000
23.763	0.000
23.773	0.000
23.783	525.292
23.793	525.381
23.803	525.893
23.813	528.015
23.823	529.063
23.833	529.828
23.843	530.404
23.853	530.457
23.863	529.507
23.873	528.915
23.883	527.889
23.893	527.100
23.903	526.694
23.913	526.601
23.923	526.412
23.933	526.387
23.943	526.517
23.953	526.586
23.963	526.479
23.973	525.643
23.983	525.003
23.993	522.801
24.003	504.451
24.013	500.220
24.023	500.581
24.033	501.537
24.043	501.893
24.053	501.606
24.063	501.507
24.073	501.143
24.083	500.651
24.093	500.306
24.103	499.532
24.113	498.996
24.123	499.084
24.133	499.396
24.143	499.786
24.153	499.816
24.163	499.724
24.173	500.306
24.183	501.264
24.193	502.055
24.203	502.438
24.213	503.212
24.223	522.830
24.233	0.000
24.243	463.606
24.253	453.090
24.263	447.700
24.273	447.709
24.283	447.852
24.293	448.285
24.303	448.608
24.313	448.444
24.323	448.328
24.333	448.006
24.343	447.768
24.353	447.721
24.363	447.652
24.373	447.695
24.383	447.774
24.393	448.001
24.403	447.926
24.413	447.961
24.423	448.141
24.433	448.181
24.443	447.741
24.453	447.419
24.463	446.450
24.473	445.676
24.483	445.247
24.493	445.017
24.503	444.655
24.513	444.467
24.523	444.580
24.533	444.782
24.543	444.891
24.553	444.876
24.563	444.984
24.573	445.601
24.583	446.675
24.593	447.947
24.603	448.474
24.613	448.964
24.623	449.026
24.633	449.140
24.643	448.626
24.653	448.089
24.663	447.835
24.673	447.804
24.683	447.735
24.693	447.712
24.703	447.699
24.713	447.256
24.723	446.795
24.733	446.495
24.743	446.354
24.753	446.002
24.763	446.096
24.773	446.229
24.783	446.425
24.793	446.641
24.803	446.861
24.813	447.139
24.823	447.602
24.833	447.915
24.843	448.084
24.853	448.113
24.863	448.210
24.873	448.410
24.883	448.452
24.893	448.606
24.903	448.832
24.913	448.917
24.923	448.629
24.933	448.441
24.943	448.522
24.953	449.371
24.963	451.395
24.973	0.000
24.983	0.000
24.993	0.000
25.003	0.000
25.013	0.000
25.023	0.000
25.033	0.000
25.043	0.000
25.053	0.000
25.063	0.000
25.073	0.000
25.083	0.000
25.093	0.000
25.103	0.000
25.113	0.000
25.123	0.000
25.133	0.000
25.143	0.000
25.153	0.000
25.163	0.000
25.173	0.000
25.183	0.000
25.193	0.000
25.203	0.000
25.213	0.000
25.223	0.000
25.233	0.000
25.243	0.000
25.253	0.000
25.263	0.000
25.273	0.000
25.283	0.000
25.293	0.000
25.303	0.000
25.313	0.000
25.323	0.000
25.333	0.000
25.343	0.000
25.353	0.000
25.363	0.000
25.373	0.000
25.383	0.000
25.393	0.000
25.403	0.000
25.413	0.000
25.423	0.000
25.433	0.000
25.443	0.000
25.453	0.000
25.463	0.000
25.473	0.000
25.483	0.000
25.493	0.000
25.503	0.000
25.513	0.000
25.523	0.000
25.533	0.000
25.543	0.000
25.553	0.000
25.563	0.000
25.573	0.000
25.583	0.000
25.593	0.000
25.603	0.000
25.613	276.642
25.623	272.735
25.633	270.706
25.643	269.460
25.653	267.586
25.663	267.306
25.673	267.081
25.683	267.051
25.693	267.271
25.703	267.808
25.713	268.124
25.723	268.603
25.733	269.219
25.743	269.719
25.753	269.859
25.763	269.988
25.773	270.467
25.783	271.334
25.793	271.859
25.803	273.273
25.813	274.584
25.823	0.000
25.833	0.000
25.843	363.963
25.853	369.390
25.863	370.898
25.873	373.062
25.883	376.104
25.893	377.594
25.903	381.316
25.913	382.833
25.923	384.708
25.933	385.969
25.943	389.370
25.953	392.505
25.963	394.511
25.973	395.432
25.983	397.632
25.993	400.406
26.003	402.013
26.013	405.016
26.023	407.734
26.033	409.920
26.043	411.358
26.053	418.375
26.063	0.000
26.073	0.000
26.083	534.606
26.093	529.398
26.103	528.666
26.113	528.591
26.123	528.615
26.133	528.479
26.143	528.296
26.153	528.407
26.163	528.811
26.173	529.246
26.183	529.323
26.193	529.795
26.203	529.816
26.213	529.424
26.223	529.190
26.233	528.788
26.243	528.758
26.253	528.748
26.263	528.770
26.273	529.085
26.283	530.380
26.293	530.913
26.303	531.690
26.313	531.367
26.323	530.274
26.333	528.855
26.343	528.211
26.353	529.013
26.363	526.548
26.373	525.632
26.383	0.000
26.393	0.000
26.403	0.000
26.413	0.000
26.423	0.000
26.433	0.000
26.443	0.000
26.453	0.000
26.463	0.000
26.473	0.000
26.483	0.000
26.493	0.000
26.503	0.000
26.513	0.000
26.523	0.000
26.533	0.000
26.543	0.000
26.553	0.000
26.563	0.000
26.573	0.000
26.583	0.000
26.593	0.000
26.603	0.000
26.613	0.000
26.623	0.000
26.633	0.000
26.643	0.000
26.653	0.000
26.663	0.000
26.673	0.000
26.683	0.000
26.693	0.000
26.703	0.000
26.713	0.000
26.723	0.000
26.733	0.000
26.743	0.000
26.753	0.000
26.763	0.000
26.773	0.000
26.783	0.000
26.793	0.000
26.803	0.000
26.813	0.000
26.823	0.000
26.833	0.000
26.843	0.000
26.853	0.000
26.863	0.000
26.873	0.000
26.883	0.000
26.893	0.000
26.903	0.000
26.913	0.000
26.923	0.000
26.933	0.000
26.943	0.000
26.953	0.000
26.963	0.000
26.973	0.000
26.983	0.000
26.993	196.736
27.003	192.582
27.013	191.086
27.023	187.541
27.033	186.780
27.043	186.908
27.053	187.276
27.063	188.653
27.073	190.757
27.083	192.113
27.093	193.717
27.103	194.180
27.113	194.441
27.123	194.473
27.133	194.701
27.143	196.521
27.153	198.524
27.163	199.196
27.173	200.124
27.183	200.709
27.193	200.902
27.203	200.760
27.213	200.181
27.223	0.000
27.233	0.000
27.243	244.415
27.253	243.766
27.263	244.049
27.273	244.494
27.283	246.005
27.293	247.239
27.303	247.728
27.313	248.296
27.323	248.692
27.333	249.067
27.343	249.289
27.353	250.335
27.363	251.786
27.373	252.457
27.383	253.314
27.393	253.754
27.403	254.305
27.413	254.657
27.423	255.246
27.433	255.812
27.443	255.956
27.453	256.892
27.463	260.105
27.473	0.000
27.483	299.516
27.493	301.527
27.503	301.707
27.513	301.347
27.523	301.346
27.533	301.517
27.543	302.062
27.553	302.364
27.563	302.850
27.573	303.172
27.583	303.323
27.593	303.370
27.603	303.439
27.613	303.265
27.623	303.089
27.633	303.172
27.643	303.483
27.653	303.690
27.663	303.710
27.673	303.541
27.683	303.341
27.693	303.204
27.703	303.028
27.713	302.869
27.723	302.757
27.733	302.678
27.743	302.758
27.753	302.984
27.763	302.971
27.773	303.508
27.783	0.000
27.793	0.000
27.803	0.000
27.813	0.000
27.823	0.000
27.833	0.000
27.843	0.000
27.853	0.000
27.863	0.000
27.873	0.000
27.883	0.000
27.893	0.000
27.903	0.000
27.913	0.000
27.923	0.000
27.933	0.000
27.943	0.000
27.953	0.000
27.963	0.000
27.973	0.000
27.983	0.000
27.993	0.000
28.003	0.000
28.013	0.000
28.023	0.000
28.033	0.000
28.043	0.000
28.053	0.000
28.063	0.000
28.073	0.000
28.083	0.000
28.093	0.000
28.103	0.000
28.113	0.000
28.123	0.000
28.133	0.000
28.143	0.000
28.153	0.000
28.163	0.000
28.173	0.000
28.183	0.000
28.193	0.000
28.203	0.000
28.213	0.000
28.223	0.000
28.233	0.000
28.243	0.000
28.253	0.000
28.263	0.000
28.273	0.000
28.283	0.000
28.293	0.000
28.303	0.000
28.313	0.000
28.323	0.000
28.333	223.072
28.343	221.510
28.353	220.005
28.363	219.260
28.373	218.549
28.383	218.420
28.393	218.791
28.403	220.253
28.413	221.974
28.423	222.711
28.433	223.604
28.443	224.098
28.453	224.520
28.463	225.315
28.473	226.292
28.483	227.328
28.493	227.988
28.503	229.169
28.513	230.205
28.523	232.026
28.533	233.442
28.543	237.080
28.553	0.000
28.563	0.000
28.573	0.000
28.583	322.821
28.593	325.419
28.603	326.150
28.613	327.439
28.623	328.397
28.633	328.712
28.643	329.753
28.653	330.693
28.663	331.532
28.673	332.026
28.683	333.120
28.693	334.649
28.703	336.698
28.713	337.918
28.723	340.581
28.733	342.987
28.743	343.829
28.753	344.026
28.763	344.937
28.773	0.000
28.783	0.000
28.793	0.000
28.803	457.671
28.813	453.574
28.823	452.119
28.833	450.813
28.843	450.007
28.853	449.951
28.863	449.426
28.873	449.195
28.883	448.976
28.893	448.763
28.903	448.634
28.913	448.428
28.923	448.372
28.933	448.847
28.943	449.206
28.953	449.114
28.963	448.962
28.973	449.160
28.983	449.290
28.993	449.230
29.003	449.169
29.013	449.315
29.023	449.618
29.033	449.691
29.043	449.834
29.053	449.922
29.063	449.876
29.073	449.787
29.083	449.648
29.093	449.208
29.103	448.769
29.113	448.099
29.123	448.145
29.133	450.056
29.143	451.350
29.153	456.637
29.163	0.000
29.173	0.000
29.183	0.000
29.193	0.000
29.203	0.000
29.213	0.000
29.223	0.000
29.233	0.000
29.243	0.000
29.253	0.000
29.263	0.000
29.273	0.000
29.283	0.000
29.293	0.000
29.303	0.000
29.313	0.000
29.323	0.000
29.333	0.000
29.343	0.000
29.353	0.000
29.363	0.000
29.373	0.000
29.383	0.000
29.393	0.000
29.403	0.000
29.413	0.000
29.423	0.000
29.433	0.000
29.443	0.000
29.453	0.000
29.463	0.000
29.473	0.000
29.483	0.000
29.493	0.000
29.503	0.000
29.513	0.000
29.523	0.000
29.533	0.000
29.543	0.000
29.553	0.000
29.563	0.000
29.573	0.000
29.583	0.000
29.593	0.000
29.603	0.000
29.613	0.000
29.623	0.000
29.633	0.000
29.643	0.000
29.653	0.000
29.663	0.000
29.673	0.000
29.683	0.000
29.693	0.000
29.703	0.000
29.713	0.000
29.723	351.486
29.733	340.787
29.743	337.948
29.753	337.066
29.763	335.558
29.773	335.170
29.783	335.178
29.793	335.342
29.803	335.939
29.813	336.577
29.823	336.819
29.833	337.232
29.843	337.214
29.853	336.468
29.863	336.035
29.873	335.433
29.883	334.951
29.893	335.084
29.903	335.233
29.913	335.598
29.923	335.698
29.933	335.617
29.943	335.236
29.953	334.752
29.963	334.485
29.973	334.378
29.983	334.516
29.993	334.774
30.003	334.921
30.013	335.054
30.023	335.096
30.033	335.179
30.043	335.330
30.053	335.927
30.063	336.556
30.073	337.004
30.083	337.368
30.093	337.771
30.103	337.969
30.113	337.819
30.123	337.546
30.133	337.052
30.143	336.444
30.153	336.124
30.163	335.474
30.173	335.226
30.183	335.285
30.193	335.542
30.203	336.469
30.213	343.208
30.223	0.000
30.233	0.000
30.243	0.000
30.253	0.000
30.263	0.000
30.273	0.000
30.283	0.000
30.293	0.000
30.303	0.000
30.313	0.000
30.323	0.000
30.333	0.000
30.343	0.000
30.353	0.000
30.363	0.000
30.373	0.000
30.383	0.000
30.393	0.000
30.403	0.000
30.413	0.000
30.423	0.000
30.433	0.000
30.443	0.000
30.453	0.000
30.463	0.000
30.473	0.000
30.483	0.000
30.493	0.000
30.503	0.000
30.513	0.000
30.523	0.000
30.533	0.000
30.543	0.000
30.553	0.000
30.563	0.000
30.573	0.000
30.583	0.000
30.593	0.000
30.603	0.000
30.613	0.000
30.623	0.000
30.633	0.000
30.643	0.000
30.653	0.000
30.663	0.000
30.673	0.000
30.683	0.000
30.693	0.000
30.703	0.000
30.713	0.000
30.723	0.000
30.733	0.000
30.743	0.000
30.753	0.000
30.763	0.000
30.773	0.000
30.783	0.000
30.793	0.000
30.803	0.000
30.813	0.000
30.823	0.000
30.833	0.000
30.843	0.000
30.853	0.000
30.863	0.000
30.873	0.000
30.883	0.000
30.893	0.000
30.903	0.000
30.913	0.000
30.923	0.000
30.933	0.000
30.943	0.000
30.953	0.000
30.963	0.000
30.973	0.000
30.983	0.000
30.993	0.000
31.003	0.000
31.013	0.000
31.023	0.000
31.033	0.000
31.043	0.000
31.053	0.000
31.063	0.000
31.073	0.000
31.083	0.000
31.093	0.000
31.103	0.000
31.113	0.000
31.123	0.000
31.133	0.000
31.143	0.000
31.153	0.000
31.163	0.000
31.173	0.000
31.183	0.000
31.193	0.000
31.203	0.000
31.213	0.000
31.223	0.000
31.233	0.000
31.243	0.000
31.253	0.000
31.263	0.000
31.273	0.000
31.283	0.000
31.293	0.000
31.303	0.000
31.313	0.000
31.323	0.000
31.333	0.000
31.343	0.000
31.353	0.000
31.363	0.000
31.373	0.000
31.383	0.000
31.393	0.000
31.403	0.000
31.413	0.000
31.423	0.000
31.433	0.000
31.443	0.000
31.453	0.000
31.463	0.000
31.473	0.000
31.483	0.000
31.493	0.000
31.503	0.000
31.513	0.000
31.523	0.000
31.533	0.000
31.543	0.000
31.553	0.000
31.563	0.000
31.573	0.000
31.583	0.000
31.593	0.000
31.603	0.000
31.613	0.000
31.623	0.000
31.633	0.000
31.643	0.000
31.653	0.000
31.663	0.000
31.673	0.000
31.683	0.000
31.693	0.000
31.703	0.000
31.713	0.000
31.723	0.000
31.733	0.000
31.743	0.000
31.753	0.000
31.763	0.000
31.773	0.000
31.783	0.000
31.793	0.000
31.803	0.000
31.813	0.000
31.823	0.000
31.833	0.000
31.843	0.000
31.853	0.000
31.863	0.000
31.873	0.000
31.883	0.000
31.893	0.000
31.903	0.000
31.913	0.000
31.923	0.000
31.933	0.000
31.943	0.000
31.953	0.000
31.963	0.000
31.973	0.000
31.983	0.000
31.993	0.000
32.003	0.000
32.013	0.000
32.023	0.000
32.033	0.000
32.043	0.000
32.053	0.000
32.063	0.000
32.073	0.000
32.083	0.000
32.093	0.000
32.103	0.000
32.113	0.000
32.123	0.000
32.133	0.000
32.143	0.000
32.153	0.000
32.163	0.000
32.173	0.000
32.183	0.000
32.193	0.000
32.203	0.000
32.213	0.000
32.223	0.000
32.233	0.000
32.243	0.000
32.253	0.000
32.263	0.000
32.273	0.000
32.283	0.000
32.293	0.000
32.303	0.000
32.313	0.000
32.323	0.000
32.333	0.000
32.343	0.000
32.353	0.000
32.363	0.000
32.373	0.000
32.383	0.000
32.393	0.000
32.403	0.000
32.413	0.000
32.423	0.000
32.433	0.000
32.443	0.000
32.453	0.000
32.463	0.000
32.473	0.000
32.483	681.486
32.493	679.486
32.503	670.474
32.513	668.506
32.523	668.118
32.533	668.589
32.543	669.355
32.553	669.964
32.563	670.178
32.573	670.006
32.583	669.024
32.593	667.722
32.603	667.117
32.613	665.898
32.623	665.218
32.633	665.181
32.643	664.766
32.653	664.344
32.663	663.480
32.673	663.127
32.683	663.612
32.693	664.918
32.703	645.737
32.713	641.341
32.723	639.160
32.733	638.137
32.743	638.203
32.753	637.958
32.763	637.778
32.773	637.311
32.783	636.947
32.793	636.844
32.803	637.051
32.813	636.987
32.823	636.803
32.833	636.865
32.843	636.816
32.853	637.151
32.863	637.723
32.873	638.281
32.883	638.868
32.893	639.130
32.903	638.795
32.913	636.079
32.923	632.745
32.933	630.262
32.943	630.240
32.953	669.569
32.963	675.304
32.973	674.314
32.983	672.758
32.993	672.736
33.003	673.132
33.013	673.736
33.023	673.612
33.033	673.811
33.043	673.799
33.053	673.737
33.063	673.425
33.073	673.499
33.083	672.963
33.093	672.687
33.103	672.081
33.113	671.693
33.123	670.863
33.133	669.598
33.143	668.358
33.153	665.689
33.163	666.041
33.173	669.496
33.183	656.778
33.193	634.215
33.203	634.431
33.213	634.496
33.223	635.554
33.233	634.807
33.243	634.183
33.253	634.644
33.263	634.251
33.273	634.216
33.283	635.012
33.293	635.540
33.303	636.234
33.313	636.461
33.323	636.356
33.333	635.829
33.343	634.489
33.353	631.900
33.363	627.670
33.373	621.120
33.383	614.278
33.393	637.522
33.403	663.741
33.413	668.794
33.423	672.212
33.433	674.071
33.443	672.235
33.453	671.168
33.463	671.587
33.473	672.542
33.483	673.019
33.493	673.067
33.503	673.508
33.513	673.813
33.523	674.066
33.533	673.133
33.543	672.655
33.553	671.059
33.563	670.107
33.573	669.563
33.583	670.174
33.593	673.085
33.603	657.832
33.613	640.740
33.623	639.516
33.633	639.302
33.643	636.128
33.653	636.822
33.663	637.132
33.673	637.561
33.683	637.625
33.693	637.794
33.703	638.346
33.713	638.819
33.723	638.736
33.733	639.293
33.743	639.897
33.753	640.203
33.763	640.051
33.773	639.644
33.783	639.012
33.793	638.688
33.803	636.075
33.813	631.603
33.823	627.897
33.833	650.409
33.843	685.012
33.853	682.690
33.863	679.913
33.873	676.846
33.883	674.922
33.893	674.066
33.903	674.063
33.913	674.101
33.923	674.342
33.933	674.165
33.943	675.007
33.953	676.067
33.963	676.566
33.973	676.392
33.983	675.597
33.993	675.068
34.003	675.097
34.013	675.538
34.023	676.277
34.033	675.655
34.043	675.822
34.053	676.275
34.063	677.140
34.073	677.333
34.083	677.857
34.093	677.559
34.103	679.502
34.113	680.152
34.123	686.128
34.133	683.073
34.143	683.757
34.153	680.752
34.163	0.000
34.173	0.000
34.183	0.000
34.193	0.000
34.203	0.000
34.213	0.000
34.223	0.000
34.233	0.000
34.243	0.000
34.253	0.000
34.263	0.000
34.273	0.000
34.283	0.000
34.293	0.000
34.303	0.000
34.313	0.000
34.323	0.000
34.333	0.000
34.343	0.000
34.353	0.000
34.363	0.000
34.373	0.000
34.383	0.000
34.393	0.000
34.403	0.000
34.413	0.000
34.423	0.000
34.433	0.000
34.443	0.000
34.453	0.000
34.463	0.000
34.473	0.000
34.483	0.000
34.493	0.000
34.503	0.000
34.513	0.000
34.523	0.000
34.533	0.000
34.543	0.000
34.553	0.000
34.563	0.000
34.573	0.000
34.583	0.000
34.593	0.000
34.603	0.000
34.613	0.000
34.623	0.000
34.633	0.000
34.643	0.000
34.653	0.000
34.663	0.000
34.673	0.000
34.683	0.000
34.693	0.000
34.703	0.000
34.713	0.000
34.723	0.000
34.733	0.000
34.743	0.000
34.753	0.000
34.763	0.000
34.773	0.000
34.783	0.000
34.793	0.000
34.803	0.000
34.813	0.000
34.823	0.000
34.833	0.000
34.843	0.000
34.853	0.000
34.863	0.000
34.873	0.000
34.883	0.000
34.893	0.000
34.903	0.000
34.913	0.000
34.923	0.000
34.933	0.000
34.943	0.000
34.953	0.000
34.963	0.000
34.973	0.000
34.983	0.000
34.993	0.000
35.003	0.000
35.013	0.000
35.023	0.000
35.033	0.000
35.043	0.000
35.053	0.000
35.063	0.000
35.073	0.000
35.083	0.000
35.093	0.000
35.103	0.000
35.113	0.000
35.123	0.000
35.133	0.000
35.143	0.000
35.153	0.000
35.163	0.000
35.173	0.000
35.183	0.000
35.193	0.000
35.203	0.000
35.213	0.000
35.223	0.000
35.233	0.000
35.243	0.000
35.253	0.000
35.263	0.000
35.273	0.000
35.283	0.000
35.293	0.000
35.303	274.872
35.313	271.048
35.323	269.889
35.333	269.304
35.343	269.094
35.353	268.964
35.363	269.164
35.373	269.611
35.383	269.715
35.393	269.615
35.403	269.216
35.413	269.136
35.423	268.958
35.433	268.868
35.443	269.028
35.453	269.079
35.463	269.051
35.473	268.999
35.483	268.966
35.493	268.920
35.503	268.891
35.513	268.735
35.523	268.749
35.533	268.632
35.543	268.490
35.553	268.348
35.563	268.248
35.573	268.029
35.583	267.843
35.593	267.747
35.603	267.548
35.613	267.130
35.623	266.484
35.633	266.326
35.643	266.270
35.653	266.323
35.663	266.087
35.673	266.012
35.683	266.060
35.693	266.219
35.703	266.175
35.713	265.889
35.723	265.630
35.733	265.336
35.743	265.276
35.753	265.389
35.763	265.426
35.773	265.406
35.783	265.507
35.793	265.599
35.803	265.534
35.813	265.531
35.823	265.625
35.833	265.745
35.843	265.792
35.853	265.864
35.863	266.080
35.873	266.311
35.883	266.398
35.893	266.492
35.903	266.591
35.913	266.638
35.923	266.595
35.933	266.308
35.943	266.058
35.953	265.974
35.963	265.656
35.973	265.369
35.983	265.029
35.993	264.855
36.003	264.679
36.013	264.668
36.023	264.664
36.033	264.634
36.043	264.709
36.053	264.660
36.063	264.613
36.073	264.731
36.083	265.089
36.093	265.509
36.103	265.693
36.113	265.923
36.123	266.097
36.133	266.129
36.143	266.047
36.153	265.825
36.163	265.551
36.173	265.410
36.183	265.052
36.193	264.820
36.203	264.674
36.213	264.565
36.223	264.497
36.233	264.546
36.243	264.589
36.253	264.698
36.263	264.788
36.273	264.763
36.283	264.667
36.293	264.579
36.303	264.613
36.313	264.642
36.323	264.682
36.333	264.679
36.343	264.644
36.353	264.651
36.363	264.767
36.373	264.839
36.383	264.761
36.393	264.737
36.403	264.644
36.413	264.546
36.423	264.426
36.433	264.311
36.443	264.355
36.453	264.513
36.463	264.646
36.473	264.928
36.483	265.170
36.493	265.185
36.503	265.244
36.513	265.541
36.523	266.231
36.533	266.671
36.543	266.319
36.553	265.121
36.563	263.095
36.573	261.151
36.583	256.458
36.593	251.276
36.603	0.000
36.613	0.000
36.623	210.001
36.633	209.542
36.643	209.267
36.653	208.614
36.663	207.724
36.673	207.447
36.683	207.145
36.693	207.184
36.703	207.583
36.713	207.746
36.723	207.987
36.733	207.953
36.743	207.897
36.753	207.959
36.763	208.301
36.773	208.722
36.783	208.840
36.793	208.722
36.803	208.653
36.813	208.716
36.823	208.664
36.833	208.544
36.843	208.360
36.853	208.263
36.863	208.312
36.873	208.458
36.883	208.725
36.893	208.803
36.903	208.782
36.913	208.652
36.923	208.558
36.933	208.488
36.943	208.506
36.953	208.708
36.963	208.741
36.973	208.727
36.983	208.798
36.993	208.941
37.003	208.964
37.013	208.899
37.023	208.857
37.033	208.885
37.043	208.807
37.053	208.576
37.063	208.285
37.073	208.229
37.083	208.128
37.093	208.168
37.103	208.132
37.113	208.061
37.123	207.896
37.133	208.034
37.143	208.174
37.153	208.385
37.163	208.414
37.173	208.400
37.183	208.444
37.193	208.665
37.203	209.122
37.213	209.683
37.223	209.953
37.233	210.193
37.243	210.192
37.253	210.187
37.263	210.154
37.273	209.974
37.283	209.807
37.293	209.814
37.303	209.690
37.313	209.246
37.323	209.058
37.333	208.653
37.343	208.432
37.353	208.277
37.363	208.201
37.373	208.118
37.383	208.206
37.393	208.559
37.403	208.785
37.413	209.297
37.423	209.741
37.433	209.878
37.443	210.172
37.453	210.383
37.463	210.701
37.473	210.859
37.483	211.040
37.493	210.837
37.503	210.751
37.513	210.514
37.523	210.149
37.533	209.705
37.543	209.483
37.553	209.320
37.563	209.296
37.573	209.205
37.583	209.136
37.593	209.041
37.603	209.305
37.613	209.485
37.623	209.735
37.633	209.833
37.643	209.908
37.653	209.996
37.663	210.346
37.673	210.705
37.683	210.848
37.693	211.019
37.703	211.221
37.713	211.263
37.723	211.290
37.733	211.176
37.743	210.918
37.753	210.555
37.763	210.384
37.773	210.388
37.783	210.543
37.793	210.651
37.803	210.830
37.813	210.924
37.823	210.946
37.833	210.868
37.843	210.689
37.853	210.505
37.863	210.496
37.873	210.508
37.883	210.595
37.893	210.499
37.903	210.467
37.913	210.375
37.923	210.339
37.933	210.484
37.943	210.691
37.953	210.926
37.963	210.882
37.973	210.596
37.983	209.633
37.993	208.391
38.003	208.400
38.013	213.204
38.023	223.213
38.033	222.862
38.043	222.314
38.053	222.173
38.063	221.831
38.073	221.693
38.083	221.605
38.093	221.616
38.103	221.942
38.113	222.145
38.123	222.236
38.133	222.097
38.143	221.847
38.153	221.884
38.163	221.873
38.173	221.898
38.183	221.960
38.193	222.042
38.203	222.158
38.213	222.148
38.223	222.208
38.233	222.123
38.243	222.051
38.253	222.160
38.263	222.286
38.273	222.416
38.283	222.484
38.293	222.568
38.303	222.619
38.313	222.626
38.323	222.540
38.333	222.509
38.343	222.747
38.353	0.000
38.363	0.000
38.373	0.000
38.383	0.000
38.393	0.000
38.403	0.000
38.413	0.000
38.423	0.000
38.433	0.000
38.443	0.000
38.453	0.000
38.463	0.000
38.473	0.000
38.483	0.000
38.493	0.000
38.503	0.000
38.513	0.000
38.523	0.000
38.533	0.000
38.543	0.000
38.553	0.000
38.563	0.000
38.573	0.000
38.583	0.000
38.593	0.000
38.603	0.000
38.613	0.000
38.623	0.000
38.633	0.000
38.643	0.000
38.653	0.000
38.663	0.000
38.673	0.000
38.683	0.000
38.693	0.000
38.703	0.000
38.713	345.017
38.723	337.002
38.733	336.214
38.743	335.127
38.753	335.147
38.763	335.731
38.773	335.978
38.783	336.848
38.793	338.018
38.803	338.548
38.813	338.719
38.823	337.223
38.833	335.894
38.843	333.999
38.853	333.288
38.863	0.000
38.873	0.000
38.883	0.000
38.893	0.000
38.903	0.000
38.913	0.000
38.923	0.000
38.933	0.000
38.943	677.526
38.953	672.018
38.963	670.181
38.973	669.688
38.983	669.157
38.993	670.375
39.003	671.371
39.013	671.751
39.023	671.560
39.033	671.228
39.043	671.017
39.053	670.607
39.063	670.353
39.073	669.906
39.083	669.465
39.093	669.311
39.103	669.311
39.113	669.318
39.123	669.291
39.133	669.139
39.143	667.964
39.153	666.469
39.163	664.701
39.173	645.609
39.183	640.661
39.193	640.509
39.203	640.678
39.213	639.698
39.223	639.559
39.233	639.880
39.243	639.565
39.253	639.400
39.263	639.277
39.273	639.423
39.283	639.295
39.293	639.209
39.303	639.108
39.313	639.266
39.323	639.362
39.333	638.998
39.343	638.764
39.353	636.479
39.363	633.646
39.373	631.579
39.383	629.323
39.393	671.630
39.403	689.583
39.413	681.010
39.423	677.849
39.433	674.827
39.443	674.798
39.453	674.346
39.463	674.124
39.473	674.023
39.483	673.857
39.493	673.484
39.503	673.236
39.513	672.680
39.523	672.595
39.533	672.415
39.543	672.194
39.553	671.691
39.563	671.692
39.573	670.308
39.583	668.667
39.593	665.839
39.603	663.555
39.613	637.644
39.623	636.235
39.633	635.580
39.643	637.446
39.653	638.142
39.663	638.626
39.673	638.425
39.683	637.825
39.693	637.776
39.703	637.535
39.713	637.334
39.723	637.416
39.733	637.473
39.743	637.486
39.753	637.955
39.763	638.341
39.773	638.283
39.783	637.934
39.793	636.386
39.803	633.055
39.813	631.581
39.823	629.415
39.833	652.623
39.843	671.668
39.853	671.596
39.863	672.148
39.873	672.343
39.883	672.417
39.893	672.107
39.903	671.802
39.913	671.735
39.923	671.691
39.933	671.730
39.943	671.947
39.953	672.014
39.963	671.536
39.973	670.006
39.983	667.949
39.993	667.964
40.003	668.393
40.013	672.163
40.023	0.000
40.033	0.000
40.043	0.000
40.053	511.679
40.063	507.352
40.073	502.587
40.083	501.219
40.093	500.972
40.103	500.911
40.113	500.715
40.123	500.658
40.133	500.439
40.143	500.219
40.153	499.845
40.163	499.732
40.173	499.831
40.183	499.909
40.193	500.196
40.203	500.611
40.213	500.702
40.223	500.542
40.233	500.368
40.243	500.436
40.253	500.653
40.263	501.566
40.273	502.784
40.283	503.447
40.293	506.579
40.303	553.275
40.313	583.253
40.323	585.702
40.333	589.903
40.343	592.096
40.353	592.520
40.363	593.735
40.373	594.617
40.383	594.860
40.393	594.805
40.403	594.256
40.413	593.834
40.423	593.786
40.433	593.451
40.443	593.152
40.453	592.889
40.463	592.625
40.473	592.090
40.483	589.909
40.493	587.932
40.503	586.901
40.513	583.303
40.523	569.413
40.533	556.266
40.543	533.849
40.553	532.173
40.563	531.540
40.573	531.142
40.583	530.178
40.593	529.019
40.603	528.005
40.613	527.762
40.623	527.347
40.633	527.369
40.643	527.576
40.653	527.408
40.663	527.317
40.673	527.096
40.683	526.976
40.693	526.593
40.703	525.836
40.713	524.925
40.723	522.608
40.733	519.977
40.743	508.244
40.753	501.332
40.763	488.149
40.773	469.384
40.783	454.806
40.793	451.665
40.803	448.155
40.813	447.587
40.823	447.472
40.833	447.382
40.843	447.145
40.853	446.600
40.863	446.529
40.873	446.168
40.883	445.846
40.893	445.722
40.903	445.710
40.913	445.849
40.923	445.708
40.933	445.507
40.943	445.217
40.953	444.863
40.963	444.916
40.973	445.026
40.983	445.252
40.993	445.312
41.003	445.225
41.013	445.608
41.023	446.168
41.033	446.575
41.043	446.649
41.053	446.579
41.063	446.496
41.073	446.442
41.083	446.176
41.093	445.809
41.103	445.852
41.113	446.428
41.123	447.499
41.133	451.443
41.143	0.000
41.153	0.000
41.163	0.000
41.173	0.000
41.183	0.000
41.193	0.000
41.203	0.000
41.213	0.000
41.223	0.000
41.233	0.000
41.243	0.000
41.253	0.000
41.263	0.000
41.273	0.000
41.283	0.000
41.293	0.000
41.303	0.000
41.313	0.000
41.323	0.000
41.333	0.000
41.343	0.000
41.353	0.000
41.363	0.000
41.373	0.000
41.383	0.000
41.393	0.000
41.403	0.000
41.413	0.000
41.423	0.000
41.433	0.000
41.443	0.000
41.453	271.311
41.463	267.171
41.473	266.668
41.483	265.837
41.493	266.011
41.503	266.087
41.513	266.339
41.523	267.377
41.533	267.942
41.543	267.826
41.553	267.357
41.563	267.108
41.573	267.363
41.583	267.570
41.593	267.788
41.603	268.167
41.613	268.329
41.623	268.585
41.633	268.668
41.643	268.566
41.653	0.000
41.663	314.040
41.673	319.648
41.683	324.098
41.693	326.676
41.703	328.216
41.713	328.661
41.723	328.865
41.733	329.949
41.743	331.078
41.753	332.274
41.763	332.800
41.773	333.915
41.783	335.296
41.793	335.830
41.803	337.019
41.813	337.995
41.823	339.190
41.833	341.510
41.843	362.483
41.853	0.000
41.863	447.656
41.873	446.326
41.883	446.046
41.893	445.302
41.903	445.183
41.913	444.722
41.923	443.955
41.933	443.196
41.943	442.664
41.953	442.032
41.963	441.924
41.973	442.151
41.983	442.315
41.993	442.915
42.003	443.656
42.013	443.947
42.023	444.255
42.033	445.117
42.043	446.578
42.053	446.632
42.063	446.493
42.073	445.383
42.083	447.077
42.093	444.308
42.103	0.000
42.113	514.725
42.123	509.233
42.133	503.257
42.143	502.219
42.153	502.130
42.163	501.973
42.173	501.954
42.183	501.921
42.193	502.090
42.203	502.327
42.213	502.660
42.223	502.307
42.233	501.961
42.243	501.569
42.253	501.265
42.263	501.040
42.273	500.467
42.283	499.870
42.293	499.481
42.303	499.498
42.313	499.615
42.323	499.894
42.333	500.168
42.343	500.019
42.353	499.662
42.363	499.154
42.373	498.972
42.383	498.658
42.393	498.702
42.403	499.143
42.413	499.469
42.423	500.467
42.433	501.704
42.443	502.169
42.453	503.033
42.463	503.569
42.473	504.069
42.483	504.177
42.493	504.025
42.503	503.516
42.513	503.230
42.523	503.559
42.533	506.361
42.543	0.000
42.553	0.000
42.563	0.000
42.573	0.000
42.583	0.000
42.593	0.000
42.603	0.000
42.613	0.000
42.623	0.000
42.633	0.000
42.643	0.000
42.653	0.000
42.663	0.000
42.673	0.000
42.683	0.000
42.693	0.000
42.703	0.000
42.713	0.000
42.723	0.000
42.733	0.000
42.743	0.000
42.753	0.000
42.763	0.000
42.773	0.000
42.783	0.000
42.793	0.000
42.803	0.000
42.813	0.000
42.823	0.000
42.833	0.000
42.843	0.000
42.853	0.000
42.863	0.000
42.873	0.000
42.883	0.000
42.893	0.000
42.903	0.000
42.913	0.000
42.923	342.946
42.933	334.589
42.943	333.359
42.953	333.728
42.963	334.040
42.973	334.744
42.983	335.073
42.993	334.663
43.003	334.076
43.013	333.818
43.023	333.820
43.033	334.077
43.043	334.079
43.053	333.866
43.063	333.748
43.073	333.523
43.083	333.518
43.093	333.624
43.103	334.389
43.113	336.062
43.123	338.275
43.133	339.375
43.143	341.421
43.153	343.585
43.163	0.000
43.173	0.000
43.183	0.000
43.193	0.000
43.203	512.397
43.213	522.504
43.223	527.650
43.233	531.462
43.243	531.716
43.253	530.910
43.263	530.403
43.273	530.412
43.283	529.834
43.293	529.382
43.303	529.211
43.313	529.004
43.323	528.679
43.333	527.388
43.343	526.825
43.353	526.726
43.363	526.613
43.373	526.553
43.383	526.757
43.393	526.937
43.403	526.873
43.413	526.624
43.423	526.795
43.433	526.823
43.443	527.104
43.453	527.221
43.463	527.388
43.473	527.708
43.483	527.902
43.493	527.315
43.503	524.732
43.513	517.702
43.523	497.803
43.533	499.402
43.543	500.912
43.553	501.776
43.563	502.171
43.573	501.436
43.583	500.377
43.593	499.802
43.603	499.413
43.613	499.279
43.623	498.943
43.633	498.667
43.643	498.268
43.653	498.194
43.663	498.428
43.673	498.552
43.683	498.767
43.693	498.854
43.703	498.824
43.713	498.681
43.723	498.549
43.733	498.422
43.743	498.289
43.753	498.234
43.763	498.120
43.773	497.903
43.783	497.498
43.793	496.489
43.803	495.210
43.813	494.816
43.823	494.271
43.833	486.489
43.843	451.578
43.853	447.981
43.863	445.735
43.873	446.289
43.883	446.963
43.893	447.119
43.903	447.451
43.913	447.654
43.923	447.482
43.933	447.489
43.943	447.198
43.953	446.989
43.963	447.041
43.973	447.077
43.983	447.074
43.993	447.123
44.003	447.139
44.013	446.865
44.023	446.376
44.033	446.160
44.043	445.967
44.053	445.914
44.063	445.778
44.073	445.752
44.083	445.598
44.093	445.339
44.103	445.341
44.113	445.264
44.123	445.118
44.133	444.979
44.143	445.036
44.153	444.866
44.163	444.568
44.173	444.451
44.183	444.242
44.193	444.139
44.203	444.155
44.213	444.111
44.223	444.225
44.233	444.416
44.243	444.488
44.253	444.488
44.263	444.222
44.273	444.341
44.283	444.618
44.293	445.411
44.303	446.237
44.313	447.029
44.323	447.371
44.333	447.880
44.343	447.975
44.353	447.869
44.363	447.501
44.373	446.787
44.383	445.952
44.393	445.438
44.403	444.773
44.413	444.345
44.423	444.249
44.433	444.298
44.443	443.965
44.453	443.495
44.463	443.243
44.473	442.997
44.483	443.122
44.493	443.583
44.503	443.942
44.513	444.586
44.523	445.356
44.533	445.788
44.543	445.965
44.553	446.451
44.563	446.977
44.573	447.120
44.583	447.298
44.593	446.919
44.603	446.285
44.613	446.070
44.623	445.560
44.633	444.907
44.643	444.520
44.653	443.598
44.663	442.815
44.673	442.284
44.683	442.185
44.693	442.343
44.703	442.850
44.713	443.423
44.723	443.745
44.733	444.385
44.743	444.944
44.753	445.202
44.763	445.299
44.773	445.676
44.783	446.358
44.793	446.550
44.803	446.707
44.813	446.406
44.823	446.111
44.833	445.524
44.843	445.174
44.853	444.829
44.863	444.796
44.873	444.467
44.883	443.892
44.893	443.180
44.903	442.871
44.913	442.627
44.923	442.403
44.933	442.405
44.943	442.456
44.953	442.835
44.963	443.593
44.973	444.089
44.983	445.080
44.993	445.814
45.003	445.964
45.013	446.236
45.023	446.561
45.033	446.823
45.043	446.876
45.053	446.978
45.063	446.778
45.073	446.077
45.083	445.566
45.093	444.593
45.103	443.752
45.113	443.402
45.123	442.845
45.133	442.510
45.143	442.519
45.153	442.531
45.163	442.931
45.173	443.400
45.183	443.667
45.193	444.349
45.203	445.412
45.213	446.328
45.223	446.619
45.233	447.062
45.243	447.083
45.253	446.879
45.263	446.845
45.273	446.863
45.283	446.620
45.293	446.536
45.303	446.255
45.313	445.747
45.323	445.099
45.333	444.871
45.343	444.408
45.353	443.896
45.363	443.604
45.373	443.250
45.383	443.058
45.393	443.068
45.403	443.162
45.413	443.477
45.423	443.694
45.433	444.218
45.443	444.658
45.453	445.594
45.463	446.466
45.473	446.789
45.483	447.251
45.493	447.706
45.503	447.701
45.513	447.511
45.523	447.156
45.533	446.725
45.543	446.478
45.553	446.051
45.563	445.804
45.573	445.659
45.583	445.545
45.593	445.396
45.603	445.113
45.613	444.834
45.623	444.663
45.633	444.551
45.643	444.633
45.653	444.841
45.663	445.418
45.673	446.147
45.683	446.901
45.693	447.269
45.703	447.615
45.713	447.644
45.723	447.670
45.733	447.704
45.743	447.514
45.753	447.241
45.763	447.297
45.773	447.358
45.783	447.432
45.793	447.280
45.803	447.235
45.813	447.093
45.823	447.185
45.833	447.317
45.843	447.768
45.853	448.385
45.863	448.632
45.873	448.653
45.883	448.514
45.893	448.241
45.903	447.902
45.913	447.701
45.923	447.376
45.933	447.161
45.943	447.014
45.953	446.909
45.963	447.021
45.973	446.866
45.983	446.845
45.993	447.016
46.003	447.853
46.013	449.476
46.023	449.190
46.033	453.280
46.043	0.000
46.053	0.000
46.063	0.000
46.073	0.000
46.083	0.000
46.093	0.000
46.103	0.000
46.113	0.000
46.123	0.000
46.133	0.000
46.143	0.000
46.153	0.000
46.163	0.000
46.173	0.000
46.183	0.000
46.193	0.000
46.203	0.000
46.213	0.000
46.223	0.000
46.233	0.000
46.243	0.000
46.253	0.000
46.263	0.000
46.273	0.000
46.283	0.000
46.293	0.000
46.303	0.000
46.313	0.000
46.323	0.000
46.333	0.000
46.343	0.000
46.353	0.000
46.363	0.000
46.373	0.000
46.383	0.000
46.393	0.000
46.403	0.000
46.413	0.000
46.423	0.000
46.433	0.000
46.443	0.000
46.453	0.000
46.463	0.000
46.473	0.000
46.483	0.000
46.493	0.000
46.503	0.000
46.513	0.000
46.523	0.000
46.533	0.000
46.543	0.000
46.553	0.000
46.563	0.000
46.573	0.000
46.583	0.000
46.593	0.000
46.603	0.000
46.613	0.000
46.623	0.000
46.633	0.000
46.643	0.000
46.653	0.000
46.663	0.000
46.673	0.000
46.683	0.000
46.693	0.000
46.703	0.000
46.713	0.000
46.723	0.000
46.733	0.000
46.743	0.000
46.753	0.000
46.763	0.000
46.773	0.000
46.783	0.000
46.793	0.000
46.803	0.000
46.813	0.000
46.823	0.000
46.833	0.000
46.843	0.000
46.853	0.000
46.863	0.000
46.873	0.000
46.883	0.000
46.893	0.000
46.903	0.000
46.913	0.000
46.923	0.000
46.933	0.000
46.943	0.000
46.953	0.000
46.963	0.000
46.973	0.000
46.983	0.000
46.993	0.000
47.003	0.000
47.013	0.000
47.023	0.000
47.033	0.000
47.043	0.000
47.053	0.000
47.063	0.000
47.073	0.000
47.083	0.000
47.093	0.000
47.103	0.000
47.113	0.000
47.123	0.000
47.133	0.000
47.143	0.000
47.153	0.000
47.163	0.000
47.173	0.000
47.183	0.000
47.193	0.000
47.203	0.000
47.213	0.000
47.223	0.000
47.233	0.000
47.243	0.000
47.253	0.000
47.263	0.000
47.273	0.000
47.283	0.000
47.293	0.000
47.303	0.000
47.313	0.000
47.323	0.000
47.333	0.000
47.343	0.000
47.353	0.000
47.363	0.000
47.373	0.000
47.383	0.000
47.393	0.000
47.403	0.000
47.413	0.000
47.423	0.000
47.433	0.000
47.443	0.000
47.453	0.000
47.463	0.000
47.473	0.000
47.483	0.000
47.493	0.000
47.503	0.000
47.513	0.000
47.523	0.000
47.533	0.000
47.543	0.000
47.553	0.000
47.563	0.000
47.573	0.000
47.583	0.000
47.593	0.000
47.603	0.000
47.613	0.000
47.623	0.000
47.633	0.000
47.643	0.000
47.653	0.000
47.663	0.000
47.673	0.000
47.683	0.000
47.693	0.000
47.703	0.000
