0.023	0.000
0.033	0.000
0.043	0.000
0.053	0.000
0.063	0.000
0.073	0.000
0.083	0.000
0.093	0.000
0.103	0.000
0.113	0.000
0.123	0.000
0.133	0.000
0.143	0.000
0.153	0.000
0.163	0.000
0.173	0.000
0.183	0.000
0.193	0.000
0.203	0.000
0.213	0.000
0.223	0.000
0.233	0.000
0.243	0.000
0.253	0.000
0.263	0.000
0.273	0.000
0.283	0.000
0.293	0.000
0.303	0.000
0.313	0.000
0.323	0.000
0.333	0.000
0.343	0.000
0.353	0.000
0.363	0.000
0.373	0.000
0.383	0.000
0.393	0.000
0.403	0.000
0.413	0.000
0.423	0.000
0.433	0.000
0.443	0.000
0.453	0.000
0.463	0.000
0.473	0.000
0.483	0.000
0.493	0.000
0.503	0.000
0.513	0.000
0.523	0.000
0.533	0.000
0.543	0.000
0.553	0.000
0.563	0.000
0.573	0.000
0.583	0.000
0.593	0.000
0.603	0.000
0.613	0.000
0.623	0.000
0.633	0.000
0.643	0.000
0.653	0.000
0.663	0.000
0.673	0.000
0.683	0.000
0.693	0.000
0.703	0.000
0.713	0.000
0.723	0.000
0.733	0.000
0.743	0.000
0.753	0.000
0.763	0.000
0.773	0.000
0.783	0.000
0.793	0.000
0.803	0.000
0.813	0.000
0.823	0.000
0.833	0.000
0.843	0.000
0.853	0.000
0.863	0.000
0.873	0.000
0.883	0.000
0.893	0.000
0.903	0.000
0.913	0.000
0.923	0.000
0.933	0.000
0.943	0.000
0.953	0.000
0.963	0.000
0.973	0.000
0.983	0.000
0.993	0.000
1.003	0.000
1.013	0.000
1.023	0.000
1.033	0.000
1.043	0.000
1.053	0.000
1.063	0.000
1.073	0.000
1.083	0.000
1.093	0.000
1.103	0.000
1.113	0.000
1.123	0.000
1.133	0.000
1.143	0.000
1.153	0.000
1.163	0.000
1.173	0.000
1.183	0.000
1.193	0.000
1.203	0.000
1.213	0.000
1.223	0.000
1.233	0.000
1.243	0.000
1.253	0.000
1.263	0.000
1.273	0.000
1.283	0.000
1.293	0.000
1.303	0.000
1.313	0.000
1.323	0.000
1.333	0.000
1.343	0.000
1.353	0.000
1.363	0.000
1.373	0.000
1.383	0.000
1.393	0.000
1.403	0.000
1.413	0.000
1.423	0.000
1.433	0.000
1.443	0.000
1.453	0.000
1.463	0.000
1.473	0.000
1.483	0.000
1.493	0.000
1.503	0.000
1.513	0.000
1.523	0.000
1.533	0.000
1.543	0.000
1.553	0.000
1.563	0.000
1.573	0.000
1.583	0.000
1.593	0.000
1.603	0.000
1.613	0.000
1.623	0.000
1.633	0.000
1.643	0.000
1.653	0.000
1.663	0.000
1.673	0.000
1.683	0.000
1.693	0.000
1.703	0.000
1.713	0.000
1.723	0.000
1.733	0.000
1.743	0.000
1.753	0.000
1.763	0.000
1.773	0.000
1.783	0.000
1.793	0.000
1.803	0.000
1.813	0.000
1.823	0.000
1.833	0.000
1.843	0.000
1.853	0.000
1.863	0.000
1.873	0.000
1.883	0.000
1.893	0.000
1.903	0.000
1.913	0.000
1.923	0.000
1.933	0.000
1.943	0.000
1.953	0.000
1.963	0.000
1.973	0.000
1.983	0.000
1.993	0.000
2.003	0.000
2.013	0.000
2.023	0.000
2.033	0.000
2.043	0.000
2.053	0.000
2.063	0.000
2.073	0.000
2.083	0.000
2.093	0.000
2.103	0.000
2.113	0.000
2.123	0.000
2.133	0.000
2.143	0.000
2.153	0.000
2.163	0.000
2.173	0.000
2.183	0.000
2.193	0.000
2.203	0.000
2.213	0.000
2.223	0.000
2.233	0.000
2.243	0.000
2.253	0.000
2.263	0.000
2.273	0.000
2.283	0.000
2.293	0.000
2.303	0.000
2.313	0.000
2.323	0.000
2.333	0.000
2.343	0.000
2.353	0.000
2.363	0.000
2.373	0.000
2.383	0.000
2.393	0.000
2.403	0.000
2.413	0.000
2.423	0.000
2.433	0.000
2.443	0.000
2.453	0.000
2.463	0.000
2.473	0.000
2.483	0.000
2.493	0.000
2.503	0.000
2.513	0.000
2.523	0.000
2.533	0.000
2.543	0.000
2.553	0.000
2.563	0.000
2.573	0.000
2.583	0.000
2.593	0.000
2.603	0.000
2.613	0.000
2.623	0.000
2.633	0.000
2.643	0.000
2.653	0.000
2.663	0.000
2.673	0.000
2.683	0.000
2.693	0.000
2.703	0.000
2.713	0.000
2.723	0.000
2.733	0.000
2.743	0.000
2.753	0.000
2.763	0.000
2.773	0.000
2.783	0.000
2.793	0.000
2.803	0.000
2.813	0.000
2.823	0.000
2.833	0.000
2.843	0.000
2.853	0.000
2.863	0.000
2.873	0.000
2.883	0.000
2.893	0.000
2.903	0.000
2.913	0.000
2.923	0.000
2.933	0.000
2.943	0.000
2.953	0.000
2.963	0.000
2.973	0.000
2.983	0.000
2.993	0.000
3.003	0.000
3.013	0.000
3.023	0.000
3.033	0.000
3.043	0.000
3.053	0.000
3.063	0.000
3.073	0.000
3.083	0.000
3.093	0.000
3.103	0.000
3.113	0.000
3.123	0.000
3.133	0.000
3.143	0.000
3.153	0.000
3.163	0.000
3.173	0.000
3.183	0.000
3.193	0.000
3.203	0.000
3.213	0.000
3.223	0.000
3.233	0.000
3.243	0.000
3.253	0.000
3.263	0.000
3.273	0.000
3.283	0.000
3.293	0.000
3.303	0.000
3.313	0.000
3.323	0.000
3.333	0.000
3.343	0.000
3.353	0.000
3.363	0.000
3.373	0.000
3.383	0.000
3.393	0.000
3.403	0.000
3.413	0.000
3.423	0.000
3.433	0.000
3.443	0.000
3.453	0.000
3.463	0.000
3.473	0.000
3.483	0.000
3.493	0.000
3.503	0.000
3.513	0.000
3.523	0.000
3.533	0.000
3.543	0.000
3.553	0.000
3.563	0.000
3.573	0.000
3.583	0.000
3.593	0.000
3.603	0.000
3.613	0.000
3.623	0.000
3.633	0.000
3.643	0.000
3.653	0.000
3.663	0.000
3.673	0.000
3.683	0.000
3.693	0.000
3.703	0.000
3.713	0.000
3.723	0.000
3.733	0.000
3.743	0.000
3.753	0.000
3.763	0.000
3.773	0.000
3.783	0.000
3.793	0.000
3.803	0.000
3.813	0.000
3.823	0.000
3.833	0.000
3.843	0.000
3.853	0.000
3.863	0.000
3.873	0.000
3.883	0.000
3.893	0.000
3.903	0.000
3.913	0.000
3.923	0.000
3.933	0.000
3.943	0.000
3.953	0.000
3.963	0.000
3.973	0.000
3.983	0.000
3.993	0.000
4.003	0.000
4.013	0.000
4.023	0.000
4.033	0.000
4.043	0.000
4.053	0.000
4.063	0.000
4.073	0.000
4.083	0.000
4.093	0.000
4.103	0.000
4.113	0.000
4.123	0.000
4.133	0.000
4.143	0.000
4.153	0.000
4.163	0.000
4.173	0.000
4.183	0.000
4.193	0.000
4.203	0.000
4.213	0.000
4.223	0.000
4.233	0.000
4.243	0.000
4.253	0.000
4.263	0.000
4.273	0.000
4.283	0.000
4.293	0.000
4.303	0.000
4.313	0.000
4.323	0.000
4.333	0.000
4.343	0.000
4.353	0.000
4.363	0.000
4.373	0.000
4.383	0.000
4.393	107.064
4.403	107.551
4.413	108.314
4.423	108.905
4.433	109.086
4.443	109.103
4.453	108.988
4.463	108.750
4.473	108.544
4.483	108.420
4.493	108.277
4.503	108.573
4.513	108.705
4.523	109.061
4.533	109.658
4.543	110.087
4.553	110.257
4.563	110.482
4.573	110.745
4.583	110.866
4.593	110.613
4.603	0.000
4.613	0.000
4.623	0.000
4.633	0.000
4.643	0.000
4.653	0.000
4.663	0.000
4.673	0.000
4.683	159.656
4.693	160.882
4.703	162.922
4.713	162.942
4.723	163.984
4.733	164.033
4.743	164.420
4.753	164.975
4.763	165.155
4.773	164.993
4.783	165.267
4.793	165.448
4.803	165.821
4.813	166.268
4.823	166.986
4.833	167.361
4.843	167.459
4.853	167.743
4.863	168.175
4.873	168.446
4.883	168.115
4.893	166.331
4.903	162.579
4.913	162.949
4.923	0.000
4.933	0.000
4.943	0.000
4.953	219.697
4.963	221.143
4.973	220.235
4.983	220.542
4.993	220.527
5.003	220.645
5.013	220.840
5.023	221.086
5.033	221.236
5.043	221.126
5.053	221.139
5.063	221.229
5.073	221.357
5.083	221.368
5.093	221.316
5.103	221.143
5.113	220.998
5.123	220.692
5.133	220.563
5.143	220.470
5.153	220.496
5.163	220.608
5.173	220.559
5.183	220.657
5.193	220.548
5.203	220.510
5.213	220.424
5.223	220.403
5.233	220.431
5.243	220.363
5.253	220.335
5.263	220.295
5.273	220.335
5.283	220.265
5.293	220.385
5.303	220.468
5.313	220.641
5.323	220.639
5.333	220.838
5.343	220.818
5.353	220.767
5.363	220.761
5.373	220.729
5.383	220.820
5.393	220.961
5.403	221.095
5.413	221.134
5.423	221.218
5.433	221.116
5.443	221.144
5.453	221.149
5.463	221.392
5.473	221.659
5.483	222.310
5.493	222.512
5.503	222.475
5.513	220.458
5.523	219.853
5.533	222.099
5.543	224.118
5.553	219.938
5.563	0.000
5.573	0.000
5.583	0.000
5.593	0.000
5.603	0.000
5.613	0.000
5.623	0.000
5.633	0.000
5.643	0.000
5.653	0.000
5.663	0.000
5.673	0.000
5.683	0.000
5.693	0.000
5.703	0.000
5.713	0.000
5.723	0.000
5.733	0.000
5.743	0.000
5.753	0.000
5.763	0.000
5.773	0.000
5.783	0.000
5.793	0.000
5.803	0.000
5.813	0.000
5.823	0.000
5.833	0.000
5.843	181.633
5.853	173.188
5.863	165.679
5.873	165.211
5.883	165.374
5.893	165.642
5.903	165.781
5.913	165.596
5.923	165.504
5.933	165.066
5.943	164.692
5.953	164.606
5.963	164.694
5.973	164.917
5.983	165.072
5.993	165.058
6.003	165.102
6.013	165.035
6.023	164.833
6.033	164.727
6.043	164.721
6.053	164.951
6.063	165.164
6.073	165.483
6.083	165.045
6.093	161.273
6.103	163.502
6.113	0.000
6.123	0.000
6.133	0.000
6.143	214.753
6.153	212.974
6.163	211.457
6.173	211.686
6.183	211.066
6.193	211.299
6.203	211.154
6.213	211.246
6.223	210.967
6.233	210.981
6.243	210.880
6.253	210.810
6.263	210.568
6.273	210.215
6.283	210.076
6.293	209.906
6.303	209.748
6.313	209.764
6.323	209.807
6.333	209.844
6.343	209.414
6.353	208.885
6.363	207.022
6.373	209.222
6.383	0.000
6.393	0.000
6.403	253.940
6.413	254.354
6.423	253.671
6.433	252.858
6.443	252.333
6.453	252.016
6.463	251.974
6.473	251.942
6.483	251.626
6.493	251.498
6.503	251.439
6.513	251.335
6.523	251.234
6.533	251.319
6.543	251.272
6.553	251.190
6.563	251.163
6.573	250.998
6.583	250.778
6.593	250.486
6.603	250.173
6.613	249.746
6.623	249.443
6.633	249.034
6.643	248.996
6.653	248.919
6.663	248.985
6.673	249.227
6.683	249.296
6.693	249.411
6.703	249.487
6.713	249.443
6.723	249.328
6.733	249.304
6.743	249.395
6.753	249.463
6.763	249.625
6.773	249.771
6.783	249.810
6.793	249.886
6.803	249.830
6.813	249.845
6.823	249.795
6.833	249.777
6.843	249.779
6.853	249.742
6.863	249.833
6.873	249.812
6.883	249.658
6.893	249.624
6.903	249.407
6.913	249.130
6.923	248.830
6.933	248.727
6.943	248.558
6.953	248.417
6.963	248.377
6.973	248.197
6.983	247.907
6.993	248.159
7.003	249.134
7.013	0.000
7.023	0.000
7.033	0.000
7.043	0.000
7.053	0.000
7.063	0.000
7.073	0.000
7.083	0.000
7.093	0.000
7.103	0.000
7.113	0.000
7.123	0.000
7.133	0.000
7.143	0.000
7.153	0.000
7.163	0.000
7.173	0.000
7.183	0.000
7.193	0.000
7.203	0.000
7.213	0.000
7.223	0.000
7.233	0.000
7.243	0.000
7.253	0.000
7.263	0.000
7.273	0.000
7.283	104.260
7.293	104.069
7.303	105.473
7.313	107.422
7.323	107.826
7.333	108.719
7.343	109.361
7.353	109.702
7.363	109.825
7.373	110.034
7.383	109.972
7.393	109.862
7.403	109.769
7.413	109.513
7.423	109.240
7.433	109.232
7.443	109.403
7.453	109.788
7.463	110.277
7.473	110.403
7.483	110.678
7.493	111.214
7.503	0.000
7.513	0.000
7.523	0.000
7.533	0.000
7.543	0.000
7.553	162.067
7.563	162.610
7.573	163.085
7.583	163.568
7.593	163.751
7.603	164.309
7.613	164.671
7.623	165.178
7.633	165.525
7.643	165.593
7.653	165.753
7.663	165.788
7.673	165.907
7.683	165.794
7.693	165.741
7.703	165.848
7.713	166.161
7.723	166.403
7.733	167.069
7.743	167.900
7.753	168.746
7.763	168.726
7.773	168.255
7.783	0.000
7.793	0.000
7.803	0.000
7.813	218.609
7.823	217.277
7.833	217.069
7.843	218.051
7.853	218.789
7.863	218.992
7.873	219.445
7.883	219.579
7.893	219.867
7.903	219.852
7.913	220.116
7.923	220.166
7.933	220.119
7.943	220.066
7.953	219.971
7.963	219.888
7.973	219.921
7.983	220.085
7.993	220.273
8.003	220.522
8.013	220.746
8.023	221.082
8.033	221.352
8.043	221.518
8.053	221.546
8.063	221.522
8.073	221.541
8.083	221.519
8.093	221.655
8.103	221.694
8.113	221.651
8.123	221.530
8.133	221.547
8.143	221.793
8.153	221.851
8.163	221.862
8.173	221.862
8.183	221.915
8.193	221.849
8.203	221.902
8.213	221.932
8.223	221.753
8.233	221.831
8.243	221.947
8.253	221.916
8.263	221.840
8.273	221.816
8.283	221.804
8.293	221.769
8.303	221.814
8.313	221.900
8.323	222.061
8.333	222.118
8.343	222.412
8.353	222.350
8.363	222.415
8.373	222.532
8.383	222.679
8.393	222.699
8.403	222.713
8.413	222.535
8.423	222.561
8.433	222.533
8.443	222.711
8.453	222.834
8.463	222.766
8.473	222.232
8.483	222.482
8.493	223.683
8.503	0.000
8.513	0.000
8.523	0.000
8.533	0.000
8.543	0.000
8.553	0.000
8.563	0.000
8.573	0.000
8.583	0.000
8.593	0.000
8.603	0.000
8.613	0.000
8.623	0.000
8.633	0.000
8.643	0.000
8.653	0.000
8.663	0.000
8.673	0.000
8.683	0.000
8.693	0.000
8.703	0.000
8.713	0.000
8.723	0.000
8.733	0.000
8.743	0.000
8.753	0.000
8.763	0.000
8.773	0.000
8.783	0.000
8.793	0.000
8.803	0.000
8.813	0.000
8.823	0.000
8.833	0.000
8.843	0.000
8.853	0.000
8.863	0.000
8.873	0.000
8.883	0.000
8.893	0.000
8.903	0.000
8.913	0.000
8.923	0.000
8.933	0.000
8.943	0.000
8.953	0.000
8.963	0.000
8.973	0.000
8.983	0.000
8.993	0.000
9.003	0.000
9.013	0.000
9.023	0.000
9.033	0.000
9.043	0.000
9.053	0.000
9.063	0.000
9.073	0.000
9.083	0.000
9.093	0.000
9.103	0.000
9.113	0.000
9.123	0.000
9.133	0.000
9.143	0.000
9.153	0.000
9.163	0.000
9.173	0.000
9.183	0.000
9.193	0.000
9.203	0.000
9.213	0.000
9.223	0.000
9.233	0.000
9.243	0.000
9.253	0.000
9.263	0.000
9.273	0.000
9.283	0.000
9.293	0.000
9.303	0.000
9.313	0.000
9.323	0.000
9.333	0.000
9.343	0.000
9.353	0.000
9.363	0.000
9.373	0.000
9.383	0.000
9.393	0.000
9.403	0.000
9.413	0.000
9.423	0.000
9.433	0.000
9.443	0.000
9.453	0.000
9.463	0.000
9.473	0.000
9.483	0.000
9.493	0.000
9.503	0.000
9.513	0.000
9.523	0.000
9.533	0.000
9.543	0.000
9.553	0.000
9.563	0.000
9.573	0.000
9.583	0.000
9.593	0.000
9.603	0.000
9.613	0.000
9.623	0.000
9.633	0.000
9.643	0.000
9.653	0.000
9.663	0.000
9.673	0.000
9.683	0.000
9.693	0.000
9.703	0.000
9.713	0.000
9.723	0.000
9.733	0.000
9.743	0.000
9.753	0.000
9.763	0.000
9.773	0.000
9.783	0.000
9.793	0.000
9.803	0.000
9.813	0.000
9.823	0.000
9.833	0.000
9.843	0.000
9.853	0.000
9.863	0.000
9.873	0.000
9.883	0.000
9.893	0.000
9.903	0.000
9.913	0.000
9.923	0.000
9.933	0.000
9.943	0.000
9.953	0.000
9.963	0.000
9.973	0.000
9.983	0.000
9.993	0.000
10.003	0.000
10.013	0.000
10.023	0.000
10.033	0.000
10.043	0.000
10.053	0.000
10.063	0.000
10.073	0.000
10.083	0.000
10.093	0.000
10.103	0.000
10.113	0.000
10.123	0.000
10.133	0.000
10.143	0.000
10.153	0.000
10.163	0.000
10.173	108.419
10.183	109.404
10.193	109.553
10.203	109.158
10.213	109.311
10.223	109.360
10.233	109.729
10.243	110.079
10.253	110.106
10.263	110.166
10.273	110.175
10.283	110.161
10.293	110.245
10.303	110.488
10.313	110.783
10.323	110.858
10.333	111.112
10.343	111.404
10.353	111.639
10.363	112.083
10.373	113.031
10.383	114.119
10.393	114.655
10.403	0.000
10.413	0.000
10.423	0.000
10.433	0.000
10.443	0.000
10.453	0.000
10.463	0.000
10.473	0.000
10.483	213.710
10.493	213.270
10.503	212.994
10.513	210.679
10.523	216.200
10.533	216.993
10.543	215.660
10.553	213.835
10.563	212.178
10.573	210.945
10.583	208.648
10.593	206.176
10.603	197.040
10.613	193.207
10.623	189.091
10.633	0.000
10.643	0.000
10.653	0.000
10.663	0.000
10.673	234.223
10.683	233.052
10.693	226.752
10.703	219.071
10.713	219.266
10.723	219.785
10.733	221.038
10.743	221.706
10.753	221.978
10.763	222.446
10.773	222.939
10.783	223.170
10.793	223.237
10.803	223.192
10.813	223.131
10.823	223.153
10.833	223.068
10.843	222.986
10.853	222.924
10.863	222.782
10.873	222.744
10.883	222.713
10.893	222.694
10.903	222.265
10.913	222.006
10.923	221.721
10.933	221.760
10.943	221.706
10.953	221.805
10.963	222.048
10.973	222.108
10.983	222.238
10.993	222.207
11.003	222.197
11.013	222.134
11.023	222.119
11.033	222.063
11.043	222.124
11.053	222.245
11.063	222.426
11.073	222.559
11.083	222.519
11.093	222.514
11.103	222.626
11.113	222.709
11.123	222.897
11.133	223.017
11.143	223.115
11.153	223.163
11.163	223.110
11.173	223.153
11.183	223.139
11.193	223.216
11.203	223.053
11.213	222.563
11.223	222.352
11.233	222.134
11.243	221.939
11.253	220.540
11.263	220.148
11.273	220.554
11.283	221.240
11.293	221.114
11.303	0.000
11.313	0.000
11.323	0.000
11.333	0.000
11.343	0.000
11.353	0.000
11.363	0.000
11.373	0.000
11.383	0.000
11.393	0.000
11.403	0.000
11.413	0.000
11.423	0.000
11.433	0.000
11.443	0.000
11.453	0.000
11.463	0.000
11.473	0.000
11.483	0.000
11.493	0.000
11.503	0.000
11.513	0.000
11.523	0.000
11.533	177.415
11.543	174.461
11.553	166.205
11.563	165.767
11.573	166.034
11.583	166.191
11.593	166.332
11.603	166.241
11.613	166.346
11.623	166.343
11.633	166.405
11.643	166.469
11.653	166.537
11.663	166.694
11.673	166.789
11.683	166.773
11.693	166.894
11.703	167.272
11.713	167.570
11.723	167.708
11.733	168.002
11.743	168.223
11.753	168.586
11.763	169.539
11.773	0.000
11.783	0.000
11.793	0.000
11.803	213.718
11.813	210.586
11.823	210.117
11.833	210.567
11.843	210.074
11.853	209.853
11.863	210.052
11.873	209.901
11.883	209.732
11.893	209.781
11.903	209.791
11.913	209.862
11.923	210.023
11.933	210.173
11.943	210.321
11.953	210.450
11.963	210.608
11.973	210.744
11.983	210.837
11.993	211.065
12.003	211.108
12.013	210.997
12.023	210.498
12.033	209.999
12.043	0.000
12.053	0.000
12.063	254.887
12.073	254.045
12.083	252.890
12.093	251.478
12.103	250.602
12.113	249.758
12.123	249.650
12.133	249.521
12.143	249.650
12.153	249.800
12.163	249.806
12.173	249.684
12.183	249.543
12.193	249.407
12.203	249.233
12.213	249.100
12.223	249.056
12.233	249.080
12.243	249.065
12.253	249.220
12.263	249.258
12.273	249.362
12.283	249.623
12.293	249.826
12.303	249.952
12.313	250.302
12.323	250.517
12.333	250.522
12.343	250.621
12.353	250.570
12.363	250.571
12.373	250.530
12.383	250.547
12.393	250.465
12.403	250.332
12.413	250.397
12.423	250.297
12.433	250.359
12.443	250.220
12.453	250.144
12.463	250.026
12.473	249.831
12.483	249.736
12.493	249.631
12.503	249.583
12.513	249.330
12.523	249.161
12.533	248.664
12.543	248.255
12.553	248.225
12.563	247.608
12.573	247.082
12.583	248.245
12.593	248.121
12.603	252.763
12.613	0.000
12.623	0.000
12.633	0.000
12.643	0.000
12.653	0.000
12.663	0.000
12.673	0.000
12.683	0.000
12.693	0.000
12.703	0.000
12.713	0.000
12.723	0.000
12.733	0.000
12.743	0.000
12.753	0.000
12.763	0.000
12.773	0.000
12.783	0.000
12.793	0.000
12.803	0.000
12.813	0.000
12.823	0.000
12.833	0.000
12.843	0.000
12.853	0.000
12.863	0.000
12.873	0.000
12.883	0.000
12.893	0.000
12.903	0.000
12.913	0.000
12.923	0.000
12.933	0.000
12.943	0.000
12.953	0.000
12.963	0.000
12.973	116.710
12.983	116.712
12.993	115.994
13.003	115.711
13.013	115.419
13.023	115.619
13.033	115.637
13.043	114.608
13.053	112.994
13.063	112.563
13.073	111.167
13.083	110.311
13.093	109.995
13.103	109.607
13.113	109.264
13.123	109.623
13.133	110.440
13.143	111.974
13.153	0.000
13.163	0.000
13.173	0.000
13.183	0.000
13.193	166.767
13.203	166.193
13.213	165.465
13.223	165.412
13.233	165.979
13.243	166.142
13.253	167.081
13.263	167.905
13.273	168.228
13.283	168.728
13.293	169.397
13.303	170.105
13.313	170.130
13.323	170.006
13.333	169.839
13.343	169.900
13.353	170.202
13.363	170.716
13.373	171.273
13.383	171.802
13.393	172.624
13.403	174.444
13.413	180.422
13.423	0.000
13.433	0.000
13.443	218.118
13.453	220.230
13.463	221.679
13.473	223.492
13.483	224.229
13.493	225.201
13.503	224.792
13.513	224.795
13.523	225.952
13.533	225.548
13.543	226.080
13.553	225.713
13.563	226.061
13.573	225.532
13.583	225.120
13.593	225.612
13.603	225.531
13.613	225.442
13.623	224.742
13.633	224.557
13.643	224.036
13.653	223.763
13.663	223.409
13.673	223.196
13.683	222.838
13.693	222.477
13.703	222.206
13.713	222.025
13.723	221.746
13.733	221.454
13.743	221.414
13.753	221.331
13.763	221.291
13.773	221.290
13.783	221.309
13.793	221.422
13.803	221.603
13.813	221.574
13.823	221.491
13.833	221.392
13.843	221.329
13.853	221.350
13.863	221.286
13.873	221.272
13.883	221.269
13.893	221.315
13.903	221.538
13.913	221.771
13.923	221.866
13.933	222.042
13.943	222.199
13.953	222.259
13.963	222.318
13.973	221.801
13.983	221.244
13.993	220.920
14.003	220.755
14.013	220.527
14.023	221.115
14.033	221.092
14.043	221.939
14.053	222.542
14.063	223.160
14.073	0.000
14.083	0.000
14.093	0.000
14.103	0.000
14.113	0.000
14.123	0.000
14.133	0.000
14.143	0.000
14.153	0.000
14.163	0.000
14.173	0.000
14.183	0.000
14.193	0.000
14.203	0.000
14.213	0.000
14.223	0.000
14.233	0.000
14.243	0.000
14.253	0.000
14.263	0.000
14.273	0.000
14.283	0.000
14.293	0.000
14.303	0.000
14.313	0.000
14.323	0.000
14.333	0.000
14.343	0.000
14.353	0.000
14.363	0.000
14.373	0.000
14.383	0.000
14.393	0.000
14.403	0.000
14.413	0.000
14.423	0.000
14.433	0.000
14.443	0.000
14.453	0.000
14.463	0.000
14.473	0.000
14.483	0.000
14.493	0.000
14.503	0.000
14.513	0.000
14.523	0.000
14.533	0.000
14.543	0.000
14.553	0.000
14.563	0.000
14.573	0.000
14.583	0.000
14.593	0.000
14.603	0.000
14.613	0.000
14.623	0.000
14.633	0.000
14.643	0.000
14.653	0.000
14.663	0.000
14.673	0.000
14.683	0.000
14.693	0.000
14.703	0.000
14.713	0.000
14.723	0.000
14.733	0.000
14.743	0.000
14.753	0.000
14.763	0.000
14.773	0.000
14.783	0.000
14.793	0.000
14.803	0.000
14.813	0.000
14.823	0.000
14.833	0.000
14.843	0.000
14.853	0.000
14.863	0.000
14.873	0.000
14.883	0.000
14.893	0.000
14.903	0.000
14.913	0.000
14.923	0.000
14.933	0.000
14.943	0.000
14.953	0.000
14.963	0.000
14.973	0.000
14.983	0.000
14.993	0.000
15.003	0.000
15.013	0.000
15.023	0.000
15.033	0.000
15.043	0.000
15.053	0.000
15.063	0.000
15.073	0.000
15.083	0.000
15.093	0.000
15.103	0.000
15.113	0.000
15.123	0.000
15.133	0.000
15.143	0.000
15.153	0.000
15.163	0.000
15.173	0.000
15.183	0.000
15.193	0.000
15.203	0.000
15.213	0.000
15.223	0.000
15.233	0.000
15.243	0.000
15.253	0.000
15.263	0.000
15.273	0.000
15.283	0.000
15.293	0.000
15.303	0.000
15.313	0.000
15.323	0.000
15.333	0.000
15.343	0.000
15.353	0.000
15.363	0.000
15.373	0.000
15.383	0.000
15.393	0.000
15.403	0.000
15.413	0.000
15.423	0.000
15.433	0.000
15.443	0.000
15.453	0.000
15.463	0.000
15.473	0.000
15.483	0.000
15.493	0.000
15.503	0.000
15.513	0.000
15.523	0.000
15.533	0.000
15.543	0.000
15.553	0.000
15.563	0.000
15.573	0.000
15.583	0.000
15.593	0.000
15.603	0.000
15.613	0.000
15.623	0.000
15.633	0.000
15.643	0.000
15.653	0.000
15.663	0.000
15.673	0.000
15.683	0.000
15.693	0.000
15.703	0.000
15.713	0.000
15.723	0.000
15.733	0.000
15.743	0.000
15.753	0.000
15.763	0.000
15.773	0.000
15.783	0.000
15.793	0.000
15.803	0.000
15.813	0.000
15.823	107.282
15.833	107.194
15.843	109.083
15.853	110.572
15.863	110.556
15.873	110.708
15.883	110.515
15.893	110.503
15.903	110.631
15.913	110.727
15.923	110.971
15.933	111.130
15.943	111.236
15.953	111.293
15.963	111.454
15.973	111.789
15.983	111.995
15.993	112.351
16.003	112.880
16.013	113.142
16.023	113.563
16.033	113.971
16.043	0.000
16.053	0.000
16.063	0.000
16.073	0.000
16.083	0.000
16.093	0.000
16.103	163.623
16.113	164.970
16.123	164.847
16.133	166.096
16.143	166.427
16.153	166.955
16.163	167.203
16.173	167.575
16.183	167.608
16.193	167.706
16.203	167.737
16.213	167.744
16.223	167.346
16.233	167.272
16.243	166.943
16.253	167.088
16.263	167.360
16.273	167.495
16.283	167.908
16.293	168.480
16.303	169.097
16.313	169.735
16.323	169.205
16.333	174.772
16.343	0.000
16.353	0.000
16.363	220.526
16.373	217.822
16.383	218.434
16.393	219.584
16.403	220.580
16.413	220.362
16.423	221.408
16.433	221.555
16.443	221.747
16.453	221.960
16.463	222.208
16.473	222.359
16.483	222.253
16.493	222.141
16.503	221.816
16.513	221.462
16.523	221.402
16.533	221.372
16.543	221.463
16.553	221.519
16.563	221.552
16.573	221.419
16.583	221.414
16.593	221.304
16.603	221.299
16.613	221.236
16.623	221.356
16.633	221.396
16.643	221.548
16.653	221.508
16.663	221.469
16.673	221.420
16.683	221.461
16.693	221.526
16.703	221.601
16.713	221.716
16.723	221.888
16.733	221.992
16.743	222.084
16.753	222.176
16.763	222.235
16.773	222.239
16.783	222.112
16.793	221.916
16.803	221.824
16.813	221.804
16.823	221.607
16.833	221.262
16.843	221.196
16.853	220.897
16.863	220.325
16.873	221.077
16.883	220.469
16.893	0.000
16.903	0.000
16.913	0.000
16.923	0.000
16.933	0.000
16.943	0.000
16.953	0.000
16.963	0.000
16.973	0.000
16.983	0.000
16.993	0.000
17.003	0.000
17.013	0.000
17.023	0.000
17.033	0.000
17.043	0.000
17.053	0.000
17.063	0.000
17.073	0.000
17.083	0.000
17.093	0.000
17.103	0.000
17.113	0.000
17.123	0.000
17.133	0.000
17.143	0.000
17.153	0.000
17.163	0.000
17.173	0.000
17.183	0.000
17.193	0.000
17.203	0.000
17.213	0.000
17.223	0.000
17.233	0.000
17.243	165.200
17.253	164.349
17.263	164.762
17.273	165.378
17.283	165.506
17.293	165.722
17.303	165.658
17.313	165.728
17.323	165.662
17.333	165.669
17.343	165.771
17.353	165.782
17.363	165.850
17.373	166.061
17.383	166.166
17.393	166.318
17.403	166.556
17.413	167.008
17.423	167.183
17.433	167.803
17.443	168.594
17.453	167.784
17.463	0.000
17.473	0.000
17.483	0.000
17.493	0.000
17.503	217.580
17.513	211.594
17.523	208.658
17.533	208.866
17.543	208.841
17.553	208.593
17.563	208.793
17.573	208.983
17.583	209.164
17.593	209.356
17.603	209.476
17.613	209.564
17.623	209.714
17.633	209.746
17.643	209.683
17.653	209.729
17.663	209.954
17.673	210.112
17.683	210.388
17.693	210.567
17.703	210.743
17.713	210.744
17.723	210.582
17.733	211.497
17.743	0.000
17.753	0.000
17.763	245.478
17.773	249.263
17.783	249.093
17.793	248.606
17.803	248.511
17.813	248.392
17.823	248.124
17.833	248.170
17.843	248.140
17.853	248.075
17.863	247.846
17.873	247.915
17.883	248.058
17.893	248.278
17.903	248.520
17.913	248.585
17.923	248.531
17.933	248.442
17.943	248.564
17.953	248.858
17.963	248.954
17.973	249.166
17.983	249.225
17.993	249.259
18.003	249.398
18.013	249.717
18.023	249.912
18.033	249.942
18.043	250.108
18.053	250.165
18.063	250.353
18.073	250.515
18.083	250.826
18.093	251.139
18.103	251.273
18.113	251.308
18.123	251.143
18.133	250.913
18.143	250.861
18.153	250.967
18.163	251.056
18.173	251.028
18.183	250.947
18.193	250.757
18.203	250.319
18.213	250.079
18.223	249.558
18.233	249.550
18.243	249.815
18.253	249.527
18.263	249.995
18.273	250.235
18.283	253.073
18.293	0.000
18.303	0.000
18.313	0.000
18.323	0.000
18.333	0.000
18.343	0.000
18.353	0.000
18.363	0.000
18.373	0.000
18.383	0.000
18.393	0.000
18.403	0.000
18.413	0.000
18.423	0.000
18.433	0.000
18.443	0.000
18.453	0.000
18.463	0.000
18.473	0.000
18.483	0.000
18.493	0.000
18.503	0.000
18.513	0.000
18.523	0.000
18.533	0.000
18.543	0.000
18.553	0.000
18.563	0.000
18.573	0.000
18.583	0.000
18.593	0.000
18.603	0.000
18.613	0.000
18.623	0.000
18.633	0.000
18.643	0.000
18.653	0.000
18.663	0.000
18.673	0.000
18.683	0.000
18.693	0.000
18.703	117.027
18.713	114.665
18.723	112.586
18.733	110.867
18.743	110.106
18.753	109.961
18.763	109.415
18.773	109.126
18.783	109.119
18.793	109.269
18.803	109.621
18.813	109.791
18.823	109.905
18.833	109.992
18.843	110.418
18.853	110.814
18.863	110.934
18.873	111.519
18.883	112.164
18.893	112.981
18.903	0.000
18.913	0.000
18.923	0.000
18.933	0.000
18.943	0.000
18.953	0.000
18.963	0.000
18.973	163.514
18.983	164.630
18.993	166.254
19.003	166.653
19.013	166.812
19.023	167.644
19.033	167.926
19.043	168.232
19.053	168.497
19.063	168.818
19.073	168.901
19.083	168.832
19.093	168.690
19.103	168.492
19.113	168.499
19.123	168.573
19.133	168.687
19.143	168.763
19.153	168.822
19.163	169.191
19.173	169.366
19.183	168.978
19.193	168.186
19.203	173.061
19.213	0.000
19.223	0.000
19.233	0.000
19.243	219.257
19.253	218.298
19.263	219.333
19.273	219.823
19.283	221.001
19.293	221.160
19.303	221.658
19.313	221.868
19.323	222.348
19.333	222.257
19.343	222.397
19.353	222.322
19.363	222.305
19.373	222.324
19.383	222.397
19.393	222.393
19.403	222.440
19.413	222.508
19.423	222.708
19.433	222.648
19.443	222.704
19.453	222.878
19.463	222.823
19.473	222.633
19.483	222.499
19.493	222.350
19.503	222.200
19.513	222.291
19.523	222.235
19.533	222.247
19.543	222.230
19.553	222.260
19.563	222.109
19.573	222.126
19.583	222.165
19.593	222.181
19.603	222.202
19.613	222.210
19.623	222.169
19.633	222.045
19.643	222.036
19.653	221.953
19.663	221.946
19.673	221.892
19.683	221.935
19.693	221.872
19.703	222.121
19.713	222.267
19.723	222.375
19.733	222.644
19.743	223.119
19.753	224.319
19.763	224.592
19.773	227.176
19.783	0.000
19.793	0.000
19.803	0.000
19.813	0.000
19.823	0.000
19.833	0.000
19.843	0.000
19.853	0.000
19.863	0.000
19.873	0.000
19.883	0.000
19.893	0.000
19.903	0.000
19.913	0.000
19.923	0.000
19.933	0.000
19.943	0.000
19.953	0.000
19.963	0.000
19.973	0.000
19.983	0.000
19.993	0.000
20.003	0.000
20.013	0.000
20.023	0.000
20.033	0.000
20.043	0.000
20.053	0.000
20.063	0.000
20.073	0.000
20.083	0.000
20.093	0.000
20.103	0.000
20.113	0.000
20.123	0.000
20.133	0.000
20.143	0.000
20.153	0.000
20.163	0.000
20.173	0.000
20.183	0.000
20.193	0.000
20.203	0.000
20.213	0.000
20.223	0.000
20.233	0.000
20.243	0.000
20.253	0.000
20.263	0.000
20.273	0.000
20.283	0.000
20.293	0.000
20.303	0.000
20.313	0.000
20.323	0.000
20.333	0.000
20.343	0.000
20.353	0.000
20.363	0.000
20.373	0.000
20.383	0.000
20.393	0.000
20.403	0.000
20.413	0.000
20.423	0.000
20.433	0.000
20.443	0.000
20.453	0.000
20.463	0.000
20.473	0.000
20.483	0.000
20.493	0.000
20.503	0.000
20.513	0.000
20.523	0.000
20.533	0.000
20.543	0.000
20.553	0.000
20.563	0.000
20.573	0.000
20.583	0.000
20.593	0.000
20.603	0.000
20.613	0.000
20.623	0.000
20.633	0.000
20.643	0.000
20.653	0.000
20.663	0.000
20.673	0.000
20.683	0.000
20.693	0.000
20.703	0.000
20.713	0.000
20.723	0.000
20.733	0.000
20.743	0.000
20.753	0.000
20.763	0.000
20.773	0.000
20.783	0.000
20.793	0.000
20.803	0.000
20.813	0.000
20.823	0.000
20.833	0.000
20.843	0.000
20.853	0.000
20.863	0.000
20.873	0.000
20.883	0.000
20.893	0.000
20.903	0.000
20.913	0.000
20.923	0.000
20.933	0.000
20.943	0.000
20.953	0.000
20.963	0.000
20.973	0.000
20.983	0.000
20.993	0.000
21.003	0.000
21.013	0.000
21.023	0.000
21.033	0.000
21.043	0.000
21.053	0.000
21.063	0.000
21.073	0.000
21.083	0.000
21.093	0.000
21.103	0.000
21.113	0.000
21.123	0.000
21.133	0.000
21.143	0.000
21.153	0.000
21.163	0.000
21.173	0.000
21.183	0.000
21.193	0.000
21.203	0.000
21.213	0.000
21.223	0.000
21.233	0.000
21.243	0.000
21.253	0.000
21.263	0.000
21.273	0.000
21.283	0.000
21.293	0.000
21.303	0.000
21.313	0.000
21.323	0.000
21.333	0.000
21.343	0.000
21.353	0.000
21.363	0.000
21.373	0.000
21.383	0.000
21.393	0.000
21.403	0.000
21.413	0.000
21.423	0.000
21.433	0.000
21.443	0.000
21.453	0.000
21.463	0.000
21.473	0.000
21.483	0.000
21.493	0.000
21.503	0.000
21.513	109.175
21.523	109.870
21.533	109.871
21.543	110.196
21.553	110.412
21.563	110.808
21.573	110.920
21.583	111.035
21.593	110.834
21.603	110.758
21.613	110.546
21.623	110.486
21.633	110.554
21.643	110.678
21.653	110.906
21.663	111.203
21.673	111.565
21.683	111.852
21.693	112.824
21.703	113.617
21.713	0.000
21.723	0.000
21.733	0.000
21.743	0.000
21.753	0.000
21.763	166.798
21.773	165.610
21.783	164.964
21.793	164.643
21.803	164.956
21.813	164.937
21.823	165.000
21.833	165.067
21.843	165.076
21.853	165.132
21.863	165.235
21.873	165.182
21.883	165.034
21.893	164.951
21.903	165.005
21.913	165.134
21.923	165.473
21.933	165.654
21.943	166.007
21.953	166.422
21.963	166.723
21.973	166.993
21.983	166.751
21.993	164.787
22.003	167.517
22.013	0.000
22.023	0.000
22.033	216.089
22.043	218.465
22.053	220.014
22.063	222.771
22.073	222.903
22.083	223.704
22.093	223.605
22.103	224.148
22.113	224.183
22.123	224.698
22.133	225.146
22.143	225.498
22.153	225.653
22.163	225.459
22.173	224.968
22.183	224.918
22.193	224.992
22.203	225.154
22.213	224.440
22.223	223.963
22.233	223.226
22.243	222.874
22.253	222.843
22.263	222.780
22.273	222.640
22.283	222.286
22.293	222.245
22.303	222.278
22.313	222.210
22.323	222.170
22.333	222.390
22.343	222.630
22.353	222.532
22.363	222.475
22.373	222.586
22.383	222.783
22.393	222.992
22.403	223.054
22.413	223.181
22.423	223.229
22.433	223.318
22.443	223.537
22.453	223.733
22.463	223.371
22.473	223.199
22.483	222.740
22.493	222.131
22.503	221.942
22.513	221.768
22.523	221.742
22.533	219.980
22.543	219.302
22.553	219.223
22.563	0.000
22.573	0.000
22.583	0.000
22.593	0.000
22.603	0.000
22.613	0.000
22.623	0.000
22.633	0.000
22.643	0.000
22.653	0.000
22.663	0.000
22.673	0.000
22.683	0.000
22.693	0.000
22.703	0.000
22.713	0.000
22.723	0.000
22.733	0.000
22.743	0.000
22.753	0.000
22.763	0.000
22.773	0.000
22.783	0.000
22.793	0.000
22.803	0.000
22.813	0.000
22.823	0.000
22.833	0.000
22.843	0.000
22.853	173.414
22.863	167.199
22.873	166.686
22.883	166.378
22.893	166.944
22.903	167.394
22.913	167.697
22.923	167.990
22.933	167.889
22.943	167.853
22.953	167.745
22.963	167.806
22.973	167.846
22.983	167.800
22.993	167.421
23.003	166.872
23.013	166.670
23.023	166.438
23.033	166.623
23.043	167.102
23.053	167.341
23.063	166.736
23.073	0.000
23.083	0.000
23.093	0.000
23.103	0.000
23.113	212.633
23.123	210.609
23.133	208.771
23.143	208.400
23.153	208.091
23.163	207.792
23.173	208.166
23.183	208.616
23.193	208.706
23.203	208.558
23.213	208.302
23.223	208.278
23.233	208.417
23.243	208.455
23.253	208.435
23.263	208.375
23.273	208.311
23.283	208.168
23.293	207.918
23.303	207.833
23.313	207.784
23.323	207.509
23.333	207.082
23.343	208.654
23.353	0.000
23.363	242.373
23.373	247.471
23.383	249.162
23.393	248.648
23.403	248.657
23.413	248.497
23.423	248.128
23.433	248.298
23.443	248.171
23.453	248.141
23.463	247.968
23.473	247.833
23.483	247.747
23.493	247.637
23.503	247.718
23.513	247.688
23.523	247.765
23.533	247.800
23.543	247.863
23.553	247.848
23.563	247.948
23.573	248.242
23.583	248.402
23.593	248.424
23.603	248.451
23.613	248.231
23.623	248.218
23.633	248.244
23.643	248.530
23.653	248.776
23.663	249.158
23.673	249.682
23.683	250.017
23.693	250.073
23.703	250.216
23.713	250.422
23.723	250.547
23.733	250.554
23.743	250.311
23.753	249.740
23.763	249.099
23.773	248.784
23.783	248.539
23.793	249.019
23.803	249.469
23.813	249.051
23.823	249.084
23.833	251.333
23.843	0.000
23.853	0.000
23.863	0.000
23.873	0.000
23.883	0.000
23.893	0.000
23.903	0.000
23.913	0.000
23.923	0.000
23.933	0.000
23.943	0.000
23.953	0.000
23.963	0.000
23.973	0.000
23.983	0.000
23.993	0.000
24.003	0.000
24.013	0.000
24.023	0.000
24.033	0.000
24.043	0.000
24.053	0.000
24.063	0.000
24.073	0.000
24.083	0.000
24.093	0.000
24.103	0.000
24.113	0.000
24.123	0.000
24.133	0.000
24.143	0.000
24.153	0.000
24.163	0.000
24.173	0.000
24.183	0.000
24.193	0.000
24.203	0.000
24.213	0.000
24.223	0.000
24.233	0.000
24.243	104.128
24.253	105.096
24.263	108.104
24.273	109.605
24.283	110.344
24.293	111.080
24.303	111.234
24.313	111.243
24.323	111.241
24.333	111.126
24.343	111.074
24.353	110.950
24.363	110.721
24.373	110.476
24.383	110.397
24.393	110.337
24.403	110.618
24.413	111.404
24.423	111.895
24.433	113.138
24.443	0.000
24.453	0.000
24.463	0.000
24.473	0.000
24.483	0.000
24.493	0.000
24.503	167.908
24.513	167.388
24.523	166.985
24.533	166.855
24.543	166.477
24.553	166.136
24.563	166.015
24.573	166.123
24.583	166.225
24.593	166.237
24.603	166.290
24.613	166.540
24.623	167.003
24.633	167.088
24.643	167.382
24.653	167.566
24.663	167.927
24.673	168.236
24.683	169.227
24.693	169.895
24.703	169.626
24.713	168.737
24.723	167.272
24.733	165.865
24.743	0.000
24.753	0.000
24.763	215.028
24.773	217.359
24.783	217.856
24.793	219.247
24.803	219.736
24.813	219.956
24.823	220.161
24.833	220.445
24.843	220.697
24.853	220.913
24.863	220.922
24.873	220.839
24.883	220.811
24.893	220.881
24.903	220.819
24.913	220.785
24.923	220.792
24.933	220.799
24.943	220.590
24.953	220.632
24.963	220.724
24.973	220.933
24.983	221.043
24.993	221.088
25.003	221.162
25.013	221.134
25.023	221.187
25.033	221.301
25.043	221.481
25.053	221.324
25.063	221.282
25.073	221.359
25.083	221.441
25.093	221.325
25.103	221.331
25.113	221.424
25.123	221.268
25.133	221.130
25.143	221.101
25.153	221.157
25.163	221.145
25.173	221.079
25.183	220.967
25.193	220.506
25.203	219.764
25.213	219.334
25.223	218.482
25.233	217.720
25.243	216.869
25.253	216.060
25.263	213.175
25.273	0.000
25.283	0.000
25.293	0.000
25.303	0.000
25.313	0.000
25.323	0.000
25.333	0.000
25.343	0.000
25.353	0.000
25.363	0.000
25.373	0.000
25.383	0.000
25.393	0.000
25.403	0.000
25.413	0.000
25.423	0.000
25.433	0.000
25.443	0.000
25.453	0.000
25.463	0.000
25.473	0.000
25.483	0.000
25.493	0.000
25.503	0.000
25.513	0.000
25.523	0.000
25.533	0.000
25.543	0.000
25.553	0.000
25.563	0.000
25.573	0.000
25.583	0.000
25.593	0.000
25.603	0.000
25.613	0.000
25.623	0.000
25.633	0.000
25.643	0.000
25.653	0.000
25.663	0.000
25.673	0.000
25.683	0.000
25.693	0.000
25.703	137.662
25.713	137.485
25.723	136.332
25.733	134.880
25.743	134.457
25.753	134.472
25.763	134.702
25.773	134.689
25.783	134.679
25.793	134.675
25.803	134.715
25.813	134.881
25.823	134.974
25.833	135.166
25.843	135.248
25.853	135.537
25.863	135.721
25.873	136.185
25.883	136.831
25.893	137.284
25.903	137.894
25.913	140.803
25.923	0.000
25.933	0.000
25.943	0.000
25.953	178.964
25.963	179.130
25.973	180.911
25.983	187.175
25.993	188.572
26.003	189.145
26.013	190.242
26.023	190.893
26.033	192.068
26.043	192.046
26.053	192.286
26.063	192.766
26.073	193.024
26.083	193.514
26.093	193.747
26.103	195.026
26.113	195.759
26.123	197.866
26.133	199.386
26.143	200.859
26.153	200.619
26.163	206.858
26.173	0.000
26.183	0.000
26.193	254.114
26.203	256.906
26.213	261.032
26.223	262.154
26.233	262.840
26.243	263.176
26.253	262.904
26.263	262.738
26.273	262.499
26.283	262.846
26.293	262.901
26.303	263.304
26.313	263.373
26.323	263.307
26.333	263.107
26.343	262.925
26.353	262.847
26.363	262.810
26.373	262.769
26.383	262.874
26.393	263.027
26.403	263.045
26.413	263.009
26.423	263.241
26.433	263.332
26.443	263.436
26.453	263.524
26.463	263.697
26.473	263.815
26.483	264.019
26.493	264.400
26.503	264.531
26.513	264.555
26.523	264.470
26.533	264.314
26.543	264.231
26.553	264.133
26.563	263.662
26.573	263.195
26.583	263.253
26.593	264.132
26.603	263.802
26.613	264.692
26.623	264.535
26.633	0.000
26.643	0.000
26.653	0.000
26.663	0.000
26.673	0.000
26.683	0.000
26.693	0.000
26.703	0.000
26.713	0.000
26.723	0.000
26.733	0.000
26.743	0.000
26.753	0.000
26.763	0.000
26.773	0.000
26.783	0.000
26.793	0.000
26.803	0.000
26.813	0.000
26.823	0.000
26.833	0.000
26.843	0.000
26.853	0.000
26.863	0.000
26.873	0.000
26.883	0.000
26.893	0.000
26.903	0.000
26.913	0.000
26.923	0.000
26.933	0.000
26.943	0.000
26.953	0.000
26.963	0.000
26.973	0.000
26.983	0.000
26.993	0.000
27.003	94.064
27.013	93.944
27.023	94.035
27.033	94.157
27.043	94.170
27.053	94.555
27.063	96.020
27.073	97.150
27.083	97.407
27.093	97.762
27.103	97.567
27.113	97.177
27.123	96.950
27.133	96.270
27.143	95.959
27.153	95.500
27.163	95.376
27.173	95.207
27.183	95.320
27.193	95.423
27.203	95.219
27.213	0.000
27.223	0.000
27.233	0.000
27.243	0.000
27.253	0.000
27.263	0.000
27.273	139.882
27.283	138.123
27.293	133.461
27.303	133.737
27.313	135.117
27.323	134.756
27.333	135.920
27.343	136.326
27.353	135.579
27.363	135.605
27.373	136.373
27.383	135.735
27.393	132.360
27.403	133.131
27.413	133.237
27.423	133.029
27.433	133.723
27.443	133.985
27.453	134.320
27.463	136.300
27.473	138.912
27.483	138.620
27.493	141.195
27.503	0.000
27.513	169.454
27.523	171.712
27.533	182.859
27.543	185.185
27.553	185.807
27.563	189.016
27.573	187.745
27.583	188.223
27.593	188.586
27.603	188.137
27.613	187.700
27.623	188.324
27.633	187.771
27.643	187.813
27.653	188.222
27.663	187.996
27.673	188.496
27.683	187.221
27.693	185.293
27.703	184.090
27.713	182.118
27.723	180.384
27.733	178.677
27.743	175.428
27.753	173.011
27.763	170.745
27.773	170.354
27.783	176.892
27.793	177.071
27.803	169.671
27.813	168.229
27.823	169.959
27.833	168.741
27.843	166.395
27.853	162.564
27.863	152.143
27.873	149.726
27.883	149.210
27.893	149.460
27.903	149.224
27.913	148.921
27.923	148.778
27.933	148.852
27.943	148.802
27.953	148.590
27.963	148.071
27.973	148.087
27.983	148.187
27.993	148.551
28.003	0.000
28.013	0.000
28.023	0.000
28.033	0.000
28.043	0.000
28.053	0.000
28.063	0.000
28.073	0.000
28.083	0.000
28.093	0.000
28.103	0.000
28.113	0.000
28.123	0.000
28.133	0.000
28.143	0.000
28.153	0.000
28.163	0.000
28.173	0.000
28.183	0.000
28.193	0.000
28.203	0.000
28.213	0.000
28.223	0.000
28.233	0.000
28.243	0.000
28.253	0.000
28.263	0.000
28.273	0.000
28.283	0.000
28.293	0.000
28.303	0.000
28.313	0.000
28.323	0.000
28.333	0.000
28.343	0.000
28.353	0.000
28.363	0.000
28.373	0.000
28.383	108.856
28.393	110.226
28.403	111.279
28.413	112.623
28.423	113.646
28.433	114.443
28.443	114.561
28.453	114.556
28.463	114.764
28.473	114.585
28.483	114.360
28.493	114.116
28.503	113.685
28.513	112.936
28.523	112.554
28.533	112.475
28.543	112.841
28.553	113.319
28.563	113.711
28.573	0.000
28.583	0.000
28.593	0.000
28.603	0.000
28.613	0.000
28.623	0.000
28.633	0.000
28.643	162.877
28.653	163.740
28.663	164.905
28.673	164.865
28.683	165.400
28.693	165.815
28.703	166.003
28.713	166.206
28.723	166.571
28.733	167.345
28.743	167.559
28.753	167.885
28.763	167.951
28.773	168.349
28.783	168.515
28.793	168.874
28.803	169.099
28.813	169.187
28.823	169.325
28.833	168.782
28.843	167.503
28.853	169.019
28.863	0.000
28.873	0.000
28.883	215.155
28.893	216.924
28.903	217.740
28.913	218.880
28.923	219.906
28.933	221.635
28.943	221.367
28.953	221.382
28.963	221.392
28.973	221.813
28.983	221.980
28.993	221.900
29.003	221.785
29.013	221.916
29.023	222.344
29.033	222.481
29.043	222.756
29.053	222.852
29.063	222.808
29.073	222.587
29.083	222.549
29.093	222.668
29.103	222.642
29.113	222.646
29.123	222.713
29.133	222.947
29.143	222.870
29.153	222.625
29.163	222.307
29.173	222.214
29.183	222.073
29.193	222.124
29.203	222.187
29.213	222.354
29.223	222.346
29.233	222.447
29.243	222.440
29.253	222.440
29.263	222.134
29.273	221.855
29.283	221.844
29.293	221.750
29.303	221.887
29.313	221.981
29.323	222.702
29.333	223.286
29.343	0.000
29.353	0.000
29.363	0.000
29.373	0.000
29.383	0.000
29.393	0.000
29.403	0.000
29.413	0.000
29.423	0.000
29.433	0.000
29.443	0.000
29.453	0.000
29.463	0.000
29.473	0.000
29.483	0.000
29.493	0.000
29.503	0.000
29.513	0.000
29.523	0.000
29.533	0.000
29.543	0.000
29.553	0.000
29.563	0.000
29.573	0.000
29.583	0.000
29.593	0.000
29.603	0.000
29.613	0.000
29.623	0.000
29.633	0.000
29.643	0.000
29.653	0.000
29.663	0.000
29.673	0.000
29.683	0.000
29.693	0.000
29.703	163.266
29.713	160.245
29.723	160.561
29.733	161.879
29.743	162.820
29.753	162.949
29.763	163.471
29.773	163.818
29.783	163.993
29.793	164.037
29.803	164.201
29.813	164.426
29.823	164.442
29.833	164.745
29.843	164.978
29.853	164.849
29.863	164.624
29.873	164.205
29.883	163.854
29.893	163.499
29.903	163.216
29.913	162.295
29.923	160.316
29.933	158.424
29.943	156.974
29.953	0.000
29.963	0.000
29.973	0.000
29.983	219.430
29.993	232.657
30.003	233.849
30.013	242.669
30.023	241.953
30.033	241.956
30.043	241.927
30.053	241.332
30.063	240.851
30.073	240.767
30.083	240.689
30.093	241.108
30.103	242.134
30.113	242.863
30.123	244.299
30.133	245.600
30.143	246.809
30.153	247.575
30.163	250.059
30.173	253.311
30.183	255.958
30.193	259.546
30.203	260.358
30.213	0.000
30.223	0.000
30.233	0.000
30.243	323.312
30.253	330.668
30.263	332.600
30.273	332.137
30.283	332.753
30.293	332.735
30.303	333.260
30.313	333.083
30.323	333.214
30.333	333.069
30.343	333.036
30.353	332.750
30.363	332.962
30.373	332.832
30.383	333.044
30.393	333.049
30.403	333.159
30.413	333.353
30.423	333.138
30.433	332.783
30.443	332.781
30.453	332.562
30.463	332.551
30.473	332.484
30.483	332.773
30.493	333.215
30.503	333.400
30.513	333.558
30.523	333.588
30.533	333.841
30.543	333.860
30.553	333.767
30.563	333.090
30.573	333.266
30.583	333.706
30.593	333.445
30.603	331.464
30.613	333.222
30.623	332.587
30.633	332.892
30.643	336.214
30.653	0.000
30.663	0.000
30.673	0.000
30.683	0.000
30.693	0.000
30.703	0.000
30.713	0.000
30.723	0.000
30.733	0.000
30.743	0.000
30.753	0.000
30.763	0.000
30.773	0.000
30.783	0.000
30.793	0.000
30.803	0.000
30.813	0.000
30.823	0.000
30.833	0.000
30.843	0.000
30.853	0.000
30.863	0.000
30.873	0.000
30.883	0.000
30.893	0.000
30.903	160.912
30.913	157.697
30.923	158.538
30.933	160.589
30.943	161.504
30.953	162.690
30.963	163.319
30.973	163.451
30.983	163.597
30.993	163.712
31.003	164.298
31.013	164.504
31.023	165.042
31.033	165.272
31.043	165.378
31.053	165.401
31.063	165.536
31.073	165.616
31.083	165.407
31.093	164.995
31.103	165.266
31.113	164.524
31.123	0.000
31.133	0.000
31.143	0.000
31.153	0.000
31.163	0.000
31.173	288.616
31.183	288.438
31.193	288.862
31.203	289.644
31.213	290.940
31.223	293.260
31.233	294.635
31.243	298.620
31.253	306.837
31.263	313.600
31.273	315.496
31.283	320.193
31.293	320.820
31.303	321.344
31.313	324.281
31.323	326.571
31.333	327.651
31.343	329.310
31.353	330.708
31.363	332.600
31.373	333.305
31.383	334.145
31.393	334.131
31.403	335.871
31.413	334.871
31.423	337.533
31.433	338.539
31.443	0.000
31.453	0.000
31.463	0.000
31.473	0.000
31.483	0.000
31.493	0.000
31.503	0.000
31.513	0.000
31.523	0.000
31.533	0.000
31.543	0.000
31.553	0.000
31.563	0.000
31.573	0.000
31.583	0.000
31.593	0.000
31.603	0.000
31.613	0.000
31.623	0.000
31.633	0.000
31.643	0.000
31.653	0.000
31.663	0.000
31.673	0.000
31.683	0.000
31.693	0.000
31.703	0.000
31.713	0.000
31.723	0.000
31.733	0.000
31.743	0.000
31.753	0.000
31.763	0.000
31.773	0.000
31.783	0.000
31.793	0.000
31.803	0.000
31.813	0.000
31.823	0.000
31.833	0.000
31.843	0.000
31.853	0.000
31.863	0.000
31.873	0.000
31.883	0.000
31.893	0.000
31.903	0.000
31.913	0.000
31.923	0.000
31.933	0.000
31.943	0.000
31.953	0.000
31.963	0.000
31.973	0.000
31.983	0.000
31.993	0.000
32.003	0.000
32.013	0.000
32.023	0.000
32.033	0.000
32.043	0.000
32.053	0.000
32.063	0.000
32.073	0.000
32.083	0.000
32.093	0.000
32.103	0.000
32.113	0.000
32.123	0.000
32.133	0.000
32.143	0.000
32.153	0.000
32.163	0.000
32.173	0.000
32.183	0.000
32.193	0.000
32.203	0.000
32.213	0.000
32.223	0.000
32.233	0.000
32.243	0.000
32.253	0.000
32.263	0.000
32.273	0.000
32.283	0.000
32.293	0.000
32.303	0.000
32.313	0.000
32.323	0.000
32.333	0.000
32.343	0.000
32.353	0.000
32.363	0.000
32.373	0.000
32.383	0.000
32.393	0.000
32.403	0.000
32.413	0.000
32.423	0.000
32.433	0.000
32.443	0.000
32.453	0.000
32.463	0.000
32.473	0.000
32.483	0.000
32.493	0.000
32.503	0.000
32.513	0.000
32.523	0.000
32.533	0.000
32.543	0.000
32.553	0.000
32.563	0.000
32.573	0.000
32.583	0.000
32.593	0.000
32.603	0.000
32.613	0.000
32.623	0.000
32.633	0.000
32.643	0.000
32.653	0.000
32.663	0.000
32.673	0.000
32.683	0.000
32.693	0.000
32.703	0.000
32.713	0.000
32.723	0.000
32.733	0.000
32.743	0.000
32.753	0.000
32.763	0.000
32.773	0.000
32.783	0.000
32.793	0.000
32.803	0.000
32.813	0.000
32.823	0.000
32.833	0.000
32.843	0.000
32.853	0.000
32.863	0.000
32.873	0.000
32.883	0.000
32.893	0.000
32.903	0.000
32.913	0.000
32.923	0.000
32.933	0.000
32.943	0.000
32.953	0.000
32.963	0.000
32.973	0.000
32.983	0.000
32.993	0.000
33.003	0.000
33.013	0.000
33.023	0.000
33.033	0.000
33.043	0.000
33.053	0.000
33.063	0.000
33.073	0.000
33.083	0.000
33.093	0.000
33.103	0.000
33.113	0.000
33.123	0.000
33.133	0.000
33.143	0.000
33.153	0.000
33.163	0.000
33.173	0.000
33.183	0.000
33.193	0.000
33.203	0.000
33.213	0.000
33.223	0.000
33.233	0.000
33.243	0.000
33.253	0.000
33.263	0.000
33.273	0.000
33.283	0.000
33.293	0.000
33.303	0.000
33.313	0.000
33.323	0.000
33.333	0.000
33.343	0.000
33.353	0.000
33.363	0.000
33.373	0.000
33.383	0.000
33.393	0.000
33.403	0.000
33.413	0.000
33.423	0.000
33.433	0.000
33.443	0.000
33.453	0.000
33.463	0.000
33.473	0.000
33.483	0.000
33.493	0.000
33.503	0.000
33.513	0.000
33.523	0.000
33.533	0.000
33.543	0.000
33.553	0.000
33.563	0.000
33.573	0.000
33.583	0.000
33.593	0.000
33.603	0.000
33.613	0.000
33.623	0.000
33.633	0.000
33.643	0.000
33.653	0.000
33.663	0.000
33.673	0.000
33.683	0.000
33.693	0.000
33.703	0.000
33.713	0.000
33.723	0.000
33.733	0.000
33.743	0.000
33.753	0.000
33.763	0.000
33.773	0.000
33.783	0.000
33.793	0.000
33.803	0.000
33.813	0.000
33.823	0.000
33.833	0.000
33.843	0.000
33.853	0.000
33.863	0.000
33.873	0.000
33.883	0.000
33.893	0.000
33.903	0.000
33.913	0.000
33.923	0.000
33.933	0.000
33.943	0.000
33.953	0.000
33.963	0.000
33.973	0.000
33.983	0.000
33.993	0.000
34.003	0.000
34.013	0.000
34.023	0.000
34.033	0.000
34.043	0.000
34.053	0.000
34.063	0.000
34.073	0.000
34.083	0.000
34.093	0.000
34.103	0.000
34.113	0.000
34.123	0.000
34.133	0.000
34.143	0.000
34.153	0.000
34.163	0.000
34.173	0.000
34.183	0.000
34.193	0.000
34.203	0.000
34.213	0.000
34.223	0.000
34.233	0.000
34.243	0.000
34.253	0.000
34.263	0.000
34.273	0.000
34.283	0.000
34.293	0.000
34.303	0.000
34.313	0.000
34.323	0.000
34.333	0.000
34.343	0.000
34.353	0.000
34.363	0.000
34.373	0.000
34.383	0.000
34.393	0.000
34.403	0.000
34.413	0.000
34.423	0.000
34.433	0.000
34.443	0.000
34.453	0.000
34.463	0.000
34.473	0.000
34.483	0.000
34.493	0.000
34.503	0.000
34.513	0.000
34.523	0.000
34.533	0.000
34.543	0.000
34.553	0.000
34.563	0.000
34.573	0.000
34.583	0.000
34.593	0.000
34.603	0.000
34.613	0.000
34.623	0.000
34.633	0.000
34.643	0.000
34.653	0.000
34.663	0.000
34.673	0.000
34.683	0.000
34.693	0.000
34.703	0.000
34.713	0.000
34.723	0.000
34.733	0.000
34.743	0.000
34.753	0.000
34.763	0.000
34.773	0.000
34.783	0.000
34.793	0.000
34.803	0.000
34.813	0.000
34.823	0.000
34.833	0.000
34.843	0.000
34.853	0.000
34.863	0.000
34.873	0.000
34.883	0.000
34.893	0.000
34.903	0.000
34.913	0.000
34.923	0.000
34.933	0.000
34.943	0.000
34.953	0.000
34.963	0.000
34.973	0.000
34.983	0.000
34.993	0.000
35.003	0.000
35.013	0.000
35.023	0.000
35.033	0.000
35.043	0.000
35.053	0.000
35.063	0.000
35.073	0.000
35.083	0.000
35.093	0.000
35.103	0.000
35.113	0.000
35.123	0.000
35.133	0.000
35.143	0.000
35.153	0.000
35.163	0.000
35.173	0.000
35.183	0.000
35.193	0.000
35.203	0.000
35.213	0.000
35.223	0.000
35.233	0.000
35.243	0.000
35.253	0.000
35.263	0.000
35.273	0.000
35.283	0.000
35.293	0.000
35.303	112.398
35.313	111.069
35.323	110.634
35.333	110.104
35.343	109.787
35.353	109.580
35.363	109.591
35.373	109.869
35.383	110.022
35.393	110.291
35.403	110.360
35.413	110.394
35.423	110.637
35.433	111.046
35.443	111.626
35.453	112.017
35.463	112.715
35.473	113.839
35.483	0.000
35.493	0.000
35.503	0.000
35.513	0.000
35.523	0.000
35.533	161.150
35.543	163.203
35.553	163.046
35.563	164.162
35.573	164.292
35.583	165.143
35.593	165.265
35.603	165.980
35.613	166.367
35.623	166.377
35.633	166.353
35.643	166.415
35.653	166.541
35.663	166.822
35.673	167.019
35.683	167.225
35.693	167.446
35.703	167.394
35.713	167.310
35.723	167.440
35.733	167.473
35.743	167.394
35.753	165.539
35.763	166.029
35.773	0.000
35.783	0.000
35.793	214.118
35.803	216.292
35.813	217.705
35.823	218.768
35.833	220.475
35.843	220.482
35.853	221.125
35.863	220.947
35.873	221.391
35.883	221.076
35.893	221.306
35.903	221.345
35.913	221.587
35.923	221.505
35.933	221.703
35.943	221.720
35.953	221.840
35.963	221.696
35.973	221.665
35.983	221.497
35.993	221.432
36.003	221.275
36.013	221.217
36.023	221.196
36.033	221.226
36.043	221.248
36.053	221.184
36.063	221.210
36.073	221.199
36.083	221.303
36.093	221.285
36.103	221.153
36.113	221.140
36.123	221.066
36.133	221.150
36.143	221.131
36.153	221.236
36.163	221.210
36.173	221.314
36.183	221.237
36.193	221.045
36.203	220.865
36.213	220.710
36.223	220.211
36.233	218.913
36.243	218.820
36.253	0.000
36.263	0.000
36.273	0.000
36.283	0.000
36.293	0.000
36.303	0.000
36.313	0.000
36.323	0.000
36.333	0.000
36.343	0.000
36.353	0.000
36.363	0.000
36.373	0.000
36.383	0.000
36.393	0.000
36.403	0.000
36.413	0.000
36.423	0.000
36.433	0.000
36.443	0.000
36.453	0.000
36.463	0.000
36.473	0.000
36.483	0.000
36.493	0.000
36.503	0.000
36.513	0.000
36.523	0.000
36.533	0.000
36.543	0.000
36.553	0.000
36.563	0.000
36.573	0.000
36.583	0.000
36.593	0.000
36.603	0.000
36.613	0.000
36.623	167.078
36.633	165.548
36.643	165.210
36.653	165.909
36.663	166.657
36.673	166.851
36.683	167.356
36.693	167.514
36.703	167.752
36.713	167.855
36.723	167.906
36.733	167.648
36.743	167.392
36.753	167.288
36.763	167.290
36.773	167.238
36.783	167.228
36.793	167.297
36.803	167.503
36.813	167.742
36.823	167.937
36.833	167.594
36.843	165.845
36.853	167.123
36.863	0.000
36.873	0.000
36.883	0.000
36.893	215.451
36.903	211.830
36.913	210.347
36.923	210.255
36.933	209.672
36.943	209.945
36.953	209.818
36.963	210.077
36.973	210.363
36.983	210.746
36.993	210.904
37.003	211.010
37.013	211.033
37.023	210.910
37.033	210.586
37.043	210.539
37.053	210.256
37.063	209.946
37.073	209.961
37.083	210.045
37.093	209.803
37.103	208.102
37.113	209.353
37.123	0.000
37.133	0.000
37.143	250.599
37.153	250.893
37.163	250.746
37.173	250.395
37.183	249.912
37.193	249.204
37.203	248.927
37.213	248.859
37.223	248.952
37.233	248.991
37.243	248.932
37.253	248.826
37.263	248.692
37.273	248.724
37.283	248.763
37.293	248.805
37.303	248.826
37.313	248.974
37.323	249.150
37.333	249.498
37.343	249.662
37.353	249.395
37.363	249.253
37.373	248.962
37.383	248.755
37.393	248.732
37.403	248.524
37.413	248.582
37.423	248.646
37.433	248.603
37.443	248.857
37.453	249.139
37.463	249.250
37.473	249.259
37.483	249.142
37.493	249.082
37.503	249.120
37.513	248.980
37.523	248.932
37.533	249.090
37.543	248.833
37.553	249.650
37.563	250.711
37.573	253.224
37.583	0.000
37.593	0.000
37.603	0.000
37.613	0.000
37.623	0.000
37.633	0.000
37.643	0.000
37.653	0.000
37.663	0.000
37.673	0.000
37.683	0.000
37.693	0.000
37.703	0.000
37.713	0.000
37.723	0.000
37.733	0.000
37.743	0.000
37.753	0.000
37.763	0.000
37.773	0.000
37.783	0.000
37.793	0.000
37.803	0.000
37.813	0.000
37.823	0.000
37.833	0.000
37.843	0.000
37.853	0.000
37.863	0.000
37.873	0.000
37.883	0.000
37.893	0.000
37.903	0.000
37.913	0.000
37.923	0.000
37.933	0.000
37.943	0.000
37.953	0.000
37.963	0.000
37.973	0.000
37.983	0.000
37.993	106.127
38.003	107.093
38.013	107.566
38.023	109.761
38.033	110.051
38.043	110.389
38.053	110.469
38.063	110.372
38.073	110.293
38.083	110.293
38.093	110.318
38.103	110.248
38.113	110.205
38.123	110.126
38.133	110.010
38.143	110.055
38.153	110.183
38.163	110.496
38.173	111.035
38.183	111.676
38.193	111.894
38.203	112.682
38.213	0.000
38.223	0.000
38.233	0.000
38.243	0.000
38.253	0.000
38.263	0.000
38.273	166.732
38.283	166.320
38.293	166.507
38.303	166.468
38.313	166.573
38.323	166.508
38.333	166.606
38.343	166.726
38.353	166.685
38.363	166.882
38.373	166.854
38.383	166.820
38.393	166.643
38.403	166.613
38.413	166.731
38.423	166.928
38.433	167.182
38.443	167.395
38.453	168.280
38.463	169.305
38.473	170.238
38.483	170.865
38.493	170.485
38.503	0.000
38.513	0.000
38.523	0.000
38.533	221.574
38.543	220.425
38.553	218.771
38.563	219.385
38.573	219.107
38.583	219.756
38.593	219.735
38.603	220.428
38.613	220.256
38.623	220.353
38.633	220.228
38.643	220.618
38.653	220.995
38.663	221.124
38.673	221.023
38.683	220.867
38.693	220.819
38.703	220.880
38.713	220.869
38.723	220.971
38.733	220.875
38.743	221.004
38.753	221.139
38.763	221.042
38.773	221.183
38.783	221.008
38.793	221.124
38.803	221.150
38.813	221.286
38.823	221.378
38.833	221.396
38.843	221.339
38.853	221.347
38.863	221.446
38.873	221.508
38.883	221.681
38.893	221.978
38.903	222.269
38.913	222.338
38.923	222.707
38.933	223.009
38.943	222.918
38.953	222.881
38.963	222.699
38.973	222.577
38.983	222.589
38.993	222.296
39.003	222.738
39.013	224.596
39.023	227.304
39.033	229.147
39.043	227.665
39.053	0.000
39.063	0.000
39.073	0.000
39.083	0.000
39.093	0.000
39.103	0.000
39.113	0.000
39.123	0.000
39.133	0.000
39.143	0.000
39.153	0.000
39.163	0.000
39.173	0.000
39.183	0.000
39.193	0.000
39.203	0.000
39.213	0.000
39.223	0.000
39.233	0.000
39.243	0.000
39.253	0.000
39.263	0.000
39.273	0.000
39.283	0.000
39.293	0.000
39.303	0.000
39.313	0.000
39.323	0.000
39.333	0.000
39.343	0.000
39.353	0.000
39.363	0.000
39.373	0.000
39.383	0.000
39.393	0.000
39.403	0.000
39.413	0.000
39.423	0.000
39.433	0.000
39.443	0.000
39.453	0.000
39.463	0.000
39.473	0.000
39.483	0.000
39.493	0.000
39.503	0.000
39.513	0.000
39.523	0.000
39.533	0.000
39.543	0.000
39.553	0.000
39.563	0.000
39.573	0.000
39.583	0.000
39.593	0.000
39.603	0.000
39.613	0.000
39.623	0.000
39.633	0.000
39.643	0.000
39.653	0.000
39.663	0.000
39.673	0.000
39.683	0.000
39.693	0.000
39.703	0.000
39.713	0.000
39.723	0.000
39.733	0.000
39.743	0.000
39.753	0.000
39.763	0.000
39.773	0.000
39.783	0.000
39.793	0.000
39.803	0.000
39.813	0.000
39.823	0.000
39.833	0.000
39.843	0.000
39.853	0.000
39.863	0.000
39.873	0.000
39.883	0.000
39.893	0.000
39.903	0.000
39.913	0.000
39.923	0.000
39.933	0.000
39.943	0.000
39.953	0.000
39.963	0.000
39.973	0.000
39.983	0.000
39.993	0.000
40.003	0.000
40.013	0.000
40.023	0.000
40.033	0.000
40.043	0.000
40.053	0.000
40.063	0.000
40.073	0.000
40.083	0.000
40.093	0.000
40.103	0.000
40.113	0.000
40.123	0.000
40.133	0.000
40.143	0.000
40.153	0.000
40.163	0.000
40.173	0.000
40.183	0.000
40.193	0.000
40.203	0.000
40.213	0.000
40.223	0.000
40.233	0.000
40.243	0.000
40.253	0.000
40.263	0.000
40.273	0.000
40.283	0.000
40.293	0.000
40.303	0.000
40.313	0.000
40.323	0.000
40.333	0.000
40.343	0.000
40.353	0.000
40.363	0.000
40.373	0.000
40.383	0.000
40.393	0.000
40.403	0.000
40.413	0.000
40.423	0.000
40.433	0.000
40.443	0.000
40.453	0.000
40.463	0.000
40.473	0.000
40.483	0.000
40.493	0.000
40.503	0.000
40.513	0.000
40.523	0.000
40.533	0.000
40.543	0.000
40.553	0.000
40.563	0.000
40.573	0.000
40.583	0.000
40.593	0.000
40.603	0.000
40.613	0.000
40.623	0.000
40.633	0.000
40.643	0.000
40.653	0.000
40.663	0.000
40.673	0.000
40.683	0.000
40.693	0.000
40.703	0.000
40.713	0.000
40.723	0.000
40.733	0.000
40.743	0.000
40.753	0.000
40.763	0.000
40.773	108.810
40.783	108.996
40.793	108.939
40.803	108.931
40.813	109.013
40.823	108.985
40.833	109.194
40.843	109.639
40.853	110.209
40.863	110.389
40.873	110.648
40.883	110.659
40.893	110.577
40.903	110.457
40.913	110.417
40.923	110.401
40.933	110.436
40.943	110.696
40.953	111.149
40.963	111.625
40.973	111.896
40.983	0.000
40.993	0.000
41.003	0.000
41.013	0.000
41.023	0.000
41.033	163.038
41.043	162.577
41.053	164.711
41.063	165.868
41.073	166.311
41.083	166.556
41.093	166.401
41.103	166.386
41.113	166.519
41.123	166.627
41.133	167.060
41.143	167.425
41.153	167.516
41.163	167.737
41.173	167.819
41.183	167.889
41.193	168.206
41.203	168.617
41.213	169.017
41.223	168.402
41.233	167.695
41.243	166.530
41.253	166.189
41.263	0.000
41.273	209.982
41.283	214.206
41.293	215.037
41.303	218.204
41.313	218.720
41.323	219.465
41.333	219.318
41.343	219.869
41.353	219.910
41.363	220.162
41.373	220.596
41.383	221.062
41.393	221.228
41.403	221.247
41.413	221.112
41.423	220.864
41.433	220.735
41.443	220.665
41.453	220.675
41.463	220.709
41.473	220.763
41.483	220.819
41.493	220.821
41.503	220.935
41.513	220.982
41.523	221.115
41.533	221.131
41.543	221.157
41.553	221.130
41.563	221.187
41.573	221.303
41.583	221.316
41.593	221.347
41.603	221.409
41.613	221.387
41.623	221.341
41.633	221.363
41.643	221.326
41.653	221.278
41.663	221.199
41.673	221.200
41.683	221.027
41.693	221.027
41.703	220.948
41.713	221.142
41.723	221.294
41.733	221.280
41.743	219.496
41.753	219.925
41.763	220.183
41.773	219.806
41.783	219.550
41.793	0.000
41.803	0.000
41.813	0.000
41.823	0.000
41.833	0.000
41.843	0.000
41.853	0.000
41.863	0.000
41.873	0.000
41.883	0.000
41.893	0.000
41.903	0.000
41.913	0.000
41.923	0.000
41.933	0.000
41.943	0.000
41.953	0.000
41.963	0.000
41.973	0.000
41.983	0.000
41.993	0.000
42.003	0.000
42.013	0.000
42.023	0.000
42.033	0.000
42.043	0.000
42.053	0.000
42.063	0.000
42.073	0.000
42.083	0.000
42.093	0.000
42.103	0.000
42.113	173.543
42.123	172.657
42.133	164.878
42.143	165.019
42.153	165.729
42.163	166.278
42.173	166.712
42.183	167.112
42.193	167.229
42.203	167.547
42.213	167.715
42.223	167.862
42.233	167.927
42.243	167.944
42.253	167.903
42.263	167.905
42.273	167.947
42.283	168.028
42.293	168.179
42.303	168.196
42.313	168.179
42.323	168.157
42.333	168.281
42.343	167.749
42.353	165.990
42.363	162.548
42.373	0.000
42.383	0.000
42.393	209.176
42.403	211.680
42.413	210.775
42.423	209.781
42.433	209.521
42.443	209.628
42.453	209.352
42.463	209.814
42.473	210.016
42.483	210.138
42.493	210.213
42.503	210.382
42.513	210.667
42.523	210.705
42.533	210.756
42.543	210.773
42.553	210.743
42.563	210.740
42.573	210.694
42.583	210.687
42.593	210.763
42.603	210.801
42.613	210.372
42.623	209.961
42.633	209.337
42.643	208.538
42.653	207.929
42.663	0.000
42.673	234.749
42.683	250.277
42.693	254.734
42.703	252.522
42.713	251.372
42.723	250.799
42.733	250.641
42.743	250.062
42.753	249.655
42.763	249.464
42.773	249.454
42.783	249.103
42.793	248.833
42.803	248.797
42.813	248.643
42.823	248.359
42.833	248.268
42.843	248.350
42.853	248.482
42.863	248.593
42.873	248.586
42.883	248.577
42.893	248.482
42.903	248.279
42.913	248.198
42.923	248.033
42.933	248.015
42.943	248.277
42.953	248.299
42.963	248.313
42.973	248.322
42.983	248.196
42.993	248.301
43.003	248.515
43.013	248.592
43.023	248.648
43.033	248.905
43.043	249.176
43.053	249.417
43.063	249.505
43.073	249.646
43.083	249.751
43.093	249.917
43.103	250.022
43.113	249.999
43.123	249.961
43.133	249.903
43.143	249.925
43.153	250.370
43.163	251.322
43.173	251.387
43.183	253.535
43.193	0.000
43.203	0.000
43.213	0.000
43.223	0.000
43.233	0.000
43.243	0.000
43.253	0.000
43.263	0.000
43.273	0.000
43.283	0.000
43.293	0.000
43.303	0.000
43.313	0.000
43.323	0.000
43.333	0.000
43.343	0.000
43.353	0.000
43.363	0.000
43.373	0.000
43.383	0.000
43.393	0.000
43.403	0.000
43.413	0.000
43.423	0.000
43.433	0.000
43.443	0.000
43.453	0.000
43.463	0.000
43.473	0.000
43.483	0.000
43.493	0.000
43.503	0.000
43.513	0.000
43.523	0.000
43.533	0.000
43.543	0.000
43.553	0.000
43.563	0.000
43.573	0.000
43.583	0.000
43.593	0.000
43.603	0.000
43.613	0.000
43.623	0.000
43.633	0.000
43.643	0.000
43.653	0.000
43.663	0.000
43.673	0.000
43.683	0.000
43.693	0.000
43.703	0.000
43.713	0.000
43.723	0.000
43.733	0.000
43.743	0.000
43.753	0.000
43.763	0.000
43.773	0.000
43.783	0.000
43.793	0.000
43.803	0.000
43.813	0.000
43.823	0.000
43.833	0.000
43.843	0.000
43.853	0.000
43.863	0.000
43.873	0.000
43.883	106.723
43.893	105.766
43.903	106.009
43.913	107.439
43.923	108.633
43.933	109.447
43.943	110.128
43.953	110.230
43.963	110.384
43.973	110.399
43.983	110.510
43.993	110.503
44.003	110.598
44.013	110.683
44.023	110.684
44.033	110.704
44.043	110.812
44.053	110.821
44.063	110.987
44.073	111.095
44.083	111.308
44.093	111.441
44.103	111.559
44.113	111.561
44.123	111.489
44.133	111.338
44.143	111.274
44.153	111.006
44.163	110.863
44.173	110.832
44.183	110.756
44.193	110.745
44.203	110.787
44.213	110.773
44.223	110.813
44.233	110.795
44.243	110.762
44.253	110.734
44.263	110.818
44.273	110.965
44.283	110.927
44.293	110.906
44.303	110.848
44.313	110.807
44.323	110.774
44.333	110.683
44.343	110.701
44.353	110.701
44.363	110.786
44.373	110.882
44.383	110.800
44.393	110.796
44.403	110.761
44.413	110.737
44.423	110.653
44.433	110.654
44.443	110.632
44.453	110.645
44.463	110.683
44.473	110.709
44.483	110.655
44.493	110.704
44.503	110.697
44.513	110.749
44.523	110.739
44.533	110.720
44.543	110.695
44.553	110.651
44.563	110.604
44.573	110.604
44.583	110.526
44.593	110.477
44.603	110.409
44.613	110.396
44.623	110.408
44.633	110.495
44.643	110.552
44.653	110.554
44.663	110.494
44.673	110.496
44.683	110.532
44.693	110.615
44.703	110.674
44.713	110.656
44.723	110.682
44.733	110.774
44.743	110.829
44.753	110.790
44.763	110.721
44.773	110.605
44.783	110.615
44.793	110.632
44.803	110.662
44.813	110.693
44.823	110.719
44.833	110.742
44.843	110.723
44.853	110.699
44.863	110.781
44.873	110.794
44.883	110.812
44.893	110.702
44.903	110.646
44.913	110.568
44.923	110.619
44.933	110.634
44.943	110.675
44.953	110.593
44.963	110.525
44.973	110.521
44.983	110.473
44.993	110.518
45.003	110.548
45.013	110.552
45.023	110.483
45.033	110.371
45.043	110.312
45.053	110.369
45.063	110.638
45.073	110.776
45.083	110.851
45.093	110.816
45.103	110.816
45.113	110.889
45.123	110.901
45.133	110.833
45.143	110.836
45.153	110.823
45.163	110.776
45.173	110.870
45.183	110.917
45.193	110.963
45.203	110.956
45.213	110.873
45.223	110.805
45.233	110.912
45.243	110.909
45.253	110.894
45.263	110.843
45.273	110.803
45.283	110.915
45.293	110.925
45.303	111.006
45.313	110.966
45.323	110.899
45.333	110.934
45.343	110.889
45.353	110.800
45.363	110.794
45.373	110.823
45.383	110.931
45.393	110.982
45.403	110.891
45.413	110.943
45.423	110.954
45.433	110.909
45.443	110.886
45.453	110.874
45.463	110.906
45.473	110.925
45.483	110.946
45.493	110.969
45.503	110.916
45.513	110.858
45.523	110.760
45.533	110.682
45.543	110.623
45.553	110.501
45.563	110.548
45.573	110.572
45.583	110.497
45.593	110.475
45.603	110.377
45.613	110.340
45.623	110.333
45.633	110.422
45.643	110.532
45.653	110.630
45.663	110.638
45.673	110.553
45.683	110.582
45.693	110.509
45.703	110.456
45.713	110.458
45.723	110.560
45.733	110.603
45.743	110.677
45.753	110.765
45.763	110.696
45.773	110.779
45.783	110.782
45.793	110.721
45.803	110.792
45.813	110.810
45.823	110.729
45.833	110.746
45.843	110.781
45.853	110.791
45.863	110.789
45.873	110.912
45.883	110.898
45.893	110.921
45.903	110.918
45.913	110.907
45.923	111.029
45.933	111.336
45.943	111.468
45.953	111.569
45.963	111.314
45.973	111.246
45.983	111.225
45.993	111.396
46.003	111.299
46.013	111.269
46.023	111.290
46.033	111.201
46.043	111.087
46.053	111.198
46.063	111.341
46.073	111.212
46.083	111.099
46.093	111.089
46.103	110.898
46.113	111.121
46.123	111.677
46.133	111.726
46.143	110.871
46.153	110.522
46.163	110.764
46.173	111.167
46.183	111.179
46.193	0.000
46.203	0.000
46.213	0.000
46.223	0.000
46.233	0.000
46.243	0.000
46.253	0.000
46.263	0.000
46.273	0.000
46.283	0.000
46.293	0.000
46.303	0.000
46.313	0.000
46.323	0.000
46.333	0.000
46.343	0.000
46.353	0.000
46.363	0.000
46.373	0.000
46.383	0.000
46.393	0.000
46.403	0.000
46.413	0.000
46.423	0.000
46.433	0.000
46.443	0.000
46.453	0.000
46.463	0.000
46.473	0.000
46.483	0.000
46.493	0.000
46.503	0.000
46.513	0.000
46.523	0.000
46.533	0.000
46.543	0.000
46.553	0.000
46.563	0.000
46.573	0.000
46.583	0.000
46.593	0.000
46.603	0.000
46.613	0.000
46.623	0.000
46.633	0.000
46.643	0.000
46.653	0.000
46.663	0.000
46.673	0.000
46.683	0.000
46.693	0.000
46.703	0.000
46.713	0.000
46.723	0.000
46.733	0.000
46.743	0.000
46.753	0.000
46.763	0.000
46.773	0.000
46.783	0.000
46.793	0.000
46.803	0.000
46.813	0.000
46.823	0.000
46.833	0.000
46.843	0.000
46.853	0.000
46.863	0.000
46.873	0.000
46.883	0.000
46.893	0.000
46.903	0.000
46.913	0.000
46.923	0.000
46.933	0.000
46.943	0.000
46.953	0.000
46.963	0.000
46.973	0.000
46.983	0.000
46.993	0.000
47.003	0.000
47.013	0.000
47.023	0.000
47.033	0.000
47.043	0.000
47.053	0.000
47.063	0.000
47.073	0.000
47.083	0.000
47.093	0.000
47.103	0.000
47.113	0.000
47.123	0.000
47.133	0.000
47.143	0.000
47.153	0.000
47.163	0.000
47.173	0.000
47.183	0.000
47.193	0.000
47.203	0.000
47.213	0.000
47.223	0.000
47.233	0.000
47.243	0.000
47.253	0.000
47.263	0.000
47.273	0.000
47.283	0.000
47.293	0.000
47.303	0.000
47.313	0.000
47.323	0.000
47.333	0.000
47.343	0.000
47.353	0.000
47.363	0.000
47.373	0.000
47.383	0.000
47.393	0.000
47.403	0.000
47.413	0.000
47.423	0.000
47.433	0.000
47.443	0.000
47.453	0.000
47.463	0.000
47.473	0.000
47.483	0.000
47.493	0.000
47.503	0.000
47.513	0.000
47.523	0.000
47.533	0.000
47.543	0.000
47.553	0.000
47.563	0.000
47.573	0.000
47.583	0.000
47.593	0.000
47.603	0.000
47.613	0.000
47.623	0.000
47.633	0.000
47.643	0.000
47.653	0.000
47.663	0.000
47.673	0.000
47.683	0.000
47.693	0.000
47.703	0.000
