0.023	0.000
0.033	0.000
0.043	0.000
0.053	0.000
0.063	0.000
0.073	0.000
0.083	0.000
0.093	0.000
0.103	0.000
0.113	0.000
0.123	0.000
0.133	0.000
0.143	0.000
0.153	0.000
0.163	0.000
0.173	0.000
0.183	0.000
0.193	0.000
0.203	0.000
0.213	0.000
0.223	0.000
0.233	0.000
0.243	0.000
0.253	0.000
0.263	0.000
0.273	0.000
0.283	0.000
0.293	0.000
0.303	0.000
0.313	0.000
0.323	0.000
0.333	0.000
0.343	0.000
0.353	0.000
0.363	0.000
0.373	0.000
0.383	0.000
0.393	0.000
0.403	0.000
0.413	0.000
0.423	0.000
0.433	0.000
0.443	0.000
0.453	0.000
0.463	0.000
0.473	0.000
0.483	0.000
0.493	0.000
0.503	0.000
0.513	0.000
0.523	0.000
0.533	0.000
0.543	0.000
0.553	0.000
0.563	0.000
0.573	0.000
0.583	0.000
0.593	0.000
0.603	0.000
0.613	0.000
0.623	0.000
0.633	0.000
0.643	0.000
0.653	0.000
0.663	0.000
0.673	0.000
0.683	0.000
0.693	0.000
0.703	0.000
0.713	0.000
0.723	0.000
0.733	0.000
0.743	0.000
0.753	0.000
0.763	0.000
0.773	0.000
0.783	0.000
0.793	0.000
0.803	0.000
0.813	0.000
0.823	0.000
0.833	0.000
0.843	0.000
0.853	0.000
0.863	0.000
0.873	0.000
0.883	0.000
0.893	0.000
0.903	0.000
0.913	0.000
0.923	0.000
0.933	0.000
0.943	0.000
0.953	0.000
0.963	0.000
0.973	0.000
0.983	0.000
0.993	0.000
1.003	0.000
1.013	0.000
1.023	0.000
1.033	0.000
1.043	0.000
1.053	0.000
1.063	0.000
1.073	0.000
1.083	0.000
1.093	0.000
1.103	0.000
1.113	0.000
1.123	0.000
1.133	0.000
1.143	0.000
1.153	0.000
1.163	0.000
1.173	0.000
1.183	0.000
1.193	0.000
1.203	0.000
1.213	0.000
1.223	0.000
1.233	0.000
1.243	0.000
1.253	0.000
1.263	0.000
1.273	0.000
1.283	0.000
1.293	0.000
1.303	0.000
1.313	0.000
1.323	0.000
1.333	0.000
1.343	0.000
1.353	0.000
1.363	0.000
1.373	0.000
1.383	0.000
1.393	0.000
1.403	0.000
1.413	0.000
1.423	0.000
1.433	0.000
1.443	0.000
1.453	0.000
1.463	0.000
1.473	0.000
1.483	0.000
1.493	0.000
1.503	0.000
1.513	0.000
1.523	0.000
1.533	0.000
1.543	0.000
1.553	0.000
1.563	0.000
1.573	0.000
1.583	0.000
1.593	0.000
1.603	0.000
1.613	0.000
1.623	0.000
1.633	0.000
1.643	0.000
1.653	0.000
1.663	0.000
1.673	0.000
1.683	0.000
1.693	0.000
1.703	0.000
1.713	0.000
1.723	0.000
1.733	0.000
1.743	0.000
1.753	0.000
1.763	0.000
1.773	0.000
1.783	0.000
1.793	0.000
1.803	0.000
1.813	0.000
1.823	0.000
1.833	0.000
1.843	0.000
1.853	0.000
1.863	0.000
1.873	0.000
1.883	0.000
1.893	0.000
1.903	0.000
1.913	0.000
1.923	0.000
1.933	0.000
1.943	0.000
1.953	0.000
1.963	0.000
1.973	0.000
1.983	0.000
1.993	0.000
2.003	0.000
2.013	0.000
2.023	0.000
2.033	0.000
2.043	0.000
2.053	0.000
2.063	0.000
2.073	0.000
2.083	0.000
2.093	0.000
2.103	0.000
2.113	0.000
2.123	0.000
2.133	0.000
2.143	0.000
2.153	0.000
2.163	0.000
2.173	0.000
2.183	0.000
2.193	0.000
2.203	0.000
2.213	0.000
2.223	0.000
2.233	0.000
2.243	0.000
2.253	0.000
2.263	0.000
2.273	0.000
2.283	0.000
2.293	0.000
2.303	0.000
2.313	0.000
2.323	0.000
2.333	0.000
2.343	0.000
2.353	0.000
2.363	0.000
2.373	0.000
2.383	0.000
2.393	0.000
2.403	0.000
2.413	0.000
2.423	0.000
2.433	0.000
2.443	0.000
2.453	0.000
2.463	0.000
2.473	0.000
2.483	0.000
2.493	0.000
2.503	0.000
2.513	0.000
2.523	0.000
2.533	0.000
2.543	0.000
2.553	0.000
2.563	0.000
2.573	0.000
2.583	0.000
2.593	0.000
2.603	0.000
2.613	0.000
2.623	0.000
2.633	0.000
2.643	0.000
2.653	0.000
2.663	0.000
2.673	0.000
2.683	0.000
2.693	0.000
2.703	0.000
2.713	0.000
2.723	0.000
2.733	0.000
2.743	0.000
2.753	0.000
2.763	0.000
2.773	0.000
2.783	0.000
2.793	0.000
2.803	0.000
2.813	0.000
2.823	0.000
2.833	0.000
2.843	0.000
2.853	0.000
2.863	0.000
2.873	0.000
2.883	0.000
2.893	0.000
2.903	0.000
2.913	0.000
2.923	0.000
2.933	0.000
2.943	0.000
2.953	0.000
2.963	0.000
2.973	0.000
2.983	0.000
2.993	0.000
3.003	0.000
3.013	0.000
3.023	0.000
3.033	0.000
3.043	0.000
3.053	0.000
3.063	0.000
3.073	0.000
3.083	0.000
3.093	0.000
3.103	0.000
3.113	0.000
3.123	0.000
3.133	0.000
3.143	0.000
3.153	0.000
3.163	0.000
3.173	0.000
3.183	0.000
3.193	0.000
3.203	0.000
3.213	0.000
3.223	0.000
3.233	0.000
3.243	0.000
3.253	0.000
3.263	0.000
3.273	0.000
3.283	0.000
3.293	0.000
3.303	0.000
3.313	0.000
3.323	0.000
3.333	0.000
3.343	0.000
3.353	0.000
3.363	0.000
3.373	0.000
3.383	0.000
3.393	0.000
3.403	0.000
3.413	0.000
3.423	0.000
3.433	0.000
3.443	0.000
3.453	0.000
3.463	0.000
3.473	0.000
3.483	0.000
3.493	0.000
3.503	0.000
3.513	0.000
3.523	0.000
3.533	0.000
3.543	0.000
3.553	0.000
3.563	0.000
3.573	0.000
3.583	0.000
3.593	0.000
3.603	0.000
3.613	0.000
3.623	0.000
3.633	0.000
3.643	0.000
3.653	0.000
3.663	0.000
3.673	0.000
3.683	0.000
3.693	0.000
3.703	0.000
3.713	0.000
3.723	0.000
3.733	0.000
3.743	0.000
3.753	0.000
3.763	0.000
3.773	0.000
3.783	0.000
3.793	0.000
3.803	0.000
3.813	0.000
3.823	0.000
3.833	0.000
3.843	0.000
3.853	0.000
3.863	0.000
3.873	0.000
3.883	0.000
3.893	0.000
3.903	0.000
3.913	0.000
3.923	0.000
3.933	0.000
3.943	0.000
3.953	0.000
3.963	0.000
3.973	0.000
3.983	0.000
3.993	0.000
4.003	0.000
4.013	0.000
4.023	0.000
4.033	0.000
4.043	0.000
4.053	0.000
4.063	0.000
4.073	0.000
4.083	0.000
4.093	0.000
4.103	0.000
4.113	0.000
4.123	0.000
4.133	0.000
4.143	0.000
4.153	0.000
4.163	0.000
4.173	0.000
4.183	0.000
4.193	0.000
4.203	0.000
4.213	0.000
4.223	0.000
4.233	0.000
4.243	0.000
4.253	0.000
4.263	0.000
4.273	301.777
4.283	305.361
4.293	306.063
4.303	307.284
4.313	308.957
4.323	309.970
4.333	310.408
4.343	310.867
4.353	310.927
4.363	311.293
4.373	311.468
4.383	311.704
4.393	312.114
4.403	312.198
4.413	312.402
4.423	312.583
4.433	312.685
4.443	312.728
4.453	312.718
4.463	312.815
4.473	312.897
4.483	312.936
4.493	313.066
4.503	313.193
4.513	313.204
4.523	313.247
4.533	313.240
4.543	313.140
4.553	313.028
4.563	312.844
4.573	312.701
4.583	312.537
4.593	312.353
4.603	312.232
4.613	312.249
4.623	312.682
4.633	312.400
4.643	311.913
4.653	312.517
4.663	312.441
4.673	313.603
4.683	313.875
4.693	313.860
4.703	314.087
4.713	313.937
4.723	0.000
4.733	0.000
4.743	0.000
4.753	0.000
4.763	0.000
4.773	0.000
4.783	0.000
4.793	0.000
4.803	0.000
4.813	0.000
4.823	0.000
4.833	0.000
4.843	0.000
4.853	0.000
4.863	0.000
4.873	0.000
4.883	0.000
4.893	0.000
4.903	0.000
4.913	0.000
4.923	0.000
4.933	0.000
4.943	0.000
4.953	0.000
4.963	0.000
4.973	0.000
4.983	0.000
4.993	0.000
5.003	0.000
5.013	0.000
5.023	0.000
5.033	0.000
5.043	0.000
5.053	0.000
5.063	0.000
5.073	0.000
5.083	0.000
5.093	0.000
5.103	0.000
5.113	0.000
5.123	0.000
5.133	0.000
5.143	0.000
5.153	0.000
5.163	0.000
5.173	0.000
5.183	0.000
5.193	0.000
5.203	0.000
5.213	0.000
5.223	0.000
5.233	0.000
5.243	0.000
5.253	0.000
5.263	0.000
5.273	0.000
5.283	0.000
5.293	0.000
5.303	0.000
5.313	0.000
5.323	0.000
5.333	0.000
5.343	0.000
5.353	0.000
5.363	0.000
5.373	0.000
5.383	0.000
5.393	0.000
5.403	0.000
5.413	0.000
5.423	0.000
5.433	0.000
5.443	0.000
5.453	0.000
5.463	0.000
5.473	0.000
5.483	0.000
5.493	0.000
5.503	0.000
5.513	0.000
5.523	0.000
5.533	0.000
5.543	0.000
5.553	0.000
5.563	0.000
5.573	0.000
5.583	0.000
5.593	0.000
5.603	0.000
5.613	0.000
5.623	0.000
5.633	0.000
5.643	0.000
5.653	0.000
5.663	0.000
5.673	0.000
5.683	0.000
5.693	0.000
5.703	0.000
5.713	0.000
5.723	0.000
5.733	0.000
5.743	0.000
5.753	0.000
5.763	0.000
5.773	0.000
5.783	0.000
5.793	0.000
5.803	0.000
5.813	0.000
5.823	316.083
5.833	311.115
5.843	309.995
5.853	310.988
5.863	311.111
5.873	311.772
5.883	312.374
5.893	313.243
5.903	313.643
5.913	313.988
5.923	314.041
5.933	314.142
5.943	313.969
5.953	313.993
5.963	314.093
5.973	314.183
5.983	314.191
5.993	314.270
6.003	314.369
6.013	314.451
6.023	314.547
6.033	314.553
6.043	314.631
6.053	314.672
6.063	314.662
6.073	314.783
6.083	314.787
6.093	314.793
6.103	314.815
6.113	314.790
6.123	314.836
6.133	314.792
6.143	314.739
6.153	314.724
6.163	314.771
6.173	314.727
6.183	314.724
6.193	314.732
6.203	314.787
6.213	314.759
6.223	314.844
6.233	315.149
6.243	315.482
6.253	315.575
6.263	315.307
6.273	315.330
6.283	315.445
6.293	315.320
6.303	315.384
6.313	315.910
6.323	316.024
6.333	316.277
6.343	315.862
6.353	315.863
6.363	315.479
6.373	0.000
6.383	0.000
6.393	0.000
6.403	0.000
6.413	0.000
6.423	0.000
6.433	0.000
6.443	0.000
6.453	0.000
6.463	0.000
6.473	0.000
6.483	0.000
6.493	0.000
6.503	0.000
6.513	0.000
6.523	0.000
6.533	0.000
6.543	0.000
6.553	0.000
6.563	0.000
6.573	0.000
6.583	0.000
6.593	0.000
6.603	0.000
6.613	0.000
6.623	0.000
6.633	0.000
6.643	0.000
6.653	0.000
6.663	0.000
6.673	0.000
6.683	0.000
6.693	0.000
6.703	0.000
6.713	0.000
6.723	0.000
6.733	0.000
6.743	0.000
6.753	0.000
6.763	0.000
6.773	0.000
6.783	0.000
6.793	0.000
6.803	0.000
6.813	0.000
6.823	0.000
6.833	0.000
6.843	0.000
6.853	0.000
6.863	0.000
6.873	0.000
6.883	0.000
6.893	0.000
6.903	0.000
6.913	0.000
6.923	0.000
6.933	0.000
6.943	0.000
6.953	0.000
6.963	0.000
6.973	0.000
6.983	0.000
6.993	0.000
7.003	0.000
7.013	0.000
7.023	0.000
7.033	0.000
7.043	0.000
7.053	0.000
7.063	0.000
7.073	0.000
7.083	0.000
7.093	0.000
7.103	0.000
7.113	0.000
7.123	0.000
7.133	0.000
7.143	0.000
7.153	0.000
7.163	0.000
7.173	0.000
7.183	0.000
7.193	0.000
7.203	0.000
7.213	0.000
7.223	0.000
7.233	0.000
7.243	0.000
7.253	0.000
7.263	0.000
7.273	0.000
7.283	0.000
7.293	0.000
7.303	0.000
7.313	0.000
7.323	0.000
7.333	217.880
7.343	210.799
7.353	208.086
7.363	207.759
7.373	207.793
7.383	207.979
7.393	208.127
7.403	208.160
7.413	208.434
7.423	208.735
7.433	208.795
7.443	209.042
7.453	209.463
7.463	209.938
7.473	210.120
7.483	210.555
7.493	210.743
7.503	210.883
7.513	210.961
7.523	211.047
7.533	211.061
7.543	211.051
7.553	210.968
7.563	210.973
7.573	211.042
7.583	210.944
7.593	210.892
7.603	210.781
7.613	210.726
7.623	210.759
7.633	210.847
7.643	210.871
7.653	210.844
7.663	210.747
7.673	210.426
7.683	210.312
7.693	210.067
7.703	209.824
7.713	209.669
7.723	209.500
7.733	209.501
7.743	209.258
7.753	209.027
7.763	209.186
7.773	209.120
7.783	208.766
7.793	208.669
7.803	208.482
7.813	208.469
7.823	208.655
7.833	208.495
7.843	208.776
7.853	208.956
7.863	209.268
7.873	209.032
7.883	0.000
7.893	0.000
7.903	0.000
7.913	0.000
7.923	0.000
7.933	0.000
7.943	0.000
7.953	0.000
7.963	0.000
7.973	0.000
7.983	0.000
7.993	0.000
8.003	0.000
8.013	0.000
8.023	0.000
8.033	0.000
8.043	0.000
8.053	0.000
8.063	0.000
8.073	0.000
8.083	0.000
8.093	0.000
8.103	0.000
8.113	0.000
8.123	0.000
8.133	0.000
8.143	0.000
8.153	0.000
8.163	0.000
8.173	0.000
8.183	0.000
8.193	0.000
8.203	0.000
8.213	0.000
8.223	0.000
8.233	0.000
8.243	0.000
8.253	0.000
8.263	0.000
8.273	0.000
8.283	0.000
8.293	0.000
8.303	0.000
8.313	0.000
8.323	0.000
8.333	0.000
8.343	0.000
8.353	0.000
8.363	0.000
8.373	0.000
8.383	0.000
8.393	0.000
8.403	0.000
8.413	0.000
8.423	0.000
8.433	0.000
8.443	0.000
8.453	0.000
8.463	0.000
8.473	0.000
8.483	0.000
8.493	0.000
8.503	0.000
8.513	0.000
8.523	0.000
8.533	0.000
8.543	0.000
8.553	0.000
8.563	0.000
8.573	0.000
8.583	0.000
8.593	0.000
8.603	0.000
8.613	0.000
8.623	0.000
8.633	0.000
8.643	0.000
8.653	0.000
8.663	0.000
8.673	0.000
8.683	0.000
8.693	0.000
8.703	0.000
8.713	0.000
8.723	0.000
8.733	0.000
8.743	0.000
8.753	0.000
8.763	0.000
8.773	0.000
8.783	0.000
8.793	0.000
8.803	0.000
8.813	0.000
8.823	0.000
8.833	240.849
8.843	239.389
8.853	236.081
8.863	235.708
8.873	236.630
8.883	236.656
8.893	237.167
8.903	237.629
8.913	237.951
8.923	238.307
8.933	238.548
8.943	238.756
8.953	238.781
8.963	238.854
8.973	238.740
8.983	238.634
8.993	238.465
9.003	238.295
9.013	238.228
9.023	238.130
9.033	238.150
9.043	238.062
9.053	237.886
9.063	237.872
9.073	237.855
9.083	237.956
9.093	238.012
9.103	238.118
9.113	238.174
9.123	238.292
9.133	238.322
9.143	238.445
9.153	238.461
9.163	238.497
9.173	238.530
9.183	238.674
9.193	238.793
9.203	238.858
9.213	238.978
9.223	239.243
9.233	239.499
9.243	239.655
9.253	239.909
9.263	240.083
9.273	240.198
9.283	240.197
9.293	240.243
9.303	239.732
9.313	239.665
9.323	239.075
9.333	239.241
9.343	239.497
9.353	240.196
9.363	240.520
9.373	240.025
9.383	0.000
9.393	0.000
9.403	0.000
9.413	0.000
9.423	0.000
9.433	0.000
9.443	0.000
9.453	0.000
9.463	0.000
9.473	0.000
9.483	0.000
9.493	0.000
9.503	0.000
9.513	0.000
9.523	0.000
9.533	0.000
9.543	0.000
9.553	0.000
9.563	0.000
9.573	0.000
9.583	0.000
9.593	0.000
9.603	0.000
9.613	0.000
9.623	0.000
9.633	0.000
9.643	0.000
9.653	0.000
9.663	0.000
9.673	0.000
9.683	0.000
9.693	0.000
9.703	0.000
9.713	0.000
9.723	0.000
9.733	0.000
9.743	0.000
9.753	0.000
9.763	0.000
9.773	0.000
9.783	0.000
9.793	0.000
9.803	0.000
9.813	0.000
9.823	0.000
9.833	0.000
9.843	0.000
9.853	0.000
9.863	0.000
9.873	0.000
9.883	0.000
9.893	0.000
9.903	0.000
9.913	0.000
9.923	0.000
9.933	0.000
9.943	0.000
9.953	0.000
9.963	0.000
9.973	0.000
9.983	0.000
9.993	0.000
10.003	0.000
10.013	0.000
10.023	0.000
10.033	0.000
10.043	0.000
10.053	0.000
10.063	0.000
10.073	0.000
10.083	0.000
10.093	0.000
10.103	0.000
10.113	0.000
10.123	0.000
10.133	0.000
10.143	0.000
10.153	0.000
10.163	0.000
10.173	0.000
10.183	0.000
10.193	0.000
10.203	0.000
10.213	0.000
10.223	0.000
10.233	0.000
10.243	0.000
10.253	0.000
10.263	0.000
10.273	0.000
10.283	0.000
10.293	0.000
10.303	0.000
10.313	0.000
10.323	0.000
10.333	0.000
10.343	153.802
10.353	154.013
10.363	154.339
10.373	154.847
10.383	155.093
10.393	155.239
10.403	155.680
10.413	155.996
10.423	156.234
10.433	156.340
10.443	156.403
10.453	156.225
10.463	156.050
10.473	155.874
10.483	155.813
10.493	155.732
10.503	155.818
10.513	155.866
10.523	156.036
10.533	156.078
10.543	156.009
10.553	155.835
10.563	155.669
10.573	155.585
10.583	155.414
10.593	155.381
10.603	155.426
10.613	155.463
10.623	155.433
10.633	155.487
10.643	155.551
10.653	155.523
10.663	155.301
10.673	155.086
10.683	155.103
10.693	155.131
10.703	155.250
10.713	155.457
10.723	155.816
10.733	155.718
10.743	155.427
10.753	155.444
10.763	155.307
10.773	155.390
10.783	155.585
10.793	155.941
10.803	156.181
10.813	157.228
10.823	0.000
10.833	0.000
10.843	0.000
10.853	0.000
10.863	0.000
10.873	0.000
10.883	0.000
10.893	0.000
10.903	0.000
10.913	0.000
10.923	0.000
10.933	0.000
10.943	0.000
10.953	0.000
10.963	0.000
10.973	0.000
10.983	0.000
10.993	0.000
11.003	0.000
11.013	0.000
11.023	0.000
11.033	0.000
11.043	0.000
11.053	0.000
11.063	0.000
11.073	0.000
11.083	0.000
11.093	0.000
11.103	0.000
11.113	0.000
11.123	0.000
11.133	0.000
11.143	0.000
11.153	0.000
11.163	0.000
11.173	0.000
11.183	0.000
11.193	0.000
11.203	0.000
11.213	0.000
11.223	0.000
11.233	0.000
11.243	0.000
11.253	0.000
11.263	0.000
11.273	0.000
11.283	0.000
11.293	0.000
11.303	0.000
11.313	0.000
11.323	0.000
11.333	0.000
11.343	0.000
11.353	0.000
11.363	0.000
11.373	0.000
11.383	0.000
11.393	0.000
11.403	0.000
11.413	0.000
11.423	0.000
11.433	0.000
11.443	0.000
11.453	0.000
11.463	0.000
11.473	0.000
11.483	0.000
11.493	0.000
11.503	0.000
11.513	0.000
11.523	0.000
11.533	0.000
11.543	0.000
11.553	0.000
11.563	0.000
11.573	0.000
11.583	0.000
11.593	0.000
11.603	0.000
11.613	0.000
11.623	0.000
11.633	0.000
11.643	0.000
11.653	0.000
11.663	0.000
11.673	0.000
11.683	0.000
11.693	0.000
11.703	0.000
11.713	0.000
11.723	0.000
11.733	0.000
11.743	0.000
11.753	0.000
11.763	0.000
11.773	0.000
11.783	0.000
11.793	0.000
11.803	305.134
11.813	307.226
11.823	308.617
11.833	308.834
11.843	310.025
11.853	310.978
11.863	311.714
11.873	312.201
11.883	312.708
11.893	312.923
11.903	313.049
11.913	312.976
11.923	313.094
11.933	313.206
11.943	313.338
11.953	313.326
11.963	313.434
11.973	313.503
11.983	313.583
11.993	313.771
12.003	313.919
12.013	313.976
12.023	314.059
12.033	314.063
12.043	314.098
12.053	314.148
12.063	314.271
12.073	314.331
12.083	314.312
12.093	314.305
12.103	314.454
12.113	314.501
12.123	314.555
12.133	314.804
12.143	315.265
12.153	315.588
12.163	315.731
12.173	316.017
12.183	316.172
12.193	316.211
12.203	316.341
12.213	316.296
12.223	316.525
12.233	316.602
12.243	316.762
12.253	316.876
12.263	316.801
12.273	316.940
12.283	316.849
12.293	316.460
12.303	316.551
12.313	316.220
12.323	317.187
12.333	317.455
12.343	0.000
12.353	0.000
12.363	0.000
12.373	0.000
12.383	0.000
12.393	0.000
12.403	0.000
12.413	0.000
12.423	0.000
12.433	0.000
12.443	0.000
12.453	0.000
12.463	0.000
12.473	0.000
12.483	0.000
12.493	0.000
12.503	0.000
12.513	0.000
12.523	0.000
12.533	0.000
12.543	0.000
12.553	0.000
12.563	0.000
12.573	0.000
12.583	0.000
12.593	0.000
12.603	0.000
12.613	0.000
12.623	0.000
12.633	0.000
12.643	0.000
12.653	0.000
12.663	0.000
12.673	0.000
12.683	0.000
12.693	0.000
12.703	0.000
12.713	0.000
12.723	0.000
12.733	0.000
12.743	0.000
12.753	0.000
12.763	0.000
12.773	0.000
12.783	0.000
12.793	0.000
12.803	0.000
12.813	0.000
12.823	0.000
12.833	0.000
12.843	0.000
12.853	0.000
12.863	0.000
12.873	0.000
12.883	0.000
12.893	0.000
12.903	0.000
12.913	0.000
12.923	0.000
12.933	0.000
12.943	0.000
12.953	0.000
12.963	0.000
12.973	0.000
12.983	0.000
12.993	0.000
13.003	0.000
13.013	0.000
13.023	0.000
13.033	0.000
13.043	0.000
13.053	0.000
13.063	0.000
13.073	0.000
13.083	0.000
13.093	0.000
13.103	0.000
13.113	0.000
13.123	0.000
13.133	0.000
13.143	0.000
13.153	0.000
13.163	0.000
13.173	0.000
13.183	0.000
13.193	0.000
13.203	0.000
13.213	0.000
13.223	0.000
13.233	0.000
13.243	0.000
13.253	261.639
13.263	257.336
13.273	258.686
13.283	259.798
13.293	261.212
13.303	262.661
13.313	263.156
13.323	263.944
13.333	264.479
13.343	264.809
13.353	264.824
13.363	264.851
13.373	264.711
13.383	264.559
13.393	264.405
13.403	264.263
13.413	264.232
13.423	264.194
13.433	264.024
13.443	263.963
13.453	263.955
13.463	263.911
13.473	263.731
13.483	263.456
13.493	263.354
13.503	263.483
13.513	263.942
13.523	264.352
13.533	264.280
13.543	264.463
13.553	265.052
13.563	264.901
13.573	266.035
13.583	267.626
13.593	0.000
13.603	0.000
13.613	0.000
13.623	0.000
13.633	0.000
13.643	0.000
13.653	0.000
13.663	0.000
13.673	0.000
13.683	0.000
13.693	0.000
13.703	0.000
13.713	0.000
13.723	0.000
13.733	0.000
13.743	0.000
13.753	0.000
13.763	0.000
13.773	0.000
13.783	0.000
13.793	0.000
13.803	0.000
13.813	0.000
13.823	0.000
13.833	0.000
13.843	0.000
13.853	0.000
13.863	0.000
13.873	0.000
13.883	0.000
13.893	0.000
13.903	0.000
13.913	0.000
13.923	0.000
13.933	0.000
13.943	0.000
13.953	0.000
13.963	0.000
13.973	0.000
13.983	0.000
13.993	0.000
14.003	0.000
14.013	356.963
14.023	353.251
14.033	353.392
14.043	353.100
14.053	353.400
14.063	353.544
14.073	353.751
14.083	353.683
14.093	353.558
14.103	353.373
14.113	353.349
14.123	353.160
14.133	353.130
14.143	353.063
14.153	353.175
14.163	353.250
14.173	353.245
14.183	353.212
14.193	353.225
14.203	352.984
14.213	352.922
14.223	352.721
14.233	352.668
14.243	352.650
14.253	352.647
14.263	352.723
14.273	352.821
14.283	352.980
14.293	353.598
14.303	354.363
14.313	355.078
14.323	355.241
14.333	355.648
14.343	356.474
14.353	358.560
14.363	359.842
14.373	0.000
14.383	0.000
14.393	0.000
14.403	0.000
14.413	0.000
14.423	0.000
14.433	0.000
14.443	0.000
14.453	0.000
14.463	0.000
14.473	0.000
14.483	0.000
14.493	0.000
14.503	0.000
14.513	0.000
14.523	0.000
14.533	0.000
14.543	0.000
14.553	0.000
14.563	0.000
14.573	0.000
14.583	0.000
14.593	0.000
14.603	0.000
14.613	0.000
14.623	0.000
14.633	0.000
14.643	0.000
14.653	0.000
14.663	0.000
14.673	0.000
14.683	0.000
14.693	0.000
14.703	0.000
14.713	0.000
14.723	229.144
14.733	227.663
14.743	230.254
14.753	231.090
14.763	232.186
14.773	233.261
14.783	233.752
14.793	233.989
14.803	234.280
14.813	234.758
14.823	234.754
14.833	235.051
14.843	235.207
14.853	235.358
14.863	235.404
14.873	235.786
14.883	236.110
14.893	236.273
14.903	236.324
14.913	236.403
14.923	236.417
14.933	236.447
14.943	236.540
14.953	236.818
14.963	237.029
14.973	237.128
14.983	237.281
14.993	237.368
15.003	237.456
15.013	237.463
15.023	237.242
15.033	237.093
15.043	237.092
15.053	237.137
15.063	237.182
15.073	237.147
15.083	237.135
15.093	237.143
15.103	237.177
15.113	237.217
15.123	237.271
15.133	237.310
15.143	237.453
15.153	237.482
15.163	237.619
15.173	237.698
15.183	237.746
15.193	238.029
15.203	238.391
15.213	238.762
15.223	238.899
15.233	239.081
15.243	239.301
15.253	239.383
15.263	239.391
15.273	239.164
15.283	239.101
15.293	238.939
15.303	238.827
15.313	238.968
15.323	238.860
15.333	238.861
15.343	238.633
15.353	238.571
15.363	238.557
15.373	238.596
15.383	238.663
15.393	238.489
15.403	238.605
15.413	238.743
15.423	238.979
15.433	239.544
15.443	239.331
15.453	240.007
15.463	0.000
15.473	0.000
15.483	0.000
15.493	0.000
15.503	0.000
15.513	0.000
15.523	0.000
15.533	0.000
15.543	0.000
15.553	0.000
15.563	0.000
15.573	0.000
15.583	0.000
15.593	0.000
15.603	0.000
15.613	0.000
15.623	0.000
15.633	0.000
15.643	0.000
15.653	0.000
15.663	0.000
15.673	0.000
15.683	0.000
15.693	0.000
15.703	0.000
15.713	0.000
15.723	0.000
15.733	0.000
15.743	0.000
15.753	0.000
15.763	0.000
15.773	0.000
15.783	0.000
15.793	0.000
15.803	0.000
15.813	0.000
15.823	0.000
15.833	0.000
15.843	0.000
15.853	0.000
15.863	0.000
15.873	0.000
15.883	0.000
15.893	0.000
15.903	0.000
15.913	0.000
15.923	0.000
15.933	0.000
15.943	0.000
15.953	0.000
15.963	0.000
15.973	0.000
15.983	0.000
15.993	0.000
16.003	0.000
16.013	0.000
16.023	0.000
16.033	0.000
16.043	0.000
16.053	0.000
16.063	0.000
16.073	0.000
16.083	0.000
16.093	0.000
16.103	0.000
16.113	0.000
16.123	0.000
16.133	0.000
16.143	0.000
16.153	0.000
16.163	0.000
16.173	0.000
16.183	0.000
16.193	0.000
16.203	0.000
16.213	0.000
16.223	0.000
16.233	0.000
16.243	0.000
16.253	0.000
16.263	0.000
16.273	0.000
16.283	0.000
16.293	0.000
16.303	0.000
16.313	0.000
16.323	0.000
16.333	0.000
16.343	0.000
16.353	0.000
16.363	0.000
16.373	0.000
16.383	0.000
16.393	0.000
16.403	0.000
16.413	323.856
16.423	316.841
16.433	315.487
16.443	314.922
16.453	314.920
16.463	314.942
16.473	315.132
16.483	315.118
16.493	315.230
16.503	315.035
16.513	314.922
16.523	314.838
16.533	314.872
16.543	314.666
16.553	314.580
16.563	314.519
16.573	314.537
16.583	314.699
16.593	314.860
16.603	314.728
16.613	314.829
16.623	315.003
16.633	315.020
16.643	315.168
16.653	315.400
16.663	315.567
16.673	316.052
16.683	316.154
16.693	316.139
16.703	316.226
16.713	316.187
16.723	316.000
16.733	315.946
16.743	315.986
16.753	315.726
16.763	315.786
16.773	315.834
16.783	315.892
16.793	316.159
16.803	316.048
16.813	315.854
16.823	316.389
16.833	0.000
16.843	0.000
16.853	0.000
16.863	0.000
16.873	0.000
16.883	0.000
16.893	0.000
16.903	0.000
16.913	0.000
16.923	0.000
16.933	0.000
16.943	0.000
16.953	0.000
16.963	0.000
16.973	0.000
16.983	0.000
16.993	0.000
17.003	0.000
17.013	0.000
17.023	0.000
17.033	0.000
17.043	0.000
17.053	0.000
17.063	0.000
17.073	0.000
17.083	0.000
17.093	0.000
17.103	0.000
17.113	0.000
17.123	0.000
17.133	0.000
17.143	0.000
17.153	0.000
17.163	0.000
17.173	0.000
17.183	0.000
17.193	0.000
17.203	0.000
17.213	0.000
17.223	0.000
17.233	0.000
17.243	0.000
17.253	0.000
17.263	0.000
17.273	0.000
17.283	0.000
17.293	0.000
17.303	0.000
17.313	0.000
17.323	0.000
17.333	0.000
17.343	0.000
17.353	0.000
17.363	0.000
17.373	0.000
17.383	0.000
17.393	0.000
17.403	0.000
17.413	0.000
17.423	0.000
17.433	0.000
17.443	0.000
17.453	0.000
17.463	0.000
17.473	0.000
17.483	0.000
17.493	0.000
17.503	0.000
17.513	0.000
17.523	0.000
17.533	0.000
17.543	0.000
17.553	0.000
17.563	0.000
17.573	0.000
17.583	0.000
17.593	0.000
17.603	0.000
17.613	0.000
17.623	0.000
17.633	0.000
17.643	0.000
17.653	0.000
17.663	0.000
17.673	0.000
17.683	0.000
17.693	0.000
17.703	0.000
17.713	0.000
17.723	0.000
17.733	0.000
17.743	0.000
17.753	0.000
17.763	0.000
17.773	0.000
17.783	0.000
17.793	0.000
17.803	0.000
17.813	0.000
17.823	0.000
17.833	0.000
17.843	0.000
17.853	0.000
17.863	0.000
17.873	0.000
17.883	307.699
17.893	310.117
17.903	311.225
17.913	310.176
17.923	311.377
17.933	311.579
17.943	311.999
17.953	312.425
17.963	312.789
17.973	312.825
17.983	312.930
17.993	312.849
18.003	312.991
18.013	312.809
18.023	312.761
18.033	312.716
18.043	312.513
18.053	312.468
18.063	312.462
18.073	312.549
18.083	312.515
18.093	312.545
18.103	312.669
18.113	312.706
18.123	312.711
18.133	312.776
18.143	312.815
18.153	312.939
18.163	313.173
18.173	313.437
18.183	313.505
18.193	313.556
18.203	313.593
18.213	313.629
18.223	313.665
18.233	313.709
18.243	313.903
18.253	313.988
18.263	314.149
18.273	314.136
18.283	314.019
18.293	314.135
18.303	314.042
18.313	314.105
18.323	314.263
18.333	314.622
18.343	315.189
18.353	315.211
18.363	315.050
18.373	0.000
18.383	0.000
18.393	0.000
18.403	0.000
18.413	0.000
18.423	0.000
18.433	0.000
18.443	0.000
18.453	0.000
18.463	0.000
18.473	0.000
18.483	0.000
18.493	0.000
18.503	0.000
18.513	0.000
18.523	0.000
18.533	0.000
18.543	0.000
18.553	0.000
18.563	0.000
18.573	0.000
18.583	0.000
18.593	0.000
18.603	0.000
18.613	0.000
18.623	0.000
18.633	0.000
18.643	0.000
18.653	0.000
18.663	0.000
18.673	0.000
18.683	0.000
18.693	0.000
18.703	0.000
18.713	0.000
18.723	0.000
18.733	0.000
18.743	0.000
18.753	0.000
18.763	0.000
18.773	0.000
18.783	0.000
18.793	0.000
18.803	0.000
18.813	0.000
18.823	0.000
18.833	0.000
18.843	0.000
18.853	0.000
18.863	0.000
18.873	0.000
18.883	0.000
18.893	0.000
18.903	0.000
18.913	0.000
18.923	0.000
18.933	0.000
18.943	0.000
18.953	0.000
18.963	0.000
18.973	0.000
18.983	0.000
18.993	0.000
19.003	0.000
19.013	0.000
19.023	0.000
19.033	0.000
19.043	0.000
19.053	0.000
19.063	0.000
19.073	0.000
19.083	0.000
19.093	0.000
19.103	0.000
19.113	0.000
19.123	0.000
19.133	0.000
19.143	0.000
19.153	0.000
19.163	0.000
19.173	0.000
19.183	0.000
19.193	0.000
19.203	0.000
19.213	0.000
19.223	0.000
19.233	0.000
19.243	0.000
19.253	0.000
19.263	0.000
19.273	0.000
19.283	0.000
19.293	0.000
19.303	0.000
19.313	0.000
19.323	0.000
19.333	0.000
19.343	0.000
19.353	0.000
19.363	0.000
19.373	0.000
19.383	206.858
19.393	205.827
19.403	205.353
19.413	206.955
19.423	207.615
19.433	208.022
19.443	208.384
19.453	208.652
19.463	208.827
19.473	208.983
19.483	209.186
19.493	209.034
19.503	209.081
19.513	209.152
19.523	209.046
19.533	209.033
19.543	209.165
19.553	209.078
19.563	209.462
19.573	209.925
19.583	209.898
19.593	210.120
19.603	210.124
19.613	210.045
19.623	210.092
19.633	209.984
19.643	209.748
19.653	209.740
19.663	209.865
19.673	209.873
19.683	210.244
19.693	209.955
19.703	210.073
19.713	210.006
19.723	209.383
19.733	209.138
19.743	208.915
19.753	208.977
19.763	208.832
19.773	208.566
19.783	207.780
19.793	207.992
19.803	207.909
19.813	207.796
19.823	207.873
19.833	0.000
19.843	0.000
19.853	0.000
19.863	0.000
19.873	0.000
19.883	0.000
19.893	0.000
19.903	0.000
19.913	0.000
19.923	0.000
19.933	0.000
19.943	0.000
19.953	0.000
19.963	0.000
19.973	0.000
19.983	0.000
19.993	0.000
20.003	0.000
20.013	0.000
20.023	0.000
20.033	0.000
20.043	0.000
20.053	0.000
20.063	0.000
20.073	0.000
20.083	0.000
20.093	0.000
20.103	0.000
20.113	0.000
20.123	0.000
20.133	0.000
20.143	0.000
20.153	0.000
20.163	0.000
20.173	0.000
20.183	0.000
20.193	0.000
20.203	0.000
20.213	0.000
20.223	0.000
20.233	0.000
20.243	0.000
20.253	0.000
20.263	0.000
20.273	0.000
20.283	0.000
20.293	0.000
20.303	0.000
20.313	0.000
20.323	0.000
20.333	0.000
20.343	0.000
20.353	0.000
20.363	0.000
20.373	0.000
20.383	0.000
20.393	0.000
20.403	0.000
20.413	0.000
20.423	0.000
20.433	0.000
20.443	0.000
20.453	0.000
20.463	0.000
20.473	0.000
20.483	0.000
20.493	0.000
20.503	0.000
20.513	0.000
20.523	0.000
20.533	0.000
20.543	0.000
20.553	0.000
20.563	0.000
20.573	0.000
20.583	0.000
20.593	0.000
20.603	0.000
20.613	0.000
20.623	0.000
20.633	0.000
20.643	0.000
20.653	0.000
20.663	0.000
20.673	0.000
20.683	0.000
20.693	0.000
20.703	0.000
20.713	0.000
20.723	0.000
20.733	0.000
20.743	0.000
20.753	0.000
20.763	0.000
20.773	0.000
20.783	0.000
20.793	0.000
20.803	0.000
20.813	0.000
20.823	0.000
20.833	0.000
20.843	0.000
20.853	0.000
20.863	237.597
20.873	234.027
20.883	233.954
20.893	233.636
20.903	234.569
20.913	235.243
20.923	235.581
20.933	236.259
20.943	236.843
20.953	237.022
20.963	237.402
20.973	237.677
20.983	237.637
20.993	237.588
21.003	237.333
21.013	237.123
21.023	237.028
21.033	237.001
21.043	236.996
21.053	236.989
21.063	237.007
21.073	236.893
21.083	236.947
21.093	237.127
21.103	237.144
21.113	237.140
21.123	237.053
21.133	237.160
21.143	237.183
21.153	237.131
21.163	237.147
21.173	237.225
21.183	237.177
21.193	237.176
21.203	237.275
21.213	237.321
21.223	237.526
21.233	237.758
21.243	237.947
21.253	237.922
21.263	238.066
21.273	238.120
21.283	237.895
21.293	238.460
21.303	238.330
21.313	239.261
21.323	0.000
21.333	0.000
21.343	0.000
21.353	0.000
21.363	0.000
21.373	0.000
21.383	0.000
21.393	0.000
21.403	0.000
21.413	0.000
21.423	0.000
21.433	0.000
21.443	0.000
21.453	0.000
21.463	0.000
21.473	0.000
21.483	0.000
21.493	0.000
21.503	0.000
21.513	0.000
21.523	0.000
21.533	0.000
21.543	0.000
21.553	0.000
21.563	0.000
21.573	0.000
21.583	0.000
21.593	0.000
21.603	0.000
21.613	0.000
21.623	0.000
21.633	0.000
21.643	0.000
21.653	0.000
21.663	0.000
21.673	0.000
21.683	0.000
21.693	0.000
21.703	0.000
21.713	0.000
21.723	0.000
21.733	0.000
21.743	0.000
21.753	0.000
21.763	0.000
21.773	0.000
21.783	0.000
21.793	0.000
21.803	0.000
21.813	0.000
21.823	0.000
21.833	0.000
21.843	0.000
21.853	0.000
21.863	0.000
21.873	0.000
21.883	0.000
21.893	0.000
21.903	0.000
21.913	0.000
21.923	0.000
21.933	0.000
21.943	0.000
21.953	0.000
21.963	0.000
21.973	0.000
21.983	0.000
21.993	0.000
22.003	0.000
22.013	0.000
22.023	0.000
22.033	0.000
22.043	0.000
22.053	0.000
22.063	0.000
22.073	0.000
22.083	0.000
22.093	0.000
22.103	0.000
22.113	0.000
22.123	0.000
22.133	0.000
22.143	0.000
22.153	0.000
22.163	0.000
22.173	0.000
22.183	0.000
22.193	0.000
22.203	0.000
22.213	0.000
22.223	0.000
22.233	0.000
22.243	0.000
22.253	0.000
22.263	0.000
22.273	0.000
22.283	0.000
22.293	0.000
22.303	0.000
22.313	0.000
22.323	0.000
22.333	0.000
22.343	0.000
22.353	0.000
22.363	0.000
22.373	0.000
22.383	308.417
22.393	308.281
22.403	308.572
22.413	309.197
22.423	309.566
22.433	309.646
22.443	310.076
22.453	310.624
22.463	310.961
22.473	310.956
22.483	310.975
22.493	310.962
22.503	310.928
22.513	310.832
22.523	310.885
22.533	311.001
22.543	311.067
22.553	311.271
22.563	311.389
22.573	311.586
22.583	311.699
22.593	311.802
22.603	312.044
22.613	312.220
22.623	312.455
22.633	312.661
22.643	313.001
22.653	313.063
22.663	313.293
22.673	313.437
22.683	313.527
22.693	313.654
22.703	313.535
22.713	313.564
22.723	313.585
22.733	313.885
22.743	314.276
22.753	315.375
22.763	315.897
22.773	0.000
22.783	0.000
22.793	0.000
22.803	0.000
22.813	0.000
22.823	0.000
22.833	0.000
22.843	0.000
22.853	0.000
22.863	0.000
22.873	0.000
22.883	0.000
22.893	0.000
22.903	0.000
22.913	0.000
22.923	0.000
22.933	0.000
22.943	0.000
22.953	0.000
22.963	0.000
22.973	0.000
22.983	0.000
22.993	0.000
23.003	0.000
23.013	0.000
23.023	0.000
23.033	0.000
23.043	0.000
23.053	0.000
23.063	0.000
23.073	0.000
23.083	0.000
23.093	0.000
23.103	0.000
23.113	0.000
23.123	0.000
23.133	0.000
23.143	0.000
23.153	0.000
23.163	0.000
23.173	0.000
23.183	0.000
23.193	0.000
23.203	0.000
23.213	0.000
23.223	0.000
23.233	0.000
23.243	0.000
23.253	0.000
23.263	0.000
23.273	0.000
23.283	0.000
23.293	0.000
23.303	0.000
23.313	0.000
23.323	0.000
23.333	0.000
23.343	0.000
23.353	0.000
23.363	0.000
23.373	0.000
23.383	0.000
23.393	0.000
23.403	0.000
23.413	0.000
23.423	0.000
23.433	0.000
23.443	0.000
23.453	0.000
23.463	0.000
23.473	0.000
23.483	0.000
23.493	0.000
23.503	0.000
23.513	0.000
23.523	0.000
23.533	0.000
23.543	0.000
23.553	0.000
23.563	0.000
23.573	0.000
23.583	0.000
23.593	0.000
23.603	0.000
23.613	0.000
23.623	0.000
23.633	0.000
23.643	0.000
23.653	0.000
23.663	0.000
23.673	0.000
23.683	0.000
23.693	0.000
23.703	0.000
23.713	0.000
23.723	0.000
23.733	0.000
23.743	0.000
23.753	0.000
23.763	0.000
23.773	0.000
23.783	0.000
23.793	0.000
23.803	0.000
23.813	0.000
23.823	0.000
23.833	0.000
23.843	0.000
23.853	0.000
23.863	0.000
23.873	0.000
23.883	0.000
23.893	0.000
23.903	319.084
23.913	313.636
23.923	311.274
23.933	312.158
23.943	312.578
23.953	312.816
23.963	313.317
23.973	313.529
23.983	313.526
23.993	313.645
24.003	313.660
24.013	313.656
24.023	313.581
24.033	313.532
24.043	313.552
24.053	313.479
24.063	313.539
24.073	313.536
24.083	313.554
24.093	313.531
24.103	313.578
24.113	313.616
24.123	313.765
24.133	313.737
24.143	313.803
24.153	313.815
24.163	313.878
24.173	313.900
24.183	314.025
24.193	314.101
24.203	314.050
24.213	313.853
24.223	313.822
24.233	313.597
24.243	313.653
24.253	313.914
24.263	314.002
24.273	314.724
24.283	315.194
24.293	315.948
24.303	0.000
24.313	0.000
24.323	0.000
24.333	0.000
24.343	0.000
24.353	0.000
24.363	0.000
24.373	0.000
24.383	0.000
24.393	0.000
24.403	0.000
24.413	0.000
24.423	0.000
24.433	0.000
24.443	0.000
24.453	0.000
24.463	0.000
24.473	0.000
24.483	0.000
24.493	0.000
24.503	0.000
24.513	0.000
24.523	0.000
24.533	0.000
24.543	0.000
24.553	0.000
24.563	0.000
24.573	0.000
24.583	0.000
24.593	0.000
24.603	0.000
24.613	0.000
24.623	0.000
24.633	0.000
24.643	0.000
24.653	0.000
24.663	0.000
24.673	0.000
24.683	0.000
24.693	0.000
24.703	0.000
24.713	0.000
24.723	0.000
24.733	0.000
24.743	0.000
24.753	0.000
24.763	0.000
24.773	0.000
24.783	0.000
24.793	0.000
24.803	0.000
24.813	0.000
24.823	0.000
24.833	0.000
24.843	0.000
24.853	0.000
24.863	0.000
24.873	0.000
24.883	0.000
24.893	0.000
24.903	0.000
24.913	0.000
24.923	0.000
24.933	0.000
24.943	0.000
24.953	0.000
24.963	0.000
24.973	0.000
24.983	0.000
24.993	0.000
25.003	0.000
25.013	0.000
25.023	0.000
25.033	0.000
25.043	0.000
25.053	0.000
25.063	0.000
25.073	0.000
25.083	0.000
25.093	0.000
25.103	0.000
25.113	0.000
25.123	0.000
25.133	0.000
25.143	0.000
25.153	0.000
25.163	0.000
25.173	0.000
25.183	0.000
25.193	0.000
25.203	0.000
25.213	0.000
25.223	0.000
25.233	0.000
25.243	0.000
25.253	0.000
25.263	0.000
25.273	0.000
25.283	0.000
25.293	0.000
25.303	0.000
25.313	0.000
25.323	0.000
25.333	0.000
25.343	0.000
25.353	0.000
25.363	0.000
25.373	0.000
25.383	0.000
25.393	0.000
25.403	267.333
25.413	263.847
25.423	262.345
25.433	262.350
25.443	263.144
25.453	263.820
25.463	264.337
25.473	264.736
25.483	265.218
25.493	265.355
25.503	265.403
25.513	265.335
25.523	265.303
25.533	265.211
25.543	265.061
25.553	264.974
25.563	264.793
25.573	264.632
25.583	264.425
25.593	264.294
25.603	264.050
25.613	263.928
25.623	264.166
25.633	264.417
25.643	264.317
25.653	265.187
25.663	265.999
25.673	0.000
25.683	0.000
25.693	0.000
25.703	0.000
25.713	0.000
25.723	0.000
25.733	0.000
25.743	0.000
25.753	0.000
25.763	0.000
25.773	0.000
25.783	0.000
25.793	0.000
25.803	0.000
25.813	0.000
25.823	0.000
25.833	0.000
25.843	0.000
25.853	0.000
25.863	0.000
25.873	0.000
25.883	0.000
25.893	0.000
25.903	0.000
25.913	0.000
25.923	0.000
25.933	0.000
25.943	0.000
25.953	0.000
25.963	0.000
25.973	0.000
25.983	0.000
25.993	0.000
26.003	0.000
26.013	0.000
26.023	0.000
26.033	0.000
26.043	0.000
26.053	0.000
26.063	0.000
26.073	0.000
26.083	0.000
26.093	0.000
26.103	0.000
26.113	0.000
26.123	357.801
26.133	353.061
26.143	350.825
26.153	351.042
26.163	350.394
26.173	350.737
26.183	350.933
26.193	351.434
26.203	351.530
26.213	351.474
26.223	351.514
26.233	351.470
26.243	351.336
26.253	351.292
26.263	351.091
26.273	350.889
26.283	350.790
26.293	350.686
26.303	350.682
26.313	350.656
26.323	350.775
26.333	350.888
26.343	351.547
26.353	352.361
26.363	352.676
26.373	353.328
26.383	354.055
26.393	354.717
26.403	354.662
26.413	355.327
26.423	0.000
26.433	0.000
26.443	0.000
26.453	0.000
26.463	0.000
26.473	0.000
26.483	0.000
26.493	0.000
26.503	0.000
26.513	0.000
26.523	0.000
26.533	0.000
26.543	0.000
26.553	0.000
26.563	0.000
26.573	0.000
26.583	0.000
26.593	0.000
26.603	0.000
26.613	0.000
26.623	0.000
26.633	0.000
26.643	0.000
26.653	0.000
26.663	0.000
26.673	0.000
26.683	0.000
26.693	0.000
26.703	0.000
26.713	0.000
26.723	0.000
26.733	0.000
26.743	0.000
26.753	0.000
26.763	0.000
26.773	0.000
26.783	0.000
26.793	0.000
26.803	0.000
26.813	0.000
26.823	0.000
26.833	0.000
26.843	0.000
26.853	233.477
26.863	233.313
26.873	232.916
26.883	234.024
26.893	234.754
26.903	234.844
26.913	235.403
26.923	235.905
26.933	236.453
26.943	236.521
26.953	236.590
26.963	236.573
26.973	236.273
26.983	236.177
26.993	236.004
27.003	235.932
27.013	235.937
27.023	236.216
27.033	236.549
27.043	236.771
27.053	236.778
27.063	237.199
27.073	237.215
27.083	237.329
27.093	0.000
27.103	0.000
27.113	0.000
27.123	0.000
27.133	0.000
27.143	0.000
27.153	0.000
27.163	0.000
27.173	0.000
27.183	0.000
27.193	0.000
27.203	0.000
27.213	0.000
27.223	0.000
27.233	0.000
27.243	0.000
27.253	0.000
27.263	0.000
27.273	0.000
27.283	0.000
27.293	0.000
27.303	0.000
27.313	0.000
27.323	0.000
27.333	0.000
27.343	0.000
27.353	0.000
27.363	0.000
27.373	0.000
27.383	0.000
27.393	0.000
27.403	0.000
27.413	0.000
27.423	0.000
27.433	0.000
27.443	0.000
27.453	0.000
27.463	0.000
27.473	0.000
27.483	0.000
27.493	0.000
27.503	0.000
27.513	0.000
27.523	0.000
27.533	0.000
27.543	0.000
27.553	0.000
27.563	0.000
27.573	0.000
27.583	0.000
27.593	0.000
27.603	0.000
27.613	0.000
27.623	0.000
27.633	0.000
27.643	234.210
27.653	232.518
27.663	233.177
27.673	234.275
27.683	234.859
27.693	235.379
27.703	235.397
27.713	235.860
27.723	236.222
27.733	236.290
27.743	236.691
27.753	236.836
27.763	236.966
27.773	236.974
27.783	237.004
27.793	237.088
27.803	237.172
27.813	237.225
27.823	237.389
27.833	237.542
27.843	237.525
27.853	237.564
27.863	237.529
27.873	237.489
27.883	237.484
27.893	237.455
27.903	237.558
27.913	237.586
27.923	237.782
27.933	237.808
27.943	237.750
27.953	237.685
27.963	237.684
27.973	237.680
27.983	237.653
27.993	237.659
28.003	237.625
28.013	237.542
28.023	237.522
28.033	237.536
28.043	237.625
28.053	237.687
28.063	237.684
28.073	237.649
28.083	237.589
28.093	237.597
28.103	237.572
28.113	237.531
28.123	237.387
28.133	237.235
28.143	237.076
28.153	236.988
28.163	236.886
28.173	236.874
28.183	236.784
28.193	236.860
28.203	236.938
28.213	237.401
28.223	237.966
28.233	238.037
28.243	238.310
28.253	238.686
28.263	239.361
28.273	239.564
28.283	239.646
28.293	0.000
28.303	0.000
28.313	0.000
28.323	0.000
28.333	0.000
28.343	0.000
28.353	0.000
28.363	0.000
28.373	0.000
28.383	0.000
28.393	0.000
28.403	0.000
28.413	0.000
28.423	0.000
28.433	0.000
28.443	0.000
28.453	0.000
28.463	305.738
28.473	302.133
28.483	299.698
28.493	299.425
28.503	298.758
28.513	299.143
28.523	299.092
28.533	299.263
28.543	298.955
28.553	298.728
28.563	298.732
28.573	298.485
28.583	298.531
28.593	298.729
28.603	298.768
28.613	298.863
28.623	298.931
28.633	299.051
28.643	299.047
28.653	298.930
28.663	298.965
28.673	298.964
28.683	299.102
28.693	298.980
28.703	298.939
28.713	298.896
28.723	299.037
28.733	299.113
28.743	299.161
28.753	299.197
28.763	299.342
28.773	299.328
28.783	299.222
28.793	299.076
28.803	298.972
28.813	298.773
28.823	298.828
28.833	298.989
28.843	298.904
28.853	298.972
28.863	298.722
28.873	298.673
28.883	298.713
28.893	298.633
28.903	298.621
28.913	298.587
28.923	298.522
28.933	298.590
28.943	298.224
28.953	298.117
28.963	298.227
28.973	298.433
28.983	298.551
28.993	298.564
29.003	298.457
29.013	298.461
29.023	298.490
29.033	298.590
29.043	298.984
29.053	299.166
29.063	299.267
29.073	299.208
29.083	299.062
29.093	298.747
29.103	298.473
29.113	297.513
29.123	296.397
29.133	295.041
29.143	294.363
29.153	292.717
29.163	297.153
29.173	0.000
29.183	0.000
29.193	0.000
29.203	0.000
29.213	0.000
29.223	317.388
29.233	317.402
29.243	316.437
29.253	315.545
29.263	314.735
29.273	314.606
29.283	314.485
29.293	314.444
29.303	314.636
29.313	314.462
29.323	314.358
29.333	314.320
29.343	314.312
29.353	314.181
29.363	314.224
29.373	314.155
29.383	314.198
29.393	314.255
29.403	314.357
29.413	314.433
29.423	314.403
29.433	314.456
29.443	314.521
29.453	314.434
29.463	314.433
29.473	314.593
29.483	314.657
29.493	314.746
29.503	315.061
29.513	314.815
29.523	314.590
29.533	314.846
29.543	314.809
29.553	314.768
29.563	314.695
29.573	314.841
29.583	314.956
29.593	315.034
29.603	314.912
29.613	314.910
29.623	314.920
29.633	314.932
29.643	315.013
29.653	315.198
29.663	315.272
29.673	315.227
29.683	315.240
29.693	315.153
29.703	315.208
29.713	315.469
29.723	315.478
29.733	315.751
29.743	315.723
29.753	315.715
29.763	315.492
29.773	315.743
29.783	316.386
29.793	316.500
29.803	317.073
29.813	318.055
29.823	318.266
29.833	318.954
29.843	319.044
29.853	318.301
29.863	320.192
29.873	0.000
29.883	0.000
29.893	0.000
29.903	0.000
29.913	0.000
29.923	0.000
29.933	0.000
29.943	0.000
29.953	0.000
29.963	236.825
29.973	234.027
29.983	232.949
29.993	233.505
30.003	233.789
30.013	234.328
30.023	234.683
30.033	234.706
30.043	234.987
30.053	235.082
30.063	235.182
30.073	235.230
30.083	235.360
30.093	236.068
30.103	0.000
30.113	0.000
30.123	0.000
30.133	0.000
30.143	0.000
30.153	0.000
30.163	0.000
30.173	0.000
30.183	0.000
30.193	0.000
30.203	0.000
30.213	0.000
30.223	0.000
30.233	0.000
30.243	0.000
30.253	0.000
30.263	0.000
30.273	0.000
30.283	0.000
30.293	0.000
30.303	0.000
30.313	0.000
30.323	234.639
30.333	234.335
30.343	234.662
30.353	235.155
30.363	235.614
30.373	235.633
30.383	235.944
30.393	236.361
30.403	236.643
30.413	236.811
30.423	236.895
30.433	237.055
30.443	236.824
30.453	237.025
30.463	236.741
30.473	237.055
30.483	236.860
30.493	237.242
30.503	237.871
30.513	238.144
30.523	238.735
30.533	239.961
30.543	0.000
30.553	0.000
30.563	0.000
30.573	0.000
30.583	0.000
30.593	0.000
30.603	0.000
30.613	0.000
30.623	0.000
30.633	0.000
30.643	0.000
30.653	0.000
30.663	0.000
30.673	242.422
30.683	235.396
30.693	234.300
30.703	234.601
30.713	235.187
30.723	235.233
30.733	235.468
30.743	235.601
30.753	235.936
30.763	235.800
30.773	236.038
30.783	236.024
30.793	236.157
30.803	236.215
30.813	236.515
30.823	236.853
30.833	236.950
30.843	237.319
30.853	237.570
30.863	238.313
30.873	238.284
30.883	0.000
30.893	0.000
30.903	0.000
30.913	0.000
30.923	0.000
30.933	0.000
30.943	0.000
30.953	0.000
30.963	0.000
30.973	0.000
30.983	0.000
30.993	0.000
31.003	0.000
31.013	0.000
31.023	0.000
31.033	0.000
31.043	0.000
31.053	0.000
31.063	0.000
31.073	0.000
31.083	0.000
31.093	0.000
31.103	0.000
31.113	0.000
31.123	0.000
31.133	0.000
31.143	0.000
31.153	0.000
31.163	0.000
31.173	0.000
31.183	0.000
31.193	0.000
31.203	0.000
31.213	0.000
31.223	0.000
31.233	0.000
31.243	0.000
31.253	0.000
31.263	0.000
31.273	0.000
31.283	0.000
31.293	0.000
31.303	0.000
31.313	0.000
31.323	0.000
31.333	0.000
31.343	0.000
31.353	0.000
31.363	0.000
31.373	0.000
31.383	0.000
31.393	0.000
31.403	0.000
31.413	241.384
31.423	232.975
31.433	233.411
31.443	232.540
31.453	233.798
31.463	234.190
31.473	234.751
31.483	234.896
31.493	235.611
31.503	236.015
31.513	235.838
31.523	235.800
31.533	235.481
31.543	235.480
31.553	235.425
31.563	235.483
31.573	235.592
31.583	235.822
31.593	236.008
31.603	236.389
31.613	236.758
31.623	237.277
31.633	237.597
31.643	238.225
31.653	238.896
31.663	239.271
31.673	239.775
31.683	240.002
31.693	0.000
31.703	0.000
31.713	0.000
31.723	0.000
31.733	0.000
31.743	0.000
31.753	0.000
31.763	0.000
31.773	0.000
31.783	0.000
31.793	0.000
31.803	0.000
31.813	0.000
31.823	0.000
31.833	0.000
31.843	0.000
31.853	0.000
31.863	0.000
31.873	0.000
31.883	0.000
31.893	0.000
31.903	0.000
31.913	0.000
31.923	0.000
31.933	0.000
31.943	0.000
31.953	0.000
31.963	0.000
31.973	0.000
31.983	0.000
31.993	0.000
32.003	0.000
32.013	0.000
32.023	0.000
32.033	0.000
32.043	0.000
32.053	0.000
32.063	0.000
32.073	0.000
32.083	0.000
32.093	0.000
32.103	0.000
32.113	0.000
32.123	0.000
32.133	0.000
32.143	0.000
32.153	0.000
32.163	0.000
32.173	0.000
32.183	0.000
32.193	0.000
32.203	0.000
32.213	0.000
32.223	0.000
32.233	0.000
32.243	0.000
32.253	0.000
32.263	0.000
32.273	0.000
32.283	0.000
32.293	0.000
32.303	0.000
32.313	0.000
32.323	0.000
32.333	0.000
32.343	0.000
32.353	0.000
32.363	0.000
32.373	0.000
32.383	0.000
32.393	0.000
32.403	0.000
32.413	0.000
32.423	0.000
32.433	0.000
32.443	0.000
32.453	0.000
32.463	0.000
32.473	0.000
32.483	0.000
32.493	0.000
32.503	0.000
32.513	0.000
32.523	0.000
32.533	0.000
32.543	0.000
32.553	0.000
32.563	0.000
32.573	0.000
32.583	0.000
32.593	0.000
32.603	0.000
32.613	0.000
32.623	0.000
32.633	0.000
32.643	0.000
32.653	0.000
32.663	0.000
32.673	0.000
32.683	0.000
32.693	0.000
32.703	0.000
32.713	0.000
32.723	0.000
32.733	0.000
32.743	0.000
32.753	0.000
32.763	0.000
32.773	0.000
32.783	0.000
32.793	0.000
32.803	0.000
32.813	0.000
32.823	0.000
32.833	0.000
32.843	0.000
32.853	0.000
32.863	0.000
32.873	0.000
32.883	0.000
32.893	0.000
32.903	232.161
32.913	230.590
32.923	231.577
32.933	231.957
32.943	233.119
32.953	233.726
32.963	233.895
32.973	234.087
32.983	233.998
32.993	234.007
33.003	233.986
33.013	234.066
33.023	234.232
33.033	234.312
33.043	234.540
33.053	234.897
33.063	235.376
33.073	235.452
33.083	235.792
33.093	235.931
33.103	236.147
33.113	236.398
33.123	237.116
33.133	237.620
33.143	237.669
33.153	237.169
33.163	0.000
33.173	0.000
33.183	0.000
33.193	0.000
33.203	0.000
33.213	0.000
33.223	0.000
33.233	0.000
33.243	0.000
33.253	0.000
33.263	0.000
33.273	0.000
33.283	235.591
33.293	231.692
33.303	231.807
33.313	232.452
33.323	233.601
33.333	233.922
33.343	233.821
33.353	234.268
33.363	234.518
33.373	235.104
33.383	235.318
33.393	235.319
33.403	235.469
33.413	235.691
33.423	235.834
33.433	235.824
33.443	236.019
33.453	236.273
33.463	236.486
33.473	236.744
33.483	236.978
33.493	237.276
33.503	237.390
33.513	237.133
33.523	236.818
33.533	237.242
33.543	237.910
33.553	0.000
33.563	0.000
33.573	0.000
33.583	0.000
33.593	0.000
33.603	0.000
33.613	0.000
33.623	0.000
33.633	0.000
33.643	0.000
33.653	0.000
33.663	0.000
33.673	0.000
33.683	0.000
33.693	231.009
33.703	231.583
33.713	232.691
33.723	233.496
33.733	234.366
33.743	234.558
33.753	234.837
33.763	235.067
33.773	235.315
33.783	235.407
33.793	235.404
33.803	235.319
33.813	235.334
33.823	235.475
33.833	235.487
33.843	235.829
33.853	236.251
33.863	236.553
33.873	237.049
33.883	237.532
33.893	238.001
33.903	238.012
33.913	238.002
33.923	237.493
33.933	237.257
33.943	0.000
33.953	0.000
33.963	0.000
33.973	0.000
33.983	0.000
33.993	0.000
34.003	0.000
34.013	0.000
34.023	0.000
34.033	0.000
34.043	0.000
34.053	0.000
34.063	0.000
34.073	0.000
34.083	0.000
34.093	0.000
34.103	0.000
34.113	0.000
34.123	0.000
34.133	0.000
34.143	0.000
34.153	0.000
34.163	0.000
34.173	0.000
34.183	0.000
34.193	0.000
34.203	0.000
34.213	0.000
34.223	0.000
34.233	0.000
34.243	0.000
34.253	0.000
34.263	0.000
34.273	0.000
34.283	0.000
34.293	0.000
34.303	0.000
34.313	0.000
34.323	0.000
34.333	0.000
34.343	0.000
34.353	0.000
34.363	0.000
34.373	0.000
34.383	0.000
34.393	0.000
34.403	0.000
34.413	0.000
34.423	0.000
34.433	0.000
34.443	0.000
34.453	0.000
34.463	306.262
34.473	317.690
34.483	316.757
34.493	312.510
34.503	313.354
34.513	313.605
34.523	313.471
34.533	313.483
34.543	313.539
34.553	313.577
34.563	313.626
34.573	313.585
34.583	313.706
34.593	313.481
34.603	313.181
34.613	313.329
34.623	313.535
34.633	313.902
34.643	314.088
34.653	314.198
34.663	314.165
34.673	314.183
34.683	313.939
34.693	314.051
34.703	314.073
34.713	314.230
34.723	314.396
34.733	314.532
34.743	315.054
34.753	315.867
34.763	315.308
34.773	314.760
34.783	0.000
34.793	0.000
34.803	0.000
34.813	0.000
34.823	0.000
34.833	0.000
34.843	0.000
34.853	0.000
34.863	0.000
34.873	0.000
34.883	0.000
34.893	0.000
34.903	306.401
34.913	305.666
34.923	307.414
34.933	308.577
34.943	309.173
34.953	310.624
34.963	310.869
34.973	311.343
34.983	311.765
34.993	311.908
35.003	312.309
35.013	312.533
35.023	312.750
35.033	312.971
35.043	313.057
35.053	313.146
35.063	313.360
35.073	313.451
35.083	313.800
35.093	314.019
35.103	314.561
35.113	314.825
35.123	315.501
35.133	315.605
35.143	316.676
35.153	0.000
35.163	0.000
35.173	0.000
35.183	0.000
35.193	0.000
35.203	0.000
35.213	0.000
35.223	0.000
35.233	0.000
35.243	0.000
35.253	0.000
35.263	0.000
35.273	0.000
35.283	251.371
35.293	240.576
35.303	237.696
35.313	238.133
35.323	237.613
35.333	237.169
35.343	237.371
35.353	237.376
35.363	237.873
35.373	238.132
35.383	238.590
35.393	238.569
35.403	238.855
35.413	238.654
35.423	239.224
35.433	239.531
35.443	239.889
35.453	240.108
35.463	240.461
35.473	241.067
35.483	240.516
35.493	240.774
35.503	239.977
35.513	240.170
35.523	0.000
35.533	0.000
35.543	0.000
35.553	0.000
35.563	0.000
35.573	0.000
35.583	0.000
35.593	0.000
35.603	0.000
35.613	0.000
35.623	0.000
35.633	0.000
35.643	0.000
35.653	0.000
35.663	234.815
35.673	231.990
35.683	233.106
35.693	233.730
35.703	234.140
35.713	234.276
35.723	234.233
35.733	234.346
35.743	234.491
35.753	235.004
35.763	235.537
35.773	235.718
35.783	235.886
35.793	235.794
35.803	235.948
35.813	236.226
35.823	236.750
35.833	237.038
35.843	236.933
35.853	236.680
35.863	235.990
35.873	235.929
35.883	235.314
35.893	0.000
35.903	0.000
35.913	0.000
35.923	0.000
35.933	0.000
35.943	0.000
35.953	0.000
35.963	0.000
35.973	0.000
35.983	0.000
35.993	0.000
36.003	0.000
36.013	0.000
36.023	0.000
36.033	0.000
36.043	202.629
36.053	198.128
36.063	197.501
36.073	198.727
36.083	199.822
36.093	199.833
36.103	199.783
36.113	199.644
36.123	199.417
36.133	199.275
36.143	199.054
36.153	198.898
36.163	198.874
36.173	198.962
36.183	199.050
36.193	199.156
36.203	199.285
36.213	199.186
36.223	199.406
36.233	199.712
36.243	199.488
36.253	199.723
36.263	200.150
36.273	0.000
36.283	0.000
36.293	0.000
36.303	0.000
36.313	0.000
36.323	0.000
36.333	0.000
36.343	0.000
36.353	0.000
36.363	0.000
36.373	0.000
36.383	0.000
36.393	0.000
36.403	204.465
36.413	199.904
36.423	198.875
36.433	198.603
36.443	198.805
36.453	198.962
36.463	199.015
36.473	198.993
36.483	198.942
36.493	198.890
36.503	198.711
36.513	198.555
36.523	198.540
36.533	198.512
36.543	198.453
36.553	198.637
36.563	199.114
36.573	199.411
36.583	199.962
36.593	200.121
36.603	200.216
36.613	200.422
36.623	200.861
36.633	201.482
36.643	201.141
36.653	202.170
36.663	203.044
36.673	203.337
36.683	0.000
36.693	0.000
36.703	0.000
36.713	0.000
36.723	0.000
36.733	0.000
36.743	0.000
36.753	0.000
36.763	0.000
36.773	0.000
36.783	0.000
36.793	0.000
36.803	172.056
36.813	166.278
36.823	162.645
36.833	159.571
36.843	159.073
36.853	159.241
36.863	159.265
36.873	159.089
36.883	158.698
36.893	158.701
36.903	158.228
36.913	158.132
36.923	157.899
36.933	157.661
36.943	157.480
36.953	157.363
36.963	157.488
36.973	157.632
36.983	157.963
36.993	158.098
37.003	158.109
37.013	158.284
37.023	158.362
37.033	158.229
37.043	158.100
37.053	157.807
37.063	157.584
37.073	157.651
37.083	157.463
37.093	157.395
37.103	157.269
37.113	157.169
37.123	156.937
37.133	156.713
37.143	156.539
37.153	156.338
37.163	156.309
37.173	156.341
37.183	156.265
37.193	156.286
37.203	156.356
37.213	156.486
37.223	156.583
37.233	156.696
37.243	157.051
37.253	157.008
37.263	157.061
37.273	157.286
37.283	157.317
37.293	157.363
37.303	157.163
37.313	156.872
37.323	156.836
37.333	157.146
37.343	157.823
37.353	158.229
37.363	158.232
37.373	158.212
37.383	158.796
37.393	158.606
37.403	159.347
37.413	158.500
37.423	0.000
37.433	0.000
37.443	0.000
37.453	0.000
37.463	0.000
37.473	0.000
37.483	0.000
37.493	0.000
37.503	0.000
37.513	0.000
37.523	0.000
37.533	0.000
37.543	0.000
37.553	0.000
37.563	0.000
37.573	215.855
37.583	211.745
37.593	208.664
37.603	207.578
37.613	208.141
37.623	208.004
37.633	207.907
37.643	207.803
37.653	207.793
37.663	208.046
37.673	208.502
37.683	208.569
37.693	208.714
37.703	208.827
37.713	209.097
37.723	209.033
37.733	208.925
37.743	208.805
37.753	208.618
37.763	208.496
37.773	208.543
37.783	209.162
37.793	208.474
37.803	208.838
37.813	208.484
37.823	0.000
37.833	0.000
37.843	0.000
37.853	0.000
37.863	0.000
37.873	0.000
37.883	0.000
37.893	0.000
37.903	0.000
37.913	0.000
37.923	0.000
37.933	0.000
37.943	0.000
37.953	213.148
37.963	210.466
37.973	210.240
37.983	210.118
37.993	210.209
38.003	209.969
38.013	209.551
38.023	209.154
38.033	209.005
38.043	208.816
38.053	208.782
38.063	208.843
38.073	208.955
38.083	209.022
38.093	209.367
38.103	209.540
38.113	209.668
38.123	209.819
38.133	209.822
38.143	210.120
38.153	210.538
38.163	210.968
38.173	210.893
38.183	210.966
38.193	214.268
38.203	214.295
38.213	0.000
38.223	0.000
38.233	0.000
38.243	0.000
38.253	0.000
38.263	0.000
38.273	0.000
38.283	0.000
38.293	0.000
38.303	0.000
38.313	242.384
38.323	235.034
38.333	235.521
38.343	235.198
38.353	235.632
38.363	235.548
38.373	235.590
38.383	235.500
38.393	235.303
38.403	235.527
38.413	235.367
38.423	235.578
38.433	235.451
38.443	235.766
38.453	235.702
38.463	236.283
38.473	237.083
38.483	237.288
38.493	237.941
38.503	237.950
38.513	238.745
38.523	238.241
38.533	0.000
38.543	0.000
38.553	0.000
38.563	0.000
38.573	0.000
38.583	0.000
38.593	0.000
38.603	0.000
38.613	0.000
38.623	0.000
38.633	0.000
38.643	0.000
38.653	0.000
38.663	0.000
38.673	246.129
38.683	234.837
38.693	235.036
38.703	235.004
38.713	235.093
38.723	234.874
38.733	235.242
38.743	235.110
38.753	235.386
38.763	235.488
38.773	235.416
38.783	235.665
38.793	235.699
38.803	235.782
38.813	235.941
38.823	236.156
38.833	236.526
38.843	236.648
38.853	236.730
38.863	236.548
38.873	235.907
38.883	235.462
38.893	234.212
38.903	0.000
38.913	0.000
38.923	0.000
38.933	0.000
38.943	0.000
38.953	0.000
38.963	0.000
38.973	0.000
38.983	0.000
38.993	0.000
39.003	0.000
39.013	0.000
39.023	0.000
39.033	0.000
39.043	0.000
39.053	0.000
39.063	152.473
39.073	152.277
39.083	152.608
39.093	152.936
39.103	153.820
39.113	154.679
39.123	155.400
39.133	155.691
39.143	156.224
39.153	156.318
39.163	156.282
39.173	156.202
39.183	156.044
39.193	155.917
39.203	155.700
39.213	155.450
39.223	155.129
39.233	155.172
39.243	155.281
39.253	155.169
39.263	154.857
39.273	155.534
39.283	155.888
39.293	0.000
39.303	0.000
39.313	0.000
39.323	0.000
39.333	0.000
39.343	0.000
39.353	0.000
39.363	0.000
39.373	0.000
39.383	0.000
39.393	0.000
39.403	0.000
39.413	0.000
39.423	155.446
39.433	153.670
39.443	154.697
39.453	154.883
39.463	155.154
39.473	155.463
39.483	156.117
39.493	156.425
39.503	157.012
39.513	156.942
39.523	156.895
39.533	156.549
39.543	156.058
39.553	155.445
39.563	155.236
39.573	154.908
39.583	154.828
39.593	154.810
39.603	154.878
39.613	154.725
39.623	155.017
39.633	155.107
39.643	155.210
39.653	155.720
39.663	0.000
39.673	0.000
39.683	0.000
39.693	0.000
39.703	0.000
39.713	0.000
39.723	0.000
39.733	0.000
39.743	0.000
39.753	0.000
39.763	0.000
39.773	0.000
39.783	0.000
39.793	169.038
39.803	166.707
39.813	165.188
39.823	162.293
39.833	161.255
39.843	161.147
39.853	163.304
39.863	162.639
39.873	175.558
39.883	0.000
39.893	0.000
39.903	205.193
39.913	206.242
39.923	203.233
39.933	203.252
39.943	201.302
39.953	200.448
39.963	201.848
39.973	203.427
39.983	206.761
39.993	206.507
40.003	207.804
40.013	205.438
40.023	0.000
40.033	0.000
40.043	0.000
40.053	0.000
40.063	0.000
40.073	0.000
40.083	0.000
40.093	0.000
40.103	0.000
40.113	0.000
40.123	0.000
40.133	0.000
40.143	0.000
40.153	0.000
40.163	0.000
40.173	0.000
40.183	0.000
40.193	0.000
40.203	0.000
40.213	0.000
40.223	0.000
40.233	0.000
40.243	0.000
40.253	0.000
40.263	0.000
40.273	0.000
40.283	0.000
40.293	0.000
40.303	0.000
40.313	0.000
40.323	0.000
40.333	0.000
40.343	0.000
40.353	0.000
40.363	0.000
40.373	0.000
40.383	0.000
40.393	0.000
40.403	0.000
40.413	0.000
40.423	0.000
40.433	0.000
40.443	0.000
40.453	0.000
40.463	0.000
40.473	0.000
40.483	0.000
40.493	0.000
40.503	0.000
40.513	0.000
40.523	0.000
40.533	0.000
40.543	0.000
40.553	0.000
40.563	0.000
40.573	0.000
40.583	0.000
40.593	297.030
40.603	296.144
40.613	295.436
40.623	295.245
40.633	294.994
40.643	295.113
40.653	294.977
40.663	295.098
40.673	295.147
40.683	295.112
40.693	294.957
40.703	294.943
40.713	294.961
40.723	295.237
40.733	295.369
40.743	295.887
40.753	295.881
40.763	295.983
40.773	295.902
40.783	295.671
40.793	295.587
40.803	295.645
40.813	295.730
40.823	295.608
40.833	295.897
40.843	295.727
40.853	295.724
40.863	295.855
40.873	296.050
40.883	296.140
40.893	296.298
40.903	296.254
40.913	296.260
40.923	296.339
40.933	296.401
40.943	296.539
40.953	296.739
40.963	296.868
40.973	296.933
40.983	297.182
40.993	297.306
41.003	297.400
41.013	297.501
41.023	297.419
41.033	297.506
41.043	297.509
41.053	297.674
41.063	297.702
41.073	297.640
41.083	297.400
41.093	297.454
41.103	297.541
41.113	297.656
41.123	297.662
41.133	297.782
41.143	297.738
41.153	297.721
41.163	297.835
41.173	298.127
41.183	298.167
41.193	298.462
41.203	298.828
41.213	298.488
41.223	298.069
41.233	297.795
41.243	297.371
41.253	296.926
41.263	295.633
41.273	294.788
41.283	294.117
41.293	294.543
41.303	0.000
41.313	0.000
41.323	0.000
41.333	0.000
41.343	316.880
41.353	318.671
41.363	318.750
41.373	316.564
41.383	314.446
41.393	314.089
41.403	313.980
41.413	313.800
41.423	313.690
41.433	313.671
41.443	313.685
41.453	313.561
41.463	313.603
41.473	313.590
41.483	313.488
41.493	313.414
41.503	313.260
41.513	313.141
41.523	313.031
41.533	313.067
41.543	313.101
41.553	313.121
41.563	313.043
41.573	313.181
41.583	313.237
41.593	313.165
41.603	313.199
41.613	313.238
41.623	313.277
41.633	313.265
41.643	313.219
41.653	313.235
41.663	313.394
41.673	313.354
41.683	313.457
41.693	313.542
41.703	313.774
41.713	313.924
41.723	314.000
41.733	314.256
41.743	314.218
41.753	314.037
41.763	314.111
41.773	314.198
41.783	314.507
41.793	314.637
41.803	314.703
41.813	314.754
41.823	314.965
41.833	314.949
41.843	315.097
41.853	315.403
41.863	315.527
41.873	315.445
41.883	315.445
41.893	315.514
41.903	315.439
41.913	315.280
41.923	315.364
41.933	315.835
41.943	316.060
41.953	316.592
41.963	317.391
41.973	318.255
41.983	318.635
41.993	319.697
42.003	320.832
42.013	321.664
42.023	324.767
42.033	328.019
42.043	0.000
42.053	0.000
42.063	0.000
42.073	226.524
42.083	228.484
42.093	231.085
42.103	232.292
42.113	233.550
42.123	234.033
42.133	234.564
42.143	234.697
42.153	234.876
42.163	234.847
42.173	235.102
42.183	235.487
42.193	235.772
42.203	236.160
42.213	236.407
42.223	237.048
42.233	236.990
42.243	236.864
42.253	236.994
42.263	236.328
42.273	0.000
42.283	0.000
42.293	0.000
42.303	0.000
42.313	0.000
42.323	0.000
42.333	0.000
42.343	0.000
42.353	0.000
42.363	0.000
42.373	0.000
42.383	0.000
42.393	0.000
42.403	0.000
42.413	0.000
42.423	0.000
42.433	0.000
42.443	241.757
42.453	232.913
42.463	234.218
42.473	235.196
42.483	235.182
42.493	235.662
42.503	235.830
42.513	236.118
42.523	236.054
42.533	236.020
42.543	235.720
42.553	235.762
42.563	235.621
42.573	235.525
42.583	235.695
42.593	235.615
42.603	235.836
42.613	235.914
42.623	236.035
42.633	236.228
42.643	236.699
42.653	236.357
42.663	236.961
42.673	237.176
42.683	0.000
42.693	0.000
42.703	0.000
42.713	0.000
42.723	0.000
42.733	0.000
42.743	0.000
42.753	0.000
42.763	0.000
42.773	0.000
42.783	0.000
42.793	0.000
42.803	0.000
42.813	234.611
42.823	235.057
42.833	235.126
42.843	235.104
42.853	235.198
42.863	235.149
42.873	235.344
42.883	235.474
42.893	235.570
42.903	235.503
42.913	235.448
42.923	235.576
42.933	235.602
42.943	235.441
42.953	235.408
42.963	235.617
42.973	235.843
42.983	236.181
42.993	236.645
43.003	236.941
43.013	237.215
43.023	237.210
43.033	237.891
43.043	238.456
43.053	238.101
43.063	238.192
43.073	0.000
43.083	0.000
43.093	0.000
43.103	0.000
43.113	0.000
43.123	0.000
43.133	0.000
43.143	0.000
43.153	0.000
43.163	0.000
43.173	0.000
43.183	0.000
43.193	0.000
43.203	0.000
43.213	0.000
43.223	0.000
43.233	0.000
43.243	0.000
43.253	0.000
43.263	0.000
43.273	0.000
43.283	0.000
43.293	0.000
43.303	0.000
43.313	0.000
43.323	0.000
43.333	0.000
43.343	0.000
43.353	0.000
43.363	0.000
43.373	0.000
43.383	0.000
43.393	0.000
43.403	0.000
43.413	0.000
43.423	0.000
43.433	0.000
43.443	0.000
43.453	0.000
43.463	0.000
43.473	0.000
43.483	0.000
43.493	0.000
43.503	0.000
43.513	0.000
43.523	0.000
43.533	0.000
43.543	0.000
43.553	0.000
43.563	240.781
43.573	235.707
43.583	234.598
43.593	235.122
43.603	235.394
43.613	235.339
43.623	235.793
43.633	235.860
43.643	236.330
43.653	236.521
43.663	236.741
43.673	236.813
43.683	236.933
43.693	236.831
43.703	236.707
43.713	236.629
43.723	236.544
43.733	236.543
43.743	236.505
43.753	236.546
43.763	236.472
43.773	236.509
43.783	236.469
43.793	236.462
43.803	236.393
43.813	236.346
43.823	236.364
43.833	236.487
43.843	236.613
43.853	236.631
43.863	236.823
43.873	237.095
43.883	237.441
43.893	237.717
43.903	238.409
43.913	238.830
43.923	238.907
43.933	238.924
43.943	239.031
43.953	239.036
43.963	239.010
43.973	238.974
43.983	238.860
43.993	238.647
44.003	239.346
44.013	0.000
44.023	0.000
44.033	0.000
44.043	0.000
44.053	0.000
44.063	0.000
44.073	0.000
44.083	0.000
44.093	0.000
44.103	0.000
44.113	0.000
44.123	0.000
44.133	0.000
44.143	0.000
44.153	0.000
44.163	0.000
44.173	0.000
44.183	0.000
44.193	0.000
44.203	0.000
44.213	0.000
44.223	0.000
44.233	0.000
44.243	0.000
44.253	0.000
44.263	0.000
44.273	0.000
44.283	0.000
44.293	0.000
44.303	0.000
44.313	0.000
44.323	0.000
44.333	0.000
44.343	0.000
44.353	0.000
44.363	0.000
44.373	0.000
44.383	0.000
44.393	0.000
44.403	0.000
44.413	0.000
44.423	0.000
44.433	0.000
44.443	0.000
44.453	0.000
44.463	0.000
44.473	0.000
44.483	0.000
44.493	0.000
44.503	0.000
44.513	0.000
44.523	0.000
44.533	0.000
44.543	0.000
44.553	0.000
44.563	0.000
44.573	0.000
44.583	0.000
44.593	0.000
44.603	0.000
44.613	0.000
44.623	0.000
44.633	0.000
44.643	0.000
44.653	0.000
44.663	0.000
44.673	0.000
44.683	0.000
44.693	0.000
44.703	0.000
44.713	0.000
44.723	0.000
44.733	0.000
44.743	0.000
44.753	0.000
44.763	0.000
44.773	0.000
44.783	0.000
44.793	0.000
44.803	0.000
44.813	0.000
44.823	0.000
44.833	0.000
44.843	0.000
44.853	0.000
44.863	0.000
44.873	0.000
44.883	0.000
44.893	0.000
44.903	0.000
44.913	0.000
44.923	0.000
44.933	0.000
44.943	0.000
44.953	0.000
44.963	0.000
44.973	0.000
44.983	0.000
44.993	0.000
45.003	0.000
45.013	0.000
45.023	0.000
45.033	238.544
45.043	235.627
45.053	234.021
45.063	234.007
45.073	234.856
45.083	235.034
45.093	235.377
45.103	235.492
45.113	235.421
45.123	235.595
45.133	235.699
45.143	235.778
45.153	235.688
45.163	235.666
45.173	235.662
45.183	235.710
45.193	236.021
45.203	236.397
45.213	236.600
45.223	236.769
45.233	236.513
45.243	236.226
45.253	236.717
45.263	236.138
45.273	236.423
45.283	235.410
45.293	0.000
45.303	0.000
45.313	0.000
45.323	0.000
45.333	0.000
45.343	0.000
45.353	0.000
45.363	0.000
45.373	0.000
45.383	0.000
45.393	0.000
45.403	0.000
45.413	0.000
45.423	0.000
45.433	243.511
45.443	237.128
45.453	236.040
45.463	235.839
45.473	235.813
45.483	235.479
45.493	235.277
45.503	235.325
45.513	235.399
45.523	235.541
45.533	235.599
45.543	235.643
45.553	235.759
45.563	235.905
45.573	236.054
45.583	236.221
45.593	236.386
45.603	236.966
45.613	237.188
45.623	237.077
45.633	237.258
45.643	237.179
45.653	237.021
45.663	236.832
45.673	0.000
45.683	0.000
45.693	0.000
45.703	0.000
45.713	0.000
45.723	0.000
45.733	0.000
45.743	0.000
45.753	0.000
45.763	0.000
45.773	0.000
45.783	0.000
45.793	0.000
45.803	240.095
45.813	235.893
45.823	236.582
45.833	236.554
45.843	236.194
45.853	236.010
45.863	235.988
45.873	236.060
45.883	236.217
45.893	236.248
45.903	236.275
45.913	236.401
45.923	236.513
45.933	236.687
45.943	236.958
45.953	237.251
45.963	237.387
45.973	237.557
45.983	237.629
45.993	237.233
46.003	236.588
46.013	236.374
46.023	236.604
46.033	235.756
46.043	0.000
46.053	0.000
46.063	0.000
46.073	0.000
46.083	0.000
46.093	0.000
46.103	0.000
46.113	0.000
46.123	0.000
46.133	0.000
46.143	0.000
46.153	0.000
46.163	0.000
46.173	0.000
46.183	0.000
46.193	0.000
46.203	0.000
46.213	0.000
46.223	0.000
46.233	0.000
46.243	0.000
46.253	0.000
46.263	0.000
46.273	0.000
46.283	0.000
46.293	0.000
46.303	0.000
46.313	0.000
46.323	0.000
46.333	0.000
46.343	0.000
46.353	0.000
46.363	0.000
46.373	0.000
46.383	0.000
46.393	0.000
46.403	0.000
46.413	0.000
46.423	0.000
46.433	0.000
46.443	0.000
46.453	0.000
46.463	0.000
46.473	0.000
46.483	0.000
46.493	0.000
46.503	0.000
46.513	0.000
46.523	0.000
46.533	0.000
46.543	0.000
46.553	0.000
46.563	0.000
46.573	298.358
46.583	305.012
46.593	307.022
46.603	308.623
46.613	309.937
46.623	309.984
46.633	310.193
46.643	310.333
46.653	310.063
46.663	310.075
46.673	310.177
46.683	310.249
46.693	310.593
46.703	310.727
46.713	311.084
46.723	311.242
46.733	311.351
46.743	311.611
46.753	311.803
46.763	311.988
46.773	312.020
46.783	312.042
46.793	312.243
46.803	312.083
46.813	312.696
46.823	312.609
46.833	314.013
46.843	313.996
46.853	315.605
46.863	0.000
46.873	0.000
46.883	0.000
46.893	0.000
46.903	0.000
46.913	0.000
46.923	0.000
46.933	0.000
46.943	0.000
46.953	0.000
46.963	0.000
46.973	0.000
46.983	0.000
46.993	0.000
47.003	0.000
47.013	0.000
47.023	305.188
47.033	307.062
47.043	306.836
47.053	307.361
47.063	309.194
47.073	309.538
47.083	310.007
47.093	310.593
47.103	310.684
47.113	310.822
47.123	310.894
47.133	310.889
47.143	311.075
47.153	311.226
47.163	311.408
47.173	311.586
47.183	311.879
47.193	312.492
47.203	312.677
47.213	313.340
47.223	314.053
47.233	314.542
47.243	315.110
47.253	316.128
47.263	318.285
47.273	322.695
47.283	0.000
47.293	0.000
47.303	0.000
47.313	0.000
47.323	0.000
47.333	0.000
47.343	0.000
47.353	0.000
47.363	0.000
47.373	0.000
47.383	0.000
47.393	245.538
47.403	236.118
47.413	236.841
47.423	236.132
47.433	236.448
47.443	235.813
47.453	235.954
47.463	235.975
47.473	236.398
47.483	236.860
47.493	237.042
47.503	237.041
47.513	237.207
47.523	237.884
47.533	237.702
47.543	238.353
47.553	237.747
47.563	238.003
47.573	237.145
47.583	237.266
47.593	237.246
47.603	236.823
47.613	236.373
47.623	236.425
47.633	237.069
47.643	237.318
47.653	0.000
47.663	0.000
47.673	0.000
47.683	0.000
47.693	0.000
47.703	0.000
47.713	0.000
47.723	0.000
47.733	0.000
47.743	0.000
47.753	0.000
47.763	0.000
47.773	0.000
47.783	0.000
47.793	237.450
47.803	233.393
47.813	233.775
47.823	234.205
47.833	234.223
47.843	234.325
47.853	234.310
47.863	234.367
47.873	234.448
47.883	234.640
47.893	234.797
47.903	235.019
47.913	235.145
47.923	235.177
47.933	235.208
47.943	235.292
47.953	235.292
47.963	235.216
47.973	234.867
47.983	234.073
47.993	233.882
48.003	234.742
48.013	233.372
48.023	0.000
48.033	0.000
48.043	0.000
48.053	0.000
48.063	0.000
48.073	0.000
48.083	0.000
48.093	0.000
48.103	0.000
48.113	0.000
48.123	0.000
48.133	0.000
48.143	0.000
48.153	225.962
48.163	216.982
48.173	204.655
48.183	202.519
48.193	200.773
48.203	199.789
48.213	199.594
48.223	199.147
48.233	198.936
48.243	198.711
48.253	198.499
48.263	198.579
48.273	198.725
48.283	198.812
48.293	198.851
48.303	199.274
48.313	200.003
48.323	200.312
48.333	200.383
48.343	200.475
48.353	200.436
48.363	200.408
48.373	200.501
48.383	200.434
48.393	200.170
48.403	200.222
48.413	201.489
48.423	199.469
48.433	0.000
48.443	0.000
48.453	0.000
48.463	0.000
48.473	0.000
48.483	0.000
48.493	0.000
48.503	0.000
48.513	0.000
48.523	0.000
48.533	199.700
48.543	198.155
48.553	196.296
48.563	196.775
48.573	197.447
48.583	198.198
48.593	198.163
48.603	198.309
48.613	198.428
48.623	198.572
48.633	198.670
48.643	198.811
48.653	198.745
48.663	198.677
48.673	198.660
48.683	198.540
48.693	198.420
48.703	198.630
48.713	199.399
48.723	199.665
48.733	200.215
48.743	200.203
48.753	200.432
48.763	200.647
48.773	200.773
48.783	201.144
48.793	202.519
48.803	0.000
48.813	0.000
48.823	0.000
48.833	0.000
48.843	0.000
48.853	0.000
48.863	0.000
48.873	0.000
48.883	0.000
48.893	0.000
48.903	0.000
48.913	0.000
48.923	0.000
48.933	0.000
48.943	159.586
48.953	155.906
48.963	155.712
48.973	155.911
48.983	155.782
48.993	155.987
49.003	156.129
49.013	156.175
49.023	156.377
49.033	156.502
49.043	156.502
49.053	156.453
49.063	156.491
49.073	156.582
49.083	156.655
49.093	156.739
49.103	156.963
49.113	157.116
49.123	157.324
49.133	157.461
49.143	157.651
49.153	157.641
49.163	157.644
49.173	157.576
49.183	157.545
49.193	157.489
49.203	157.371
49.213	157.274
49.223	157.213
49.233	157.004
49.243	156.923
49.253	156.851
49.263	156.775
49.273	156.623
49.283	156.273
49.293	156.040
49.303	155.656
49.313	155.442
49.323	155.361
49.333	155.251
49.343	155.178
49.353	155.073
49.363	155.784
49.373	156.415
49.383	0.000
49.393	0.000
49.403	0.000
49.413	0.000
49.423	0.000
49.433	0.000
49.443	0.000
49.453	0.000
49.463	0.000
49.473	0.000
49.483	0.000
49.493	0.000
49.503	0.000
49.513	0.000
49.523	0.000
49.533	0.000
49.543	0.000
49.553	0.000
49.563	0.000
49.573	0.000
49.583	0.000
49.593	0.000
49.603	0.000
49.613	0.000
49.623	0.000
49.633	0.000
49.643	0.000
49.653	0.000
49.663	0.000
49.673	0.000
49.683	0.000
49.693	0.000
49.703	0.000
49.713	0.000
49.723	0.000
49.733	0.000
49.743	207.321
49.753	206.418
49.763	206.021
49.773	206.446
49.783	207.251
49.793	207.747
49.803	207.781
49.813	207.844
49.823	207.804
49.833	207.949
49.843	208.083
49.853	208.023
49.863	208.348
49.873	208.620
49.883	208.428
49.893	208.381
49.903	208.895
49.913	208.368
49.923	208.651
49.933	209.620
49.943	208.522
49.953	209.050
49.963	209.713
49.973	210.166
49.983	210.496
49.993	0.000
50.003	0.000
50.013	0.000
50.023	0.000
50.033	0.000
50.043	0.000
50.053	0.000
50.063	0.000
50.073	0.000
50.083	0.000
50.093	0.000
50.103	0.000
50.113	0.000
50.123	0.000
50.133	208.890
50.143	207.358
50.153	207.522
50.163	207.980
50.173	208.176
50.183	208.141
50.193	208.226
50.203	208.322
50.213	208.594
50.223	208.738
50.233	208.811
50.243	208.812
50.253	208.935
50.263	209.373
50.273	209.521
50.283	209.691
50.293	209.528
50.303	209.732
50.313	209.792
50.323	209.953
50.333	210.462
50.343	210.788
50.353	213.911
50.363	217.773
50.373	0.000
50.383	0.000
50.393	0.000
50.403	0.000
50.413	0.000
50.423	0.000
50.433	0.000
50.443	0.000
50.453	0.000
50.463	0.000
50.473	0.000
50.483	0.000
50.493	234.596
50.503	232.447
50.513	233.045
50.523	233.203
50.533	233.656
50.543	234.224
50.553	234.795
50.563	235.052
50.573	235.672
50.583	236.010
50.593	236.159
50.603	236.394
50.613	236.736
50.623	236.853
50.633	237.032
50.643	237.391
50.653	237.781
50.663	237.938
50.673	238.136
50.683	238.011
50.693	237.869
50.703	237.658
50.713	237.727
50.723	0.000
50.733	0.000
50.743	0.000
50.753	0.000
50.763	0.000
50.773	0.000
50.783	0.000
50.793	0.000
50.803	0.000
50.813	0.000
50.823	0.000
50.833	0.000
50.843	0.000
50.853	0.000
50.863	234.123
50.873	233.616
50.883	233.686
50.893	234.210
50.903	234.344
50.913	234.903
50.923	235.107
50.933	235.607
50.943	235.844
50.953	235.984
50.963	235.982
50.973	236.053
50.983	235.895
50.993	235.817
51.003	235.607
51.013	235.551
51.023	235.431
51.033	235.312
51.043	235.438
51.053	235.431
51.063	235.139
51.073	234.363
51.083	233.367
51.093	233.542
51.103	0.000
51.113	0.000
51.123	0.000
51.133	0.000
51.143	0.000
51.153	0.000
51.163	0.000
51.173	0.000
51.183	0.000
51.193	0.000
51.203	0.000
51.213	0.000
51.223	0.000
51.233	0.000
51.243	0.000
51.253	0.000
51.263	150.939
51.273	149.597
51.283	150.286
51.293	151.835
51.303	153.780
51.313	154.423
51.323	155.046
51.333	155.413
51.343	155.625
51.353	155.654
51.363	155.535
51.373	155.193
51.383	155.049
51.393	154.940
51.403	154.749
51.413	154.683
51.423	154.700
51.433	154.548
51.443	154.540
51.453	154.641
51.463	154.751
51.473	155.242
51.483	155.966
51.493	155.480
51.503	156.227
51.513	0.000
51.523	0.000
51.533	0.000
51.543	0.000
51.553	0.000
51.563	0.000
51.573	0.000
51.583	0.000
51.593	0.000
51.603	0.000
51.613	0.000
51.623	0.000
51.633	0.000
51.643	0.000
51.653	0.000
51.663	156.994
51.673	156.944
51.683	156.155
51.693	155.548
51.703	155.506
51.713	155.578
51.723	155.829
51.733	156.029
51.743	156.075
51.753	156.193
51.763	156.219
51.773	156.089
51.783	155.930
51.793	155.833
51.803	155.897
51.813	155.589
51.823	155.602
51.833	155.500
51.843	155.463
51.853	155.465
51.863	155.586
51.873	155.692
51.883	155.689
51.893	155.607
51.903	155.743
51.913	155.664
51.923	156.552
51.933	156.170
51.943	0.000
51.953	0.000
51.963	0.000
51.973	0.000
51.983	0.000
51.993	0.000
52.003	0.000
52.013	0.000
52.023	0.000
52.033	0.000
52.043	0.000
52.053	0.000
52.063	0.000
52.073	0.000
52.083	0.000
52.093	0.000
52.103	171.101
52.113	168.156
52.123	163.992
52.133	162.986
52.143	162.692
52.153	162.961
52.163	162.716
52.173	0.000
52.183	187.888
52.193	197.668
52.203	200.391
52.213	199.168
52.223	197.994
52.233	198.223
52.243	195.214
52.253	196.549
52.263	189.920
52.273	187.582
52.283	193.595
52.293	198.356
52.303	200.608
52.313	203.041
52.323	204.974
52.333	205.068
52.343	205.033
52.353	204.090
52.363	204.075
52.373	202.138
52.383	201.851
52.393	199.899
52.403	193.948
52.413	0.000
52.423	0.000
52.433	0.000
52.443	0.000
52.453	0.000
52.463	0.000
52.473	0.000
52.483	0.000
52.493	0.000
52.503	0.000
52.513	0.000
52.523	0.000
52.533	0.000
52.543	0.000
52.553	0.000
52.563	0.000
52.573	0.000
52.583	0.000
52.593	0.000
52.603	0.000
52.613	0.000
52.623	0.000
52.633	0.000
52.643	0.000
52.653	0.000
52.663	0.000
52.673	0.000
52.683	0.000
52.693	0.000
52.703	0.000
52.713	0.000
52.723	0.000
52.733	0.000
52.743	0.000
52.753	0.000
52.763	0.000
52.773	0.000
52.783	0.000
52.793	0.000
52.803	0.000
52.813	0.000
52.823	0.000
52.833	0.000
52.843	0.000
52.853	0.000
52.863	0.000
52.873	0.000
52.883	0.000
52.893	0.000
52.903	0.000
52.913	0.000
52.923	0.000
52.933	0.000
52.943	0.000
52.953	0.000
52.963	0.000
52.973	0.000
52.983	0.000
52.993	0.000
53.003	0.000
53.013	0.000
53.023	0.000
53.033	0.000
53.043	0.000
