0.023	0.000
0.033	0.000
0.043	0.000
0.053	0.000
0.063	0.000
0.073	0.000
0.083	0.000
0.093	0.000
0.103	0.000
0.113	0.000
0.123	0.000
0.133	0.000
0.143	0.000
0.153	0.000
0.163	0.000
0.173	0.000
0.183	0.000
0.193	0.000
0.203	0.000
0.213	0.000
0.223	0.000
0.233	0.000
0.243	0.000
0.253	0.000
0.263	0.000
0.273	0.000
0.283	0.000
0.293	0.000
0.303	0.000
0.313	0.000
0.323	0.000
0.333	0.000
0.343	0.000
0.353	0.000
0.363	0.000
0.373	0.000
0.383	0.000
0.393	0.000
0.403	0.000
0.413	0.000
0.423	0.000
0.433	0.000
0.443	0.000
0.453	0.000
0.463	0.000
0.473	0.000
0.483	0.000
0.493	0.000
0.503	0.000
0.513	0.000
0.523	0.000
0.533	0.000
0.543	0.000
0.553	0.000
0.563	0.000
0.573	0.000
0.583	0.000
0.593	0.000
0.603	0.000
0.613	0.000
0.623	0.000
0.633	0.000
0.643	0.000
0.653	0.000
0.663	0.000
0.673	0.000
0.683	0.000
0.693	0.000
0.703	0.000
0.713	0.000
0.723	0.000
0.733	0.000
0.743	0.000
0.753	0.000
0.763	0.000
0.773	0.000
0.783	0.000
0.793	0.000
0.803	0.000
0.813	0.000
0.823	0.000
0.833	0.000
0.843	0.000
0.853	0.000
0.863	0.000
0.873	0.000
0.883	0.000
0.893	0.000
0.903	0.000
0.913	0.000
0.923	0.000
0.933	0.000
0.943	0.000
0.953	0.000
0.963	0.000
0.973	0.000
0.983	0.000
0.993	0.000
1.003	0.000
1.013	0.000
1.023	0.000
1.033	0.000
1.043	0.000
1.053	0.000
1.063	0.000
1.073	0.000
1.083	0.000
1.093	0.000
1.103	0.000
1.113	0.000
1.123	0.000
1.133	0.000
1.143	0.000
1.153	0.000
1.163	0.000
1.173	0.000
1.183	0.000
1.193	0.000
1.203	0.000
1.213	0.000
1.223	0.000
1.233	0.000
1.243	0.000
1.253	0.000
1.263	0.000
1.273	0.000
1.283	0.000
1.293	0.000
1.303	0.000
1.313	0.000
1.323	0.000
1.333	0.000
1.343	0.000
1.353	0.000
1.363	0.000
1.373	0.000
1.383	0.000
1.393	0.000
1.403	0.000
1.413	0.000
1.423	0.000
1.433	0.000
1.443	0.000
1.453	0.000
1.463	0.000
1.473	0.000
1.483	0.000
1.493	0.000
1.503	0.000
1.513	0.000
1.523	0.000
1.533	0.000
1.543	0.000
1.553	0.000
1.563	0.000
1.573	0.000
1.583	0.000
1.593	0.000
1.603	0.000
1.613	0.000
1.623	0.000
1.633	0.000
1.643	0.000
1.653	0.000
1.663	0.000
1.673	0.000
1.683	0.000
1.693	0.000
1.703	0.000
1.713	0.000
1.723	0.000
1.733	0.000
1.743	0.000
1.753	0.000
1.763	0.000
1.773	0.000
1.783	0.000
1.793	0.000
1.803	0.000
1.813	0.000
1.823	0.000
1.833	0.000
1.843	0.000
1.853	0.000
1.863	0.000
1.873	0.000
1.883	0.000
1.893	0.000
1.903	0.000
1.913	0.000
1.923	0.000
1.933	0.000
1.943	0.000
1.953	0.000
1.963	0.000
1.973	0.000
1.983	0.000
1.993	0.000
2.003	0.000
2.013	0.000
2.023	0.000
2.033	0.000
2.043	0.000
2.053	0.000
2.063	0.000
2.073	0.000
2.083	0.000
2.093	0.000
2.103	0.000
2.113	0.000
2.123	0.000
2.133	0.000
2.143	0.000
2.153	0.000
2.163	0.000
2.173	0.000
2.183	0.000
2.193	0.000
2.203	0.000
2.213	0.000
2.223	0.000
2.233	0.000
2.243	0.000
2.253	0.000
2.263	0.000
2.273	0.000
2.283	0.000
2.293	0.000
2.303	0.000
2.313	0.000
2.323	0.000
2.333	0.000
2.343	0.000
2.353	0.000
2.363	0.000
2.373	0.000
2.383	0.000
2.393	0.000
2.403	0.000
2.413	0.000
2.423	0.000
2.433	0.000
2.443	0.000
2.453	0.000
2.463	0.000
2.473	0.000
2.483	0.000
2.493	0.000
2.503	0.000
2.513	0.000
2.523	0.000
2.533	0.000
2.543	0.000
2.553	0.000
2.563	0.000
2.573	0.000
2.583	0.000
2.593	0.000
2.603	0.000
2.613	0.000
2.623	0.000
2.633	0.000
2.643	0.000
2.653	0.000
2.663	0.000
2.673	0.000
2.683	0.000
2.693	0.000
2.703	0.000
2.713	0.000
2.723	0.000
2.733	0.000
2.743	0.000
2.753	0.000
2.763	0.000
2.773	0.000
2.783	0.000
2.793	0.000
2.803	0.000
2.813	0.000
2.823	0.000
2.833	0.000
2.843	0.000
2.853	0.000
2.863	0.000
2.873	0.000
2.883	0.000
2.893	0.000
2.903	0.000
2.913	0.000
2.923	0.000
2.933	0.000
2.943	0.000
2.953	0.000
2.963	0.000
2.973	0.000
2.983	0.000
2.993	0.000
3.003	0.000
3.013	0.000
3.023	0.000
3.033	0.000
3.043	0.000
3.053	0.000
3.063	0.000
3.073	0.000
3.083	0.000
3.093	0.000
3.103	0.000
3.113	0.000
3.123	0.000
3.133	0.000
3.143	0.000
3.153	0.000
3.163	0.000
3.173	0.000
3.183	0.000
3.193	0.000
3.203	0.000
3.213	0.000
3.223	0.000
3.233	0.000
3.243	0.000
3.253	0.000
3.263	0.000
3.273	0.000
3.283	0.000
3.293	0.000
3.303	0.000
3.313	0.000
3.323	0.000
3.333	0.000
3.343	0.000
3.353	0.000
3.363	0.000
3.373	0.000
3.383	0.000
3.393	0.000
3.403	0.000
3.413	0.000
3.423	0.000
3.433	0.000
3.443	0.000
3.453	0.000
3.463	0.000
3.473	0.000
3.483	0.000
3.493	0.000
3.503	0.000
3.513	0.000
3.523	0.000
3.533	0.000
3.543	0.000
3.553	0.000
3.563	0.000
3.573	0.000
3.583	0.000
3.593	0.000
3.603	0.000
3.613	0.000
3.623	0.000
3.633	0.000
3.643	0.000
3.653	0.000
3.663	0.000
3.673	0.000
3.683	0.000
3.693	0.000
3.703	0.000
3.713	0.000
3.723	0.000
3.733	0.000
3.743	0.000
3.753	0.000
3.763	0.000
3.773	0.000
3.783	0.000
3.793	0.000
3.803	0.000
3.813	0.000
3.823	0.000
3.833	0.000
3.843	0.000
3.853	0.000
3.863	0.000
3.873	0.000
3.883	0.000
3.893	0.000
3.903	0.000
3.913	0.000
3.923	0.000
3.933	0.000
3.943	0.000
3.953	0.000
3.963	0.000
3.973	0.000
3.983	0.000
3.993	0.000
4.003	0.000
4.013	0.000
4.023	0.000
4.033	0.000
4.043	0.000
4.053	0.000
4.063	0.000
4.073	0.000
4.083	0.000
4.093	0.000
4.103	0.000
4.113	0.000
4.123	0.000
4.133	0.000
4.143	0.000
4.153	0.000
4.163	0.000
4.173	0.000
4.183	0.000
4.193	0.000
4.203	0.000
4.213	0.000
4.223	0.000
4.233	0.000
4.243	0.000
4.253	0.000
4.263	0.000
4.273	0.000
4.283	0.000
4.293	0.000
4.303	0.000
4.313	0.000
4.323	0.000
4.333	0.000
4.343	301.916
4.353	304.252
4.363	307.500
4.373	309.201
4.383	311.455
4.393	311.726
4.403	312.007
4.413	312.254
4.423	312.479
4.433	313.261
4.443	314.377
4.453	316.297
4.463	318.786
4.473	319.607
4.483	321.089
4.493	0.000
4.503	0.000
4.513	0.000
4.523	0.000
4.533	0.000
4.543	0.000
4.553	0.000
4.563	0.000
4.573	0.000
4.583	0.000
4.593	0.000
4.603	0.000
4.613	0.000
4.623	0.000
4.633	0.000
4.643	0.000
4.653	0.000
4.663	0.000
4.673	317.339
4.683	312.003
4.693	312.702
4.703	313.833
4.713	314.925
4.723	315.634
4.733	315.897
4.743	316.128
4.753	316.238
4.763	316.215
4.773	316.296
4.783	316.203
4.793	315.816
4.803	315.648
4.813	315.368
4.823	314.931
4.833	314.770
4.843	315.397
4.853	318.425
4.863	321.051
4.873	322.416
4.883	325.020
4.893	0.000
4.903	0.000
4.913	0.000
4.923	0.000
4.933	0.000
4.943	0.000
4.953	0.000
4.963	0.000
4.973	0.000
4.983	0.000
4.993	0.000
5.003	0.000
5.013	0.000
5.023	0.000
5.033	0.000
5.043	0.000
5.053	0.000
5.063	0.000
5.073	0.000
5.083	0.000
5.093	0.000
5.103	395.210
5.113	389.872
5.123	390.699
5.133	392.535
5.143	395.166
5.153	397.728
5.163	398.830
5.173	399.614
5.183	399.415
5.193	398.403
5.203	398.038
5.213	397.787
5.223	397.595
5.233	397.405
5.243	396.915
5.253	397.599
5.263	400.200
5.273	401.014
5.283	402.836
5.293	402.957
5.303	409.485
5.313	0.000
5.323	0.000
5.333	0.000
5.343	0.000
5.353	0.000
5.363	0.000
5.373	0.000
5.383	0.000
5.393	0.000
5.403	0.000
5.413	0.000
5.423	0.000
5.433	0.000
5.443	0.000
5.453	0.000
5.463	0.000
5.473	0.000
5.483	386.863
5.493	393.621
5.503	391.240
5.513	391.386
5.523	392.469
5.533	393.806
5.543	394.768
5.553	395.668
5.563	395.933
5.573	396.093
5.583	395.837
5.593	395.812
5.603	395.761
5.613	396.450
5.623	397.254
5.633	397.611
5.643	398.148
5.653	399.141
5.663	401.461
5.673	401.984
5.683	405.507
5.693	0.000
5.703	0.000
5.713	0.000
5.723	0.000
5.733	0.000
5.743	0.000
5.753	0.000
5.763	0.000
5.773	0.000
5.783	0.000
5.793	0.000
5.803	0.000
5.813	0.000
5.823	0.000
5.833	0.000
5.843	0.000
5.853	0.000
5.863	0.000
5.873	468.273
5.883	467.210
5.893	466.206
5.903	466.860
5.913	468.824
5.923	470.462
5.933	472.551
5.943	473.090
5.953	473.459
5.963	473.619
5.973	473.547
5.983	472.836
5.993	472.506
6.003	472.436
6.013	473.819
6.023	476.885
6.033	478.045
6.043	479.668
6.053	480.837
6.063	480.683
6.073	482.147
6.083	0.000
6.093	0.000
6.103	0.000
6.113	0.000
6.123	0.000
6.133	0.000
6.143	0.000
6.153	0.000
6.163	0.000
6.173	0.000
6.183	0.000
6.193	0.000
6.203	0.000
6.213	0.000
6.223	484.360
6.233	471.416
6.243	470.060
6.253	470.926
6.263	471.825
6.273	472.198
6.283	472.267
6.293	471.983
6.303	471.794
6.313	471.687
6.323	471.797
6.333	472.283
6.343	472.530
6.353	472.638
6.363	472.977
6.373	474.254
6.383	476.596
6.393	477.091
6.403	478.282
6.413	480.957
6.423	478.269
6.433	479.375
6.443	485.737
6.453	0.000
6.463	0.000
6.473	0.000
6.483	0.000
6.493	0.000
6.503	0.000
6.513	0.000
6.523	0.000
6.533	0.000
6.543	0.000
6.553	0.000
6.563	0.000
6.573	0.000
6.583	0.000
6.593	0.000
6.603	0.000
6.613	0.000
6.623	0.000
6.633	385.322
6.643	381.414
6.653	385.389
6.663	390.627
6.673	395.762
6.683	397.049
6.693	397.587
6.703	397.409
6.713	397.617
6.723	397.749
6.733	397.905
6.743	398.022
6.753	398.094
6.763	398.216
6.773	398.210
6.783	398.133
6.793	398.063
6.803	397.910
6.813	397.635
6.823	397.500
6.833	397.163
6.843	397.041
6.853	396.934
6.863	396.920
6.873	396.788
6.883	396.639
6.893	396.600
6.903	396.426
6.913	396.001
6.923	395.636
6.933	395.497
6.943	395.262
6.953	395.283
6.963	395.305
6.973	395.387
6.983	395.505
6.993	395.965
7.003	396.149
7.013	396.547
7.023	396.555
7.033	396.541
7.043	396.635
7.053	396.933
7.063	397.442
7.073	397.708
7.083	397.958
7.093	397.904
7.103	397.867
7.113	397.736
7.123	397.457
7.133	397.021
7.143	396.770
7.153	395.983
7.163	395.224
7.173	394.597
7.183	394.441
7.193	394.469
7.203	395.770
7.213	398.324
7.223	399.045
7.233	400.891
7.243	400.100
7.253	400.556
7.263	400.065
7.273	399.235
7.283	401.621
7.293	403.641
7.303	0.000
7.313	0.000
7.323	0.000
7.333	0.000
7.343	0.000
7.353	0.000
7.363	0.000
7.373	0.000
7.383	0.000
7.393	416.046
7.403	423.431
7.413	415.145
7.423	415.681
7.433	417.268
7.443	417.993
7.453	417.826
7.463	418.169
7.473	417.910
7.483	417.588
7.493	417.502
7.503	417.845
7.513	418.203
7.523	420.163
7.533	421.938
7.543	422.586
7.553	423.504
7.563	422.995
7.573	423.345
7.583	423.142
7.593	0.000
7.603	0.000
7.613	0.000
7.623	0.000
7.633	0.000
7.643	0.000
7.653	0.000
7.663	0.000
7.673	0.000
7.683	0.000
7.693	0.000
7.703	0.000
7.713	0.000
7.723	0.000
7.733	0.000
7.743	418.286
7.753	411.752
7.763	412.241
7.773	411.972
7.783	414.019
7.793	415.061
7.803	416.085
7.813	416.421
7.823	416.565
7.833	416.388
7.843	415.982
7.853	415.372
7.863	414.857
7.873	415.066
7.883	416.534
7.893	418.912
7.903	419.677
7.913	421.204
7.923	424.594
7.933	425.215
7.943	423.820
7.953	430.682
7.963	0.000
7.973	0.000
7.983	0.000
7.993	0.000
8.003	0.000
8.013	0.000
8.023	0.000
8.033	0.000
8.043	0.000
8.053	0.000
8.063	0.000
8.073	0.000
8.083	0.000
8.093	0.000
8.103	0.000
8.113	0.000
8.123	0.000
8.133	335.934
8.143	340.094
8.153	340.500
8.163	342.543
8.173	344.548
8.183	345.924
8.193	345.300
8.203	346.891
8.213	348.244
8.223	348.359
8.233	348.615
8.243	347.886
8.253	346.617
8.263	347.251
8.273	348.260
8.283	351.565
8.293	355.473
8.303	358.012
8.313	362.214
8.323	0.000
8.333	0.000
8.343	0.000
8.353	0.000
8.363	0.000
8.373	0.000
8.383	0.000
8.393	0.000
8.403	0.000
8.413	0.000
8.423	0.000
8.433	0.000
8.443	0.000
8.453	0.000
8.463	0.000
8.473	342.555
8.483	342.079
8.493	342.528
8.503	345.787
8.513	347.454
8.523	348.952
8.533	349.265
8.543	349.270
8.553	348.933
8.563	348.635
8.573	348.791
8.583	348.899
8.593	348.961
8.603	348.984
8.613	349.443
8.623	350.108
8.633	352.130
8.643	354.909
8.653	357.862
8.663	358.787
8.673	361.303
8.683	0.000
8.693	0.000
8.703	0.000
8.713	0.000
8.723	0.000
8.733	0.000
8.743	0.000
8.753	0.000
8.763	0.000
8.773	0.000
8.783	0.000
8.793	0.000
8.803	0.000
8.813	0.000
8.823	0.000
8.833	0.000
8.843	0.000
8.853	0.000
8.863	0.000
8.873	0.000
8.883	0.000
8.893	295.759
8.903	295.110
8.913	296.458
8.923	296.513
8.933	297.371
8.943	297.422
8.953	296.966
8.963	297.522
8.973	298.046
8.983	297.751
8.993	297.789
9.003	297.979
9.013	298.619
9.023	299.404
9.033	301.239
9.043	302.134
9.053	302.727
9.063	302.942
9.073	0.000
9.083	0.000
9.093	0.000
9.103	0.000
9.113	0.000
9.123	0.000
9.133	0.000
9.143	0.000
9.153	0.000
9.163	0.000
9.173	0.000
9.183	0.000
9.193	0.000
9.203	0.000
9.213	0.000
9.223	304.764
9.233	297.335
9.243	295.405
9.253	297.209
9.263	298.282
9.273	298.216
9.283	298.166
9.293	297.811
9.303	297.201
9.313	296.995
9.323	296.864
9.333	296.924
9.343	296.974
9.353	297.852
9.363	299.902
9.373	301.871
9.383	302.576
9.393	303.015
9.403	300.107
9.413	296.978
9.423	0.000
9.433	0.000
9.443	0.000
9.453	0.000
9.463	0.000
9.473	0.000
9.483	0.000
9.493	0.000
9.503	0.000
9.513	0.000
9.523	0.000
9.533	0.000
9.543	0.000
9.553	0.000
9.563	0.000
9.573	0.000
9.583	0.000
9.593	0.000
9.603	0.000
9.613	0.000
9.623	0.000
9.633	226.112
9.643	226.355
9.653	227.528
9.663	229.966
9.673	230.972
9.683	232.041
9.693	232.966
9.703	233.305
9.713	233.581
9.723	233.732
9.733	233.706
9.743	233.717
9.753	233.741
9.763	233.788
9.773	233.797
9.783	233.732
9.793	233.549
9.803	233.330
9.813	233.220
9.823	232.981
9.833	232.802
9.843	232.711
9.853	232.620
9.863	232.485
9.873	232.455
9.883	232.445
9.893	232.407
9.903	232.385
9.913	232.388
9.923	232.487
9.933	232.918
9.943	233.365
9.953	233.735
9.963	233.711
9.973	232.308
9.983	232.247
9.993	232.647
10.003	235.366
10.013	234.029
10.023	234.111
10.033	235.281
10.043	0.000
10.053	0.000
10.063	0.000
10.073	0.000
10.083	0.000
10.093	0.000
10.103	0.000
10.113	0.000
10.123	0.000
10.133	0.000
10.143	0.000
10.153	0.000
10.163	0.000
10.173	0.000
10.183	0.000
10.193	0.000
10.203	0.000
10.213	0.000
10.223	0.000
10.233	0.000
10.243	0.000
10.253	0.000
10.263	0.000
10.273	0.000
10.283	0.000
10.293	0.000
10.303	0.000
10.313	0.000
10.323	0.000
10.333	0.000
10.343	0.000
10.353	0.000
10.363	0.000
10.373	0.000
10.383	0.000
10.393	0.000
10.403	0.000
10.413	306.833
10.423	308.419
10.433	309.080
10.443	312.323
10.453	313.387
10.463	313.805
10.473	314.546
10.483	315.022
10.493	314.761
10.503	314.463
10.513	314.588
10.523	315.773
10.533	317.176
10.543	318.240
10.553	318.963
10.563	319.803
10.573	319.456
10.583	0.000
10.593	0.000
10.603	0.000
10.613	0.000
10.623	0.000
10.633	0.000
10.643	0.000
10.653	0.000
10.663	0.000
10.673	0.000
10.683	0.000
10.693	0.000
10.703	328.837
10.713	318.817
10.723	313.789
10.733	312.389
10.743	312.960
10.753	313.563
10.763	313.947
10.773	313.393
10.783	313.022
10.793	312.777
10.803	312.678
10.813	312.973
10.823	313.270
10.833	314.135
10.843	315.619
10.853	318.047
10.863	318.408
10.873	318.698
10.883	320.054
10.893	321.385
10.903	320.340
10.913	320.373
10.923	0.000
10.933	0.000
10.943	0.000
10.953	0.000
10.963	0.000
10.973	0.000
10.983	0.000
10.993	0.000
11.003	0.000
11.013	0.000
11.023	0.000
11.033	0.000
11.043	398.373
11.053	392.610
11.063	393.037
11.073	391.945
11.083	393.840
11.093	394.162
11.103	394.583
11.113	394.854
11.123	394.424
11.133	393.879
11.143	394.021
11.153	394.308
11.163	394.659
11.173	396.077
11.183	397.405
11.193	399.414
11.203	400.377
11.213	402.531
11.223	406.257
11.233	404.985
11.243	404.810
11.253	405.333
11.263	402.804
11.273	405.419
11.283	0.000
11.293	0.000
11.303	0.000
11.313	0.000
11.323	0.000
11.333	0.000
11.343	0.000
11.353	0.000
11.363	0.000
11.373	0.000
11.383	0.000
11.393	0.000
11.403	0.000
11.413	0.000
11.423	396.516
11.433	394.586
11.443	393.420
11.453	394.400
11.463	395.561
11.473	395.803
11.483	396.083
11.493	396.019
11.503	395.840
11.513	395.805
11.523	395.448
11.533	394.611
11.543	394.116
11.553	394.135
11.563	396.642
11.573	399.818
11.583	400.924
11.593	399.794
11.603	400.604
11.613	400.051
11.623	403.729
11.633	0.000
11.643	0.000
11.653	0.000
11.663	0.000
11.673	0.000
11.683	0.000
11.693	0.000
11.703	0.000
11.713	0.000
11.723	0.000
11.733	0.000
11.743	0.000
11.753	0.000
11.763	0.000
11.773	471.776
11.783	467.442
11.793	465.556
11.803	466.780
11.813	467.454
11.823	468.813
11.833	469.503
11.843	470.094
11.853	470.754
11.863	470.411
11.873	470.052
11.883	469.463
11.893	469.355
11.903	469.857
11.913	471.418
11.923	473.540
11.933	475.949
11.943	477.138
11.953	479.050
11.963	482.520
11.973	487.172
11.983	485.073
11.993	0.000
12.003	0.000
12.013	0.000
12.023	0.000
12.033	0.000
12.043	0.000
12.053	0.000
12.063	0.000
12.073	0.000
12.083	0.000
12.093	0.000
12.103	0.000
12.113	0.000
12.123	0.000
12.133	0.000
12.143	0.000
12.153	0.000
12.163	489.021
12.173	468.222
12.183	466.746
12.193	466.248
12.203	466.783
12.213	468.042
12.223	468.547
12.233	468.669
12.243	468.908
12.253	469.188
12.263	469.790
12.273	470.575
12.283	470.996
12.293	470.831
12.303	470.202
12.313	469.551
12.323	469.477
12.333	470.223
12.343	471.234
12.353	474.430
12.363	476.964
12.373	478.685
12.383	477.627
12.393	477.724
12.403	485.309
12.413	0.000
12.423	0.000
12.433	0.000
12.443	0.000
12.453	0.000
12.463	0.000
12.473	0.000
12.483	0.000
12.493	0.000
12.503	0.000
12.513	0.000
12.523	415.241
12.533	402.229
12.543	396.620
12.553	395.422
12.563	396.119
12.573	396.635
12.583	397.152
12.593	397.410
12.603	397.601
12.613	397.774
12.623	398.016
12.633	398.194
12.643	398.353
12.653	398.343
12.663	398.273
12.673	398.223
12.683	397.678
12.693	397.088
12.703	396.915
12.713	396.624
12.723	396.367
12.733	396.243
12.743	395.962
12.753	395.756
12.763	395.861
12.773	396.009
12.783	396.280
12.793	396.468
12.803	396.417
12.813	396.348
12.823	395.925
12.833	395.220
12.843	394.915
12.853	394.500
12.863	394.253
12.873	394.269
12.883	394.411
12.893	395.027
12.903	395.585
12.913	395.834
12.923	396.162
12.933	396.464
12.943	396.974
12.953	397.336
12.963	397.831
12.973	398.248
12.983	398.510
12.993	398.573
13.003	398.826
13.013	399.127
13.023	399.129
13.033	399.127
13.043	398.690
13.053	397.480
13.063	396.773
13.073	394.888
13.083	393.113
13.093	392.028
13.103	390.845
13.113	395.167
13.123	399.529
13.133	399.343
13.143	399.372
13.153	397.803
13.163	398.406
13.173	399.236
13.183	397.791
13.193	399.588
13.203	406.045
13.213	0.000
13.223	0.000
13.233	0.000
13.243	0.000
13.253	0.000
13.263	0.000
13.273	0.000
13.283	0.000
13.293	0.000
13.303	0.000
13.313	0.000
13.323	0.000
13.333	652.858
13.343	665.796
13.353	659.363
13.363	640.614
13.373	633.271
13.383	631.226
13.393	630.159
13.403	630.065
13.413	630.584
13.423	630.867
13.433	631.536
13.443	631.977
13.453	632.317
13.463	633.357
13.473	633.915
13.483	633.738
13.493	634.812
13.503	637.407
13.513	638.156
13.523	638.561
13.533	637.541
13.543	638.156
13.553	638.364
13.563	640.478
13.573	640.293
13.583	0.000
13.593	0.000
13.603	0.000
13.613	0.000
13.623	0.000
13.633	0.000
13.643	0.000
13.653	671.129
13.663	636.129
13.673	632.822
13.683	626.154
13.693	625.904
13.703	627.042
13.713	627.620
13.723	627.723
13.733	627.526
13.743	627.448
13.753	627.589
13.763	628.190
13.773	628.788
13.783	629.126
13.793	629.479
13.803	630.127
13.813	631.526
13.823	632.126
13.833	633.614
13.843	634.485
13.853	634.942
13.863	636.015
13.873	637.686
13.883	638.484
13.893	638.384
13.903	637.540
13.913	637.583
13.923	638.916
13.933	0.000
13.943	0.000
13.953	0.000
13.963	0.000
13.973	0.000
13.983	0.000
13.993	0.000
14.003	0.000
14.013	0.000
14.023	0.000
14.033	0.000
14.043	452.360
14.053	440.363
14.063	438.476
14.073	438.866
14.083	439.606
14.093	440.527
14.103	440.737
14.113	441.577
14.123	442.890
14.133	444.114
14.143	444.277
14.153	444.478
14.163	444.263
14.173	444.409
14.183	444.889
14.193	445.989
14.203	446.231
14.213	446.072
14.223	446.772
14.233	447.982
14.243	445.289
14.253	447.498
14.263	447.294
14.273	449.790
14.283	0.000
14.293	0.000
14.303	0.000
14.313	0.000
14.323	0.000
14.333	0.000
14.343	0.000
14.353	0.000
14.363	0.000
14.373	441.592
14.383	431.904
14.393	431.356
14.403	432.916
14.413	435.517
14.423	437.148
14.433	437.325
14.443	438.089
14.453	438.675
14.463	438.868
14.473	439.169
14.483	439.489
14.493	439.681
14.503	439.581
14.513	439.382
14.523	440.052
14.533	442.656
14.543	444.405
14.553	445.336
14.563	445.244
14.573	445.859
14.583	446.890
14.593	446.894
14.603	446.756
14.613	449.833
14.623	447.827
14.633	0.000
14.643	0.000
14.653	0.000
14.663	0.000
14.673	0.000
14.683	0.000
14.693	0.000
14.703	0.000
14.713	0.000
14.723	0.000
14.733	0.000
14.743	0.000
14.753	481.308
14.763	463.180
14.773	465.724
14.783	468.415
14.793	468.960
14.803	471.704
14.813	473.597
14.823	473.941
14.833	474.025
14.843	473.734
14.853	473.040
14.863	472.747
14.873	471.955
14.883	471.519
14.893	471.059
14.903	471.035
14.913	470.841
14.923	470.573
14.933	470.582
14.943	470.161
14.953	469.581
14.963	469.074
14.973	468.978
14.983	468.561
14.993	468.226
15.003	468.024
15.013	467.895
15.023	467.502
15.033	467.178
15.043	467.236
15.053	467.317
15.063	467.381
15.073	467.381
15.083	467.317
15.093	467.416
15.103	468.108
15.113	468.462
15.123	469.332
15.133	470.141
15.143	470.801
15.153	471.125
15.163	471.534
15.173	471.905
15.183	472.290
15.193	472.411
15.203	472.510
15.213	472.475
15.223	472.350
15.233	472.152
15.243	471.819
15.253	471.167
15.263	470.845
15.273	470.138
15.283	469.441
15.293	469.334
15.303	468.944
15.313	468.829
15.323	468.887
15.333	469.025
15.343	469.367
15.353	469.744
15.363	470.041
15.373	470.220
15.383	470.096
15.393	470.056
15.403	470.055
15.413	469.947
15.423	470.156
15.433	470.471
15.443	470.522
15.453	471.059
15.463	471.615
15.473	471.952
15.483	472.660
15.493	473.110
15.503	473.434
15.513	473.469
15.523	473.850
15.533	473.665
15.543	471.640
15.553	470.020
15.563	464.385
15.573	458.378
15.583	456.779
15.593	0.000
15.603	0.000
15.613	0.000
15.623	0.000
15.633	0.000
15.643	0.000
15.653	0.000
15.663	233.910
15.673	235.231
15.683	235.335
15.693	235.045
15.703	234.820
15.713	234.928
15.723	235.245
15.733	235.321
15.743	235.462
15.753	235.513
15.763	235.526
15.773	235.387
15.783	235.253
15.793	235.137
15.803	235.135
15.813	235.333
15.823	235.778
15.833	236.004
15.843	236.439
15.853	236.986
15.863	238.394
15.873	237.488
15.883	238.894
15.893	239.175
15.903	0.000
15.913	0.000
15.923	0.000
15.933	0.000
15.943	0.000
15.953	0.000
15.963	0.000
15.973	0.000
15.983	0.000
15.993	0.000
16.003	0.000
16.013	0.000
16.023	0.000
16.033	0.000
16.043	0.000
16.053	0.000
16.063	0.000
16.073	0.000
16.083	0.000
16.093	0.000
16.103	0.000
16.113	0.000
16.123	0.000
16.133	0.000
16.143	0.000
16.153	0.000
16.163	0.000
16.173	0.000
16.183	0.000
16.193	0.000
16.203	0.000
16.213	0.000
16.223	0.000
16.233	0.000
16.243	0.000
16.253	0.000
16.263	0.000
16.273	0.000
16.283	0.000
16.293	0.000
16.303	0.000
16.313	0.000
16.323	0.000
16.333	0.000
16.343	0.000
16.353	0.000
16.363	0.000
16.373	0.000
16.383	0.000
16.393	0.000
16.403	0.000
16.413	0.000
16.423	0.000
16.433	0.000
16.443	0.000
16.453	0.000
16.463	0.000
16.473	0.000
16.483	0.000
16.493	0.000
16.503	0.000
16.513	0.000
16.523	0.000
16.533	0.000
16.543	312.063
16.553	312.863
16.563	314.206
16.573	316.737
16.583	318.102
16.593	319.118
16.603	318.988
16.613	318.154
16.623	317.074
16.633	316.708
16.643	316.420
16.653	316.859
16.663	318.135
16.673	318.769
16.683	0.000
16.693	0.000
16.703	0.000
16.713	0.000
16.723	0.000
16.733	0.000
16.743	0.000
16.753	0.000
16.763	0.000
16.773	0.000
16.783	0.000
16.793	0.000
16.803	0.000
16.813	0.000
16.823	0.000
16.833	318.908
16.843	317.747
16.853	315.585
16.863	316.020
16.873	317.197
16.883	317.385
16.893	317.885
16.903	318.059
16.913	317.994
16.923	317.631
16.933	316.872
16.943	316.143
16.953	316.022
16.963	315.829
16.973	315.934
16.983	316.626
16.993	317.264
17.003	320.150
17.013	0.000
17.023	0.000
17.033	0.000
17.043	0.000
17.053	0.000
17.063	0.000
17.073	0.000
17.083	0.000
17.093	0.000
17.103	0.000
17.113	0.000
17.123	0.000
17.133	0.000
17.143	412.847
17.153	395.187
17.163	395.903
17.173	395.571
17.183	396.818
17.193	398.762
17.203	399.306
17.213	400.301
17.223	400.642
17.233	400.589
17.243	400.420
17.253	400.047
17.263	399.667
17.273	399.108
17.283	399.026
17.293	399.204
17.303	399.193
17.313	399.532
17.323	399.725
17.333	400.629
17.343	403.514
17.353	406.548
17.363	0.000
17.373	0.000
17.383	0.000
17.393	0.000
17.403	0.000
17.413	0.000
17.423	0.000
17.433	0.000
17.443	0.000
17.453	0.000
17.463	0.000
17.473	0.000
17.483	0.000
17.493	0.000
17.503	0.000
17.513	0.000
17.523	0.000
17.533	0.000
17.543	0.000
17.553	0.000
17.563	446.109
17.573	434.948
17.583	412.544
17.593	401.534
17.603	400.745
17.613	401.003
17.623	401.319
17.633	401.144
17.643	400.876
17.653	400.353
17.663	399.820
17.673	399.467
17.683	398.722
17.693	398.554
17.703	399.130
17.713	399.277
17.723	400.710
17.733	403.278
17.743	403.806
17.753	404.167
17.763	405.170
17.773	404.009
17.783	402.525
17.793	0.000
17.803	0.000
17.813	0.000
17.823	0.000
17.833	0.000
17.843	0.000
17.853	0.000
17.863	0.000
17.873	0.000
17.883	0.000
17.893	0.000
17.903	0.000
17.913	0.000
17.923	512.694
17.933	491.152
17.943	473.799
17.953	472.331
17.963	472.518
17.973	474.582
17.983	475.462
17.993	475.917
18.003	476.140
18.013	476.179
18.023	476.378
18.033	476.838
18.043	477.387
18.053	478.522
18.063	479.310
18.073	479.134
18.083	479.596
18.093	479.342
18.103	479.326
18.113	479.087
18.123	478.569
18.133	477.865
18.143	478.248
18.153	478.660
18.163	480.431
18.173	483.217
18.183	484.209
18.193	0.000
18.203	0.000
18.213	0.000
18.223	0.000
18.233	0.000
18.243	0.000
18.253	0.000
18.263	0.000
18.273	0.000
18.283	467.643
18.293	463.264
18.303	465.228
18.313	467.989
18.323	468.673
18.333	469.781
18.343	469.331
18.353	469.077
18.363	469.069
18.373	469.326
18.383	469.959
18.393	470.411
18.403	471.498
18.413	472.274
18.423	472.588
18.433	472.406
18.443	472.158
18.453	471.615
18.463	471.017
18.473	470.793
18.483	470.731
18.493	471.519
18.503	472.570
18.513	475.731
18.523	478.575
18.533	481.907
18.543	487.933
18.553	0.000
18.563	0.000
18.573	0.000
18.583	0.000
18.593	0.000
18.603	0.000
18.613	0.000
18.623	0.000
18.633	0.000
18.643	0.000
18.653	0.000
18.663	0.000
18.673	0.000
18.683	0.000
18.693	0.000
18.703	0.000
18.713	372.263
18.723	369.960
18.733	371.137
18.743	381.470
18.753	385.577
18.763	390.886
18.773	394.889
18.783	396.618
18.793	397.330
18.803	398.402
18.813	398.580
18.823	398.713
18.833	398.778
18.843	398.655
18.853	398.748
18.863	398.805
18.873	398.839
18.883	398.777
18.893	398.747
18.903	398.544
18.913	397.879
18.923	396.435
18.933	395.283
18.943	394.763
18.953	394.172
18.963	393.994
18.973	394.184
18.983	395.130
18.993	396.434
19.003	397.439
19.013	397.729
19.023	397.658
19.033	397.372
19.043	397.362
19.053	396.982
19.063	396.886
19.073	396.616
19.083	396.642
19.093	397.232
19.103	397.726
19.113	397.638
19.123	397.564
19.133	398.012
19.143	399.299
19.153	399.900
19.163	401.272
19.173	402.177
19.183	402.557
19.193	402.485
19.203	401.956
19.213	400.842
19.223	399.850
19.233	397.796
19.243	395.715
19.253	394.330
19.263	393.845
19.273	395.914
19.283	399.064
19.293	401.268
19.303	401.823
19.313	402.515
19.323	402.052
19.333	402.309
19.343	404.972
19.353	405.200
19.363	0.000
19.373	0.000
19.383	0.000
19.393	0.000
19.403	0.000
19.413	0.000
19.423	0.000
19.433	0.000
19.443	0.000
19.453	421.622
19.463	410.267
19.473	410.707
19.483	410.771
19.493	413.387
19.503	417.190
19.513	418.595
19.523	420.643
19.533	421.707
19.543	422.171
19.553	422.228
19.563	422.027
19.573	421.661
19.583	421.770
19.593	422.947
19.603	425.857
19.613	427.355
19.623	426.808
19.633	426.613
19.643	427.348
19.653	0.000
19.663	0.000
19.673	0.000
19.683	0.000
19.693	0.000
19.703	0.000
19.713	0.000
19.723	0.000
19.733	0.000
19.743	0.000
19.753	0.000
19.763	0.000
19.773	0.000
19.783	0.000
19.793	411.218
19.803	404.963
19.813	403.534
19.823	405.000
19.833	408.536
19.843	410.114
19.853	414.107
19.863	416.529
19.873	416.980
19.883	418.421
19.893	419.357
19.903	419.817
19.913	419.830
19.923	420.037
19.933	420.373
19.943	420.936
19.953	423.729
19.963	426.464
19.973	425.526
19.983	423.735
19.993	425.751
20.003	428.404
20.013	0.000
20.023	0.000
20.033	0.000
20.043	0.000
20.053	0.000
20.063	0.000
20.073	0.000
20.083	0.000
20.093	0.000
20.103	0.000
20.113	0.000
20.123	0.000
20.133	0.000
20.143	0.000
20.153	348.644
20.163	352.184
20.173	347.798
20.183	348.376
20.193	350.597
20.203	351.605
20.213	352.983
20.223	352.603
20.233	352.439
20.243	352.386
20.253	352.899
20.263	353.781
20.273	353.762
20.283	353.320
20.293	353.119
20.303	353.757
20.313	354.857
20.323	357.903
20.333	358.827
20.343	359.680
20.353	359.662
20.363	361.136
20.373	0.000
20.383	0.000
20.393	0.000
20.403	0.000
20.413	0.000
20.423	0.000
20.433	0.000
20.443	0.000
20.453	0.000
20.463	0.000
20.473	0.000
20.483	0.000
20.493	0.000
20.503	0.000
20.513	0.000
20.523	0.000
20.533	339.449
20.543	341.184
20.553	344.647
20.563	347.240
20.573	349.054
20.583	350.633
20.593	351.605
20.603	351.619
20.613	351.928
20.623	351.460
20.633	350.978
20.643	350.029
20.653	349.151
20.663	348.714
20.673	348.730
20.683	349.512
20.693	352.689
20.703	355.983
20.713	359.336
20.723	359.888
20.733	0.000
20.743	0.000
20.753	0.000
20.763	0.000
20.773	0.000
20.783	0.000
20.793	0.000
20.803	0.000
20.813	0.000
20.823	0.000
20.833	0.000
20.843	0.000
20.853	0.000
20.863	0.000
20.873	0.000
20.883	0.000
20.893	0.000
20.903	0.000
20.913	0.000
20.923	0.000
20.933	0.000
20.943	0.000
20.953	0.000
20.963	293.093
20.973	295.394
20.983	296.666
20.993	298.125
21.003	299.380
21.013	299.330
21.023	299.287
21.033	300.156
21.043	300.109
21.053	299.408
21.063	299.561
21.073	298.947
21.083	298.096
21.093	297.525
21.103	297.947
21.113	299.879
21.123	302.697
21.133	303.325
21.143	0.000
21.153	0.000
21.163	0.000
21.173	0.000
21.183	0.000
21.193	0.000
21.203	0.000
21.213	0.000
21.223	0.000
21.233	0.000
21.243	0.000
21.253	0.000
21.263	0.000
21.273	0.000
21.283	0.000
21.293	317.792
21.303	308.961
21.313	303.901
21.323	299.165
21.333	299.847
21.343	300.123
21.353	299.854
21.363	299.446
21.373	299.108
21.383	298.666
21.393	298.560
21.403	298.372
21.413	298.525
21.423	298.752
21.433	299.021
21.443	299.395
21.453	300.469
21.463	301.175
21.473	302.316
21.483	302.305
21.493	300.677
21.503	302.131
21.513	0.000
21.523	0.000
21.533	0.000
21.543	0.000
21.553	0.000
21.563	0.000
21.573	0.000
21.583	0.000
21.593	0.000
21.603	0.000
21.613	0.000
21.623	0.000
21.633	0.000
21.643	0.000
21.653	0.000
21.663	0.000
21.673	0.000
21.683	0.000
21.693	0.000
21.703	0.000
21.713	0.000
21.723	223.384
21.733	225.246
21.743	226.469
21.753	227.531
21.763	229.153
21.773	230.317
21.783	230.615
21.793	231.273
21.803	231.791
21.813	232.470
21.823	232.881
21.833	233.232
21.843	233.297
21.853	233.353
21.863	233.431
21.873	233.380
21.883	233.480
21.893	233.661
21.903	234.140
21.913	234.534
21.923	234.779
21.933	234.874
21.943	235.047
21.953	235.162
21.963	235.165
21.973	235.281
21.983	235.611
21.993	236.061
22.003	236.334
22.013	236.622
22.023	236.651
22.033	236.557
22.043	236.450
22.053	236.185
22.063	236.174
22.073	236.248
22.083	236.372
22.093	235.967
22.103	235.857
22.113	235.881
22.123	236.625
22.133	237.769
22.143	237.409
22.153	0.000
22.163	0.000
22.173	0.000
22.183	0.000
22.193	0.000
22.203	0.000
22.213	0.000
22.223	0.000
22.233	0.000
22.243	0.000
22.253	0.000
22.263	0.000
22.273	0.000
22.283	0.000
22.293	0.000
22.303	0.000
22.313	0.000
22.323	0.000
22.333	0.000
22.343	0.000
22.353	0.000
22.363	0.000
22.373	0.000
22.383	0.000
22.393	0.000
22.403	0.000
22.413	0.000
22.423	0.000
22.433	0.000
22.443	0.000
22.453	0.000
22.463	0.000
22.473	0.000
22.483	0.000
22.493	337.916
22.503	334.513
22.513	322.501
22.523	317.698
22.533	317.649
22.543	317.853
22.553	317.503
22.563	317.514
22.573	317.438
22.583	317.362
22.593	317.152
22.603	316.714
22.613	316.725
22.623	317.062
22.633	317.880
22.643	318.543
22.653	318.573
22.663	318.454
22.673	318.960
22.683	0.000
22.693	0.000
22.703	0.000
22.713	0.000
22.723	0.000
22.733	0.000
22.743	0.000
22.753	0.000
22.763	0.000
22.773	0.000
22.783	0.000
22.793	0.000
22.803	0.000
22.813	0.000
22.823	324.649
22.833	318.870
22.843	314.194
22.853	314.226
22.863	315.394
22.873	315.492
22.883	315.436
22.893	315.041
22.903	314.791
22.913	314.085
22.923	314.329
22.933	315.061
22.943	315.425
22.953	315.720
22.963	315.602
22.973	315.971
22.983	317.982
22.993	319.832
23.003	320.015
23.013	319.607
23.023	0.000
23.033	0.000
23.043	0.000
23.053	0.000
23.063	0.000
23.073	0.000
23.083	0.000
23.093	0.000
23.103	0.000
23.113	0.000
23.123	0.000
23.133	0.000
23.143	0.000
23.153	398.038
23.163	391.766
23.173	392.536
23.183	394.528
23.193	395.177
23.203	397.065
23.213	397.934
23.223	398.453
23.233	398.549
23.243	398.318
23.253	397.813
23.263	397.589
23.273	396.953
23.283	396.370
23.293	396.364
23.303	396.674
23.313	398.176
23.323	399.096
23.333	400.038
23.343	401.256
23.353	401.646
23.363	407.920
23.373	0.000
23.383	0.000
23.393	0.000
23.403	0.000
23.413	0.000
23.423	0.000
23.433	0.000
23.443	0.000
23.453	0.000
23.463	0.000
23.473	0.000
23.483	0.000
23.493	411.633
23.503	398.269
23.513	398.212
23.523	395.120
23.533	394.848
23.543	395.675
23.553	396.184
23.563	396.578
23.573	396.403
23.583	395.970
23.593	395.676
23.603	394.859
23.613	394.106
23.623	393.809
23.633	393.269
23.643	393.272
23.653	394.700
23.663	395.330
23.673	397.356
23.683	400.220
23.693	401.744
23.703	403.960
23.713	403.975
23.723	403.007
23.733	0.000
23.743	0.000
23.753	0.000
23.763	0.000
23.773	0.000
23.783	0.000
23.793	0.000
23.803	0.000
23.813	0.000
23.823	0.000
23.833	0.000
23.843	0.000
23.853	0.000
23.863	0.000
23.873	0.000
23.883	461.274
23.893	460.064
23.903	460.790
23.913	462.090
23.923	463.672
23.933	465.098
23.943	466.292
23.953	466.476
23.963	467.166
23.973	467.653
23.983	467.898
23.993	468.329
24.003	468.516
24.013	468.459
24.023	468.580
24.033	469.396
24.043	471.492
24.053	474.552
24.063	475.589
24.073	476.514
24.083	478.566
24.093	478.669
24.103	0.000
24.113	0.000
24.123	0.000
24.133	0.000
24.143	0.000
24.153	0.000
24.163	0.000
24.173	0.000
24.183	0.000
24.193	0.000
24.203	0.000
24.213	0.000
24.223	0.000
24.233	0.000
24.243	0.000
24.253	511.281
24.263	480.666
24.273	467.751
24.283	466.341
24.293	466.440
24.303	466.558
24.313	467.143
24.323	467.505
24.333	467.599
24.343	467.833
24.353	468.024
24.363	468.490
24.373	469.173
24.383	469.363
24.393	470.000
24.403	470.307
24.413	469.991
24.423	469.804
24.433	470.089
24.443	471.465
24.453	472.248
24.463	474.551
24.473	475.832
24.483	475.977
24.493	475.090
24.503	475.456
24.513	478.471
24.523	481.437
24.533	0.000
24.543	0.000
24.553	0.000
24.563	0.000
24.573	0.000
24.583	0.000
24.593	0.000
24.603	0.000
24.613	0.000
24.623	0.000
24.633	0.000
24.643	0.000
24.653	398.579
24.663	386.690
24.673	386.825
24.683	388.373
24.693	389.494
24.703	389.774
24.713	391.288
24.723	392.710
24.733	393.614
24.743	393.729
24.753	393.425
24.763	393.103
24.773	392.634
24.783	392.511
24.793	392.257
24.803	392.345
24.813	392.409
24.823	392.563
24.833	392.812
24.843	393.022
24.853	393.090
24.863	393.236
24.873	393.188
24.883	393.101
24.893	392.863
24.903	392.472
24.913	392.224
24.923	392.185
24.933	392.342
24.943	392.633
24.953	392.929
24.963	393.027
24.973	393.186
24.983	393.189
24.993	393.208
25.003	393.234
25.013	393.119
25.023	393.140
25.033	393.113
25.043	393.272
25.053	393.644
25.063	394.167
25.073	394.921
25.083	395.982
25.093	396.776
25.103	397.095
25.113	397.479
25.123	397.682
25.133	397.789
25.143	397.920
25.153	397.734
25.163	397.286
25.173	396.934
25.183	396.323
25.193	395.658
25.203	394.921
25.213	394.366
25.223	393.310
25.233	392.160
25.243	391.659
25.253	392.712
25.263	395.686
25.273	398.698
25.283	399.709
25.293	399.771
25.303	396.660
25.313	398.332
25.323	398.346
25.333	397.740
25.343	404.176
25.353	0.000
25.363	0.000
25.373	0.000
25.383	0.000
25.393	0.000
25.403	0.000
25.413	0.000
25.423	632.166
25.433	632.937
25.443	626.585
25.453	626.873
25.463	628.130
25.473	629.270
25.483	630.422
25.493	631.115
25.503	631.335
25.513	631.774
25.523	631.868
25.533	631.993
25.543	631.980
25.553	632.062
25.563	632.104
25.573	632.301
25.583	633.646
25.593	636.126
25.603	637.370
25.613	637.440
25.623	637.075
25.633	636.407
25.643	636.977
25.653	640.246
25.663	644.726
25.673	0.000
25.683	0.000
25.693	0.000
25.703	0.000
25.713	0.000
25.723	0.000
25.733	0.000
25.743	0.000
25.753	0.000
25.763	0.000
25.773	0.000
25.783	628.949
25.793	622.352
25.803	619.485
25.813	620.964
25.823	621.774
25.833	623.936
25.843	625.028
25.853	625.907
25.863	626.281
25.873	627.345
25.883	628.417
25.893	628.757
25.903	629.321
25.913	629.838
25.923	630.400
25.933	630.728
25.943	631.059
25.953	631.844
25.963	634.266
25.973	635.129
25.983	636.901
25.993	636.537
26.003	636.928
26.013	637.274
26.023	638.049
26.033	638.015
26.043	637.681
26.053	0.000
26.063	0.000
26.073	0.000
26.083	0.000
26.093	0.000
26.103	0.000
26.113	0.000
26.123	0.000
26.133	434.968
26.143	433.541
26.153	434.850
26.163	437.886
26.173	440.304
26.183	440.927
26.193	441.907
26.203	442.322
26.213	442.493
26.223	442.691
26.233	442.760
26.243	442.796
26.253	442.862
26.263	442.858
26.273	442.844
26.283	442.702
26.293	442.668
26.303	443.053
26.313	443.690
26.323	445.285
26.333	446.404
26.343	448.229
26.353	448.978
26.363	447.988
26.373	448.776
26.383	446.684
26.393	446.734
26.403	449.997
26.413	0.000
26.423	0.000
26.433	0.000
26.443	0.000
26.453	0.000
26.463	0.000
26.473	0.000
26.483	0.000
26.493	0.000
26.503	0.000
26.513	0.000
26.523	430.748
26.533	431.990
26.543	432.011
26.553	433.626
26.563	435.094
26.573	436.176
26.583	436.427
26.593	437.546
26.603	439.030
26.613	440.013
26.623	440.121
26.633	440.513
26.643	440.755
26.653	440.880
26.663	441.070
26.673	441.196
26.683	441.243
26.693	441.351
26.703	441.325
26.713	441.136
26.723	441.262
26.733	441.295
26.743	443.029
26.753	445.801
26.763	446.141
26.773	446.509
26.783	447.394
26.793	444.032
26.803	446.807
26.813	456.691
26.823	0.000
26.833	0.000
26.843	0.000
26.853	0.000
26.863	0.000
26.873	0.000
26.883	0.000
26.893	0.000
26.903	0.000
26.913	459.704
26.923	460.882
26.933	462.326
26.943	462.491
26.953	464.740
26.963	466.163
26.973	466.364
26.983	466.694
26.993	466.756
27.003	466.943
27.013	467.191
27.023	467.671
27.033	468.280
27.043	468.643
27.053	468.956
27.063	469.209
27.073	469.435
27.083	469.409
27.093	468.940
27.103	468.428
27.113	468.295
27.123	468.602
27.133	470.001
27.143	471.854
27.153	474.697
27.163	474.446
27.173	477.600
27.183	484.323
27.193	494.597
27.203	497.719
27.213	0.000
27.223	0.000
27.233	0.000
27.243	0.000
27.253	0.000
27.263	0.000
27.273	0.000
27.283	0.000
27.293	0.000
27.303	0.000
27.313	0.000
27.323	0.000
27.333	0.000
27.343	0.000
27.353	0.000
27.363	0.000
27.373	0.000
27.383	0.000
27.393	0.000
27.403	0.000
27.413	0.000
27.423	0.000
27.433	0.000
27.443	0.000
27.453	0.000
27.463	0.000
27.473	0.000
27.483	0.000
27.493	0.000
27.503	0.000
27.513	0.000
27.523	0.000
27.533	0.000
27.543	0.000
27.553	0.000
27.563	0.000
27.573	0.000
27.583	0.000
27.593	0.000
27.603	0.000
27.613	0.000
27.623	0.000
27.633	0.000
27.643	0.000
27.653	0.000
27.663	0.000
27.673	0.000
27.683	0.000
27.693	471.476
27.703	458.698
27.713	462.621
27.723	464.974
27.733	465.560
27.743	468.174
27.753	469.910
27.763	470.583
27.773	470.680
27.783	470.782
27.793	470.755
27.803	470.489
27.813	470.341
27.823	469.901
27.833	468.694
27.843	468.139
27.853	466.566
27.863	465.312
27.873	464.169
27.883	463.755
27.893	463.037
27.903	462.874
27.913	462.793
27.923	462.475
27.933	462.158
27.943	461.879
27.953	461.946
27.963	461.914
27.973	462.665
27.983	463.572
27.993	463.935
28.003	464.752
28.013	465.783
28.023	466.411
28.033	467.553
28.043	468.625
28.053	469.345
28.063	469.599
28.073	469.570
28.083	468.676
28.093	468.106
28.103	465.915
28.113	463.448
28.123	460.688
28.133	459.333
28.143	457.700
28.153	456.822
28.163	456.805
28.173	456.974
28.183	458.104
28.193	459.806
28.203	460.902
28.213	463.549
28.223	465.976
28.233	467.884
28.243	468.399
28.253	468.978
28.263	468.841
28.273	468.534
28.283	467.661
28.293	466.943
28.303	466.866
28.313	466.973
28.323	467.318
28.333	467.528
28.343	468.393
28.353	469.044
28.363	470.484
28.373	470.729
28.383	473.724
28.393	473.963
28.403	477.422
28.413	485.814
28.423	0.000
28.433	0.000
28.443	0.000
28.453	0.000
28.463	0.000
28.473	423.277
28.483	417.294
28.493	416.481
28.503	417.911
28.513	418.847
28.523	419.111
28.533	419.120
28.543	419.004
28.553	418.680
28.563	418.290
28.573	417.808
28.583	417.756
28.593	417.809
28.603	417.798
28.613	417.946
28.623	418.211
28.633	418.322
28.643	418.734
28.653	419.160
28.663	419.555
28.673	419.552
28.683	420.003
28.693	420.493
28.703	421.229
28.713	421.558
28.723	422.029
28.733	422.037
28.743	421.901
28.753	421.792
28.763	421.937
28.773	421.794
28.783	421.282
28.793	418.262
28.803	411.862
28.813	409.078
28.823	402.106
28.833	0.000
28.843	0.000
28.853	0.000
28.863	0.000
28.873	0.000
28.883	0.000
28.893	0.000
28.903	0.000
28.913	0.000
28.923	0.000
28.933	0.000
28.943	0.000
28.953	0.000
28.963	0.000
28.973	0.000
28.983	0.000
28.993	0.000
29.003	0.000
29.013	0.000
29.023	0.000
29.033	0.000
29.043	0.000
29.053	0.000
29.063	0.000
29.073	0.000
29.083	0.000
29.093	0.000
29.103	0.000
29.113	0.000
29.123	0.000
29.133	0.000
29.143	0.000
29.153	0.000
29.163	0.000
29.173	0.000
29.183	0.000
29.193	0.000
29.203	0.000
29.213	0.000
29.223	0.000
29.233	0.000
29.243	403.853
29.253	399.017
29.263	396.538
29.273	397.225
29.283	397.707
29.293	398.954
29.303	399.730
29.313	400.606
29.323	401.102
29.333	401.579
29.343	401.934
29.353	402.252
29.363	402.248
29.373	402.345
29.383	402.335
29.393	402.258
29.403	402.276
29.413	402.222
29.423	402.187
29.433	402.172
29.443	402.148
29.453	402.064
29.463	402.094
29.473	402.080
29.483	402.156
29.493	402.205
29.503	402.213
29.513	402.262
29.523	402.047
29.533	400.719
29.543	399.921
29.553	397.703
29.563	393.423
29.573	391.934
29.583	0.000
29.593	0.000
29.603	0.000
29.613	0.000
29.623	0.000
29.633	0.000
29.643	229.954
29.653	233.022
29.663	235.912
29.673	237.796
29.683	237.744
29.693	237.510
29.703	237.605
29.713	237.772
29.723	237.837
29.733	237.964
29.743	237.641
29.753	237.462
29.763	237.377
29.773	237.419
29.783	237.755
29.793	0.000
29.803	0.000
29.813	0.000
29.823	0.000
29.833	0.000
29.843	0.000
29.853	0.000
29.863	0.000
29.873	0.000
29.883	0.000
29.893	0.000
29.903	0.000
29.913	0.000
29.923	0.000
29.933	0.000
29.943	0.000
29.953	0.000
29.963	0.000
29.973	0.000
29.983	0.000
29.993	363.809
30.003	352.106
30.013	351.855
30.023	352.934
30.033	355.063
30.043	355.674
30.053	355.643
30.063	355.223
30.073	354.843
30.083	354.761
30.093	354.972
30.103	355.919
30.113	356.389
30.123	357.515
30.133	357.875
30.143	357.429
30.153	357.135
30.163	356.872
30.173	355.350
30.183	357.326
30.193	355.860
30.203	356.526
30.213	0.000
30.223	0.000
30.233	0.000
30.243	0.000
30.253	0.000
30.263	0.000
30.273	0.000
30.283	0.000
30.293	0.000
30.303	0.000
30.313	0.000
30.323	0.000
30.333	0.000
30.343	0.000
30.353	350.414
30.363	350.675
30.373	350.732
30.383	351.790
30.393	352.877
30.403	353.670
30.413	354.589
30.423	355.288
30.433	355.548
30.443	355.272
30.453	354.609
30.463	353.909
30.473	353.467
30.483	353.049
30.493	353.471
30.503	356.272
30.513	359.698
30.523	0.000
30.533	0.000
30.543	0.000
30.553	0.000
30.563	0.000
30.573	0.000
30.583	0.000
30.593	0.000
30.603	0.000
30.613	0.000
30.623	0.000
30.633	0.000
30.643	0.000
30.653	0.000
30.663	0.000
30.673	0.000
30.683	0.000
30.693	0.000
30.703	0.000
30.713	369.540
30.723	354.773
30.733	354.774
30.743	354.215
30.753	355.738
30.763	356.709
30.773	357.199
30.783	357.321
30.793	357.910
30.803	358.218
30.813	359.036
30.823	359.149
30.833	357.667
30.843	356.787
30.853	375.018
30.863	397.655
30.873	398.963
30.883	399.119
30.893	399.441
30.903	399.326
30.913	399.474
30.923	398.938
30.933	399.187
30.943	399.562
30.953	400.069
30.963	400.294
30.973	400.341
30.983	400.156
30.993	399.991
31.003	399.838
31.013	399.623
31.023	399.463
31.033	399.412
31.043	401.973
31.053	405.327
31.063	416.460
31.073	419.074
31.083	419.864
31.093	419.767
31.103	420.245
31.113	420.283
31.123	420.498
31.133	421.337
31.143	421.710
31.153	421.959
31.163	422.223
31.173	422.400
31.183	422.542
31.193	422.629
31.203	422.654
31.213	422.661
31.223	422.106
31.233	422.077
31.243	421.058
31.253	429.052
31.263	464.959
31.273	469.304
31.283	471.174
31.293	471.073
31.303	470.752
31.313	470.790
31.323	470.584
31.333	470.471
31.343	470.347
31.353	470.366
31.363	470.509
31.373	471.105
31.383	472.544
31.393	474.223
31.403	474.894
31.413	475.258
31.423	474.921
31.433	474.004
31.443	478.164
31.453	488.760
31.463	0.000
31.473	0.000
31.483	526.452
31.493	522.515
31.503	522.339
31.513	523.748
31.523	524.780
31.533	525.590
31.543	526.436
31.553	526.774
31.563	527.452
31.573	527.675
31.583	527.912
31.593	528.066
31.603	528.285
31.613	528.453
31.623	528.475
31.633	528.398
31.643	527.962
31.653	527.601
31.663	527.288
31.673	526.700
31.683	526.085
31.693	525.628
31.703	525.525
31.713	525.383
31.723	525.181
31.733	525.040
31.743	524.899
31.753	524.676
31.763	524.687
31.773	524.439
31.783	523.551
31.793	522.228
31.803	520.006
31.813	518.807
31.823	516.641
31.833	499.360
31.843	471.882
31.853	466.986
31.863	468.265
31.873	470.029
31.883	470.229
31.893	470.736
31.903	471.034
31.913	471.557
31.923	471.478
31.933	471.556
31.943	471.348
31.953	471.203
31.963	471.201
31.973	471.294
31.983	471.141
31.993	470.823
32.003	470.649
32.013	470.447
32.023	470.130
32.033	469.687
32.043	469.048
32.053	468.234
32.063	467.964
32.073	467.468
32.083	467.066
32.093	467.163
32.103	467.544
32.113	469.296
32.123	471.142
32.133	471.488
32.143	472.937
32.153	473.861
32.163	477.033
32.173	482.171
32.183	0.000
32.193	0.000
32.203	0.000
32.213	418.413
32.223	416.240
32.233	418.109
32.243	418.966
32.253	420.428
32.263	421.128
32.273	421.524
32.283	421.542
32.293	421.454
32.303	421.413
32.313	421.362
32.323	421.336
32.333	421.306
32.343	421.460
32.353	421.548
32.363	421.346
32.373	421.318
32.383	421.227
32.393	421.140
32.403	421.241
32.413	421.309
32.423	421.493
32.433	421.595
32.443	421.514
32.453	421.029
32.463	420.630
32.473	420.146
32.483	420.064
32.493	420.140
32.503	420.659
32.513	421.037
32.523	420.609
32.533	420.385
32.543	418.785
32.553	412.884
32.563	408.856
32.573	403.084
32.583	400.348
32.593	399.775
32.603	399.942
32.613	399.519
32.623	398.767
32.633	398.168
32.643	397.820
32.653	397.513
32.663	397.321
32.673	397.342
32.683	397.043
32.693	396.923
32.703	396.757
32.713	396.675
32.723	396.718
32.733	396.693
32.743	396.664
32.753	396.803
32.763	397.206
32.773	397.635
32.783	397.704
32.793	397.965
32.803	398.328
32.813	400.563
32.823	401.879
32.833	402.662
32.843	400.846
32.853	398.976
32.863	397.838
32.873	396.589
32.883	398.653
32.893	400.292
32.903	0.000
32.913	0.000
32.923	0.000
32.933	0.000
32.943	0.000
32.953	0.000
32.963	0.000
32.973	0.000
32.983	0.000
32.993	0.000
33.003	364.648
33.013	350.348
33.023	350.010
33.033	350.575
33.043	351.842
33.053	353.242
33.063	354.083
33.073	354.284
33.083	354.764
33.093	355.131
33.103	355.282
33.113	355.103
33.123	355.124
33.133	355.603
33.143	355.970
33.153	356.902
33.163	358.373
33.173	0.000
33.183	0.000
33.193	0.000
33.203	0.000
33.213	0.000
33.223	0.000
33.233	0.000
33.243	0.000
33.253	0.000
33.263	0.000
33.273	0.000
33.283	0.000
33.293	0.000
33.303	0.000
33.313	0.000
33.323	0.000
33.333	0.000
33.343	0.000
33.353	0.000
33.363	360.847
33.373	345.621
33.383	347.797
33.393	348.768
33.403	350.685
33.413	352.026
33.423	352.533
33.433	352.551
33.443	352.272
33.453	352.272
33.463	353.197
33.473	354.075
33.483	354.654
33.493	354.736
33.503	355.324
33.513	365.745
33.523	374.951
33.533	377.170
33.543	382.184
33.553	0.000
33.563	0.000
33.573	0.000
33.583	0.000
33.593	0.000
33.603	0.000
33.613	0.000
33.623	0.000
33.633	0.000
33.643	0.000
33.653	0.000
33.663	0.000
33.673	0.000
33.683	0.000
33.693	0.000
33.703	0.000
33.713	0.000
33.723	0.000
33.733	0.000
33.743	0.000
33.753	0.000
33.763	0.000
33.773	363.217
33.783	349.535
33.793	349.875
33.803	351.247
33.813	353.136
33.823	353.890
33.833	353.726
33.843	353.635
33.853	353.402
33.863	353.426
33.873	353.425
33.883	353.899
33.893	354.484
33.903	354.490
33.913	354.291
33.923	353.887
33.933	353.671
33.943	353.369
33.953	353.086
33.963	352.937
33.973	352.958
33.983	353.005
33.993	352.881
34.003	353.033
34.013	352.875
34.023	352.857
34.033	352.974
34.043	353.142
34.053	353.582
34.063	353.872
34.073	353.720
34.083	353.744
34.093	353.885
34.103	354.045
34.113	354.114
34.123	353.921
34.133	353.639
34.143	353.131
34.153	352.939
34.163	352.853
34.173	352.910
34.183	352.729
34.193	352.623
34.203	352.538
34.213	352.802
34.223	353.022
34.233	353.816
34.243	354.508
34.253	354.645
34.263	354.594
34.273	355.488
34.283	373.410
34.293	373.908
34.303	373.872
34.313	375.078
34.323	375.479
34.333	375.382
34.343	375.115
34.353	375.879
34.363	375.180
34.373	375.387
34.383	375.217
34.393	375.764
34.403	376.438
34.413	376.535
34.423	376.014
34.433	375.397
34.443	371.996
34.453	366.402
34.463	379.743
34.473	0.000
34.483	0.000
34.493	412.239
34.503	396.210
34.513	398.089
34.523	397.158
34.533	398.054
34.543	398.868
34.553	398.871
34.563	398.662
34.573	398.461
34.583	398.347
34.593	397.792
34.603	397.028
34.613	396.311
34.623	396.132
34.633	396.222
34.643	397.534
34.653	399.900
34.663	400.291
34.673	400.743
34.683	404.620
34.693	403.475
34.703	0.000
34.713	0.000
34.723	0.000
34.733	0.000
34.743	0.000
34.753	0.000
34.763	0.000
34.773	0.000
34.783	0.000
34.793	0.000
34.803	0.000
34.813	0.000
34.823	0.000
34.833	0.000
34.843	0.000
34.853	0.000
34.863	0.000
34.873	0.000
34.883	0.000
34.893	396.563
34.903	393.223
34.913	393.533
34.923	394.514
34.933	395.337
34.943	396.234
34.953	397.636
34.963	399.069
34.973	399.544
34.983	400.274
34.993	400.836
35.003	400.444
35.013	401.536
35.023	403.508
35.033	403.036
35.043	0.000
35.053	0.000
35.063	0.000
35.073	0.000
35.083	0.000
35.093	0.000
35.103	0.000
35.113	0.000
35.123	0.000
35.133	0.000
35.143	0.000
35.153	0.000
35.163	0.000
35.173	0.000
35.183	0.000
35.193	0.000
35.203	0.000
35.213	0.000
35.223	0.000
35.233	0.000
35.243	0.000
35.253	0.000
35.263	457.172
35.273	458.903
35.283	460.664
35.293	463.129
35.303	465.185
35.313	467.388
35.323	469.412
35.333	471.029
35.343	472.004
35.353	473.123
35.363	473.709
35.373	473.650
35.383	473.447
35.393	472.713
35.403	472.062
35.413	471.854
35.423	473.140
35.433	477.037
35.443	477.409
35.453	477.661
35.463	477.256
35.473	478.747
35.483	0.000
35.493	0.000
35.503	0.000
35.513	0.000
35.523	0.000
35.533	0.000
35.543	0.000
35.553	0.000
35.563	0.000
35.573	0.000
35.583	0.000
35.593	0.000
35.603	0.000
35.613	0.000
35.623	470.947
35.633	462.245
35.643	464.675
35.653	465.374
35.663	465.582
35.673	466.083
35.683	466.370
35.693	466.090
35.703	466.115
35.713	465.862
35.723	465.929
35.733	466.354
35.743	466.679
35.753	467.842
35.763	469.039
35.773	469.321
35.783	469.725
35.793	470.424
35.803	472.750
35.813	474.261
35.823	476.938
35.833	478.396
35.843	480.118
35.853	480.673
35.863	478.238
35.873	477.879
35.883	478.015
35.893	483.301
35.903	0.000
35.913	0.000
35.923	0.000
35.933	0.000
35.943	0.000
35.953	0.000
35.963	0.000
35.973	0.000
35.983	0.000
35.993	0.000
36.003	0.000
36.013	0.000
36.023	0.000
36.033	0.000
36.043	0.000
36.053	624.582
36.063	621.008
36.073	618.919
36.083	619.847
36.093	623.237
36.103	624.915
36.113	626.554
36.123	627.906
36.133	628.278
36.143	628.253
36.153	628.082
36.163	627.930
36.173	627.936
36.183	627.997
36.193	628.565
36.203	629.187
36.213	629.501
36.223	631.554
36.233	635.184
36.243	636.957
36.253	639.468
36.263	640.888
36.273	641.419
36.283	641.353
36.293	641.775
36.303	643.696
36.313	642.370
36.323	0.000
36.333	0.000
36.343	0.000
36.353	0.000
36.363	0.000
36.373	0.000
36.383	0.000
36.393	0.000
36.403	644.374
36.413	629.808
36.423	629.578
36.433	626.638
36.443	627.441
36.453	629.037
36.463	629.644
36.473	630.421
36.483	630.711
36.493	631.211
36.503	631.661
36.513	632.578
36.523	633.385
36.533	633.623
36.543	634.013
36.553	633.811
36.563	633.592
36.573	633.933
36.583	635.209
36.593	636.991
36.603	637.597
36.613	638.267
36.623	640.027
36.633	640.143
36.643	641.548
36.653	641.413
36.663	640.688
36.673	641.819
36.683	643.319
36.693	0.000
36.703	0.000
36.713	0.000
36.723	0.000
36.733	0.000
36.743	0.000
36.753	0.000
36.763	0.000
36.773	0.000
36.783	0.000
36.793	0.000
36.803	850.347
36.813	801.665
36.823	797.645
36.833	795.337
36.843	797.028
36.853	798.792
36.863	799.748
36.873	800.755
36.883	801.729
36.893	802.121
36.903	802.572
36.913	802.372
36.923	801.919
36.933	801.694
36.943	801.598
36.953	801.604
36.963	801.571
36.973	801.300
36.983	800.396
36.993	798.977
37.003	798.357
37.013	797.214
37.023	796.032
37.033	794.879
37.043	794.590
37.053	793.730
37.063	792.870
37.073	792.377
37.083	790.361
37.093	788.080
37.103	785.178
37.113	783.758
37.123	781.781
37.133	782.167
37.143	782.643
37.153	783.555
37.163	785.150
37.173	788.390
37.183	790.237
37.193	793.973
37.203	796.879
37.213	797.814
37.223	797.941
37.233	797.205
37.243	795.666
37.253	794.875
37.263	792.648
37.273	788.930
37.283	785.220
37.293	783.228
37.303	778.899
37.313	775.753
37.323	775.090
37.333	774.411
37.343	776.780
37.353	782.630
37.363	785.958
37.373	791.630
37.383	795.175
37.393	797.937
37.403	799.247
37.413	800.360
37.423	800.094
37.433	798.823
37.443	796.910
37.453	796.071
37.463	796.279
37.473	795.370
37.483	792.078
37.493	789.262
37.503	795.932
37.513	799.021
37.523	803.644
37.533	0.000
37.543	0.000
37.553	0.000
37.563	0.000
37.573	739.541
37.583	740.006
37.593	710.074
37.603	707.573
37.613	709.106
37.623	710.825
37.633	712.276
37.643	713.142
37.653	713.538
37.663	713.558
37.673	713.473
37.683	713.467
37.693	713.232
37.703	712.913
37.713	712.856
37.723	712.989
37.733	713.408
37.743	714.268
37.753	714.563
37.763	714.446
37.773	717.136
37.783	718.428
37.793	717.268
37.803	718.251
37.813	717.414
37.823	724.320
37.833	729.146
37.843	0.000
37.853	0.000
37.863	0.000
37.873	0.000
37.883	0.000
37.893	0.000
37.903	0.000
37.913	0.000
37.923	0.000
37.933	712.501
37.943	708.630
37.953	707.362
37.963	709.419
37.973	711.085
37.983	712.441
37.993	712.969
38.003	713.270
38.013	713.223
38.023	713.687
38.033	713.827
38.043	714.194
38.053	714.645
38.063	714.833
38.073	714.633
38.083	714.756
38.093	715.270
38.103	715.730
38.113	714.166
38.123	713.078
38.133	717.008
38.143	716.348
38.153	720.449
38.163	717.649
38.173	721.433
38.183	723.879
38.193	0.000
38.203	0.000
38.213	0.000
38.223	0.000
38.233	0.000
38.243	0.000
38.253	0.000
38.263	0.000
38.273	0.000
38.283	0.000
38.293	690.431
38.303	681.626
38.313	653.473
38.323	639.079
38.333	636.462
38.343	635.705
38.353	635.765
38.363	635.199
38.373	634.650
38.383	633.945
38.393	632.969
38.403	632.149
38.413	631.666
38.423	630.395
38.433	628.149
38.443	626.909
38.453	623.855
38.463	608.946
38.473	595.735
38.483	593.635
38.493	592.880
38.503	592.840
38.513	592.832
38.523	592.140
38.533	591.732
38.543	591.913
38.553	591.911
38.563	591.603
38.573	591.182
38.583	590.580
38.593	590.207
38.603	589.816
38.613	589.105
38.623	588.474
38.633	586.939
38.643	585.199
38.653	577.833
38.663	557.745
38.673	529.951
38.683	525.371
38.693	525.007
38.703	525.083
38.713	525.400
38.723	525.673
38.733	525.891
38.743	526.263
38.753	526.686
38.763	527.167
38.773	527.385
38.783	527.833
38.793	528.197
38.803	528.450
38.813	529.328
38.823	530.259
38.833	529.832
38.843	530.346
38.853	556.563
38.863	589.262
38.873	591.433
38.883	592.044
38.893	593.387
38.903	593.790
38.913	593.837
38.923	594.138
38.933	594.390
38.943	594.843
38.953	595.481
38.963	597.207
38.973	598.562
38.983	600.450
38.993	597.969
39.003	594.269
39.013	595.117
39.023	592.173
39.033	590.745
39.043	603.303
39.053	615.030
39.063	0.000
39.073	0.000
39.083	0.000
39.093	693.881
39.103	658.335
39.113	642.741
39.123	635.789
39.133	634.406
39.143	634.396
39.153	635.090
39.163	635.415
39.173	635.501
39.183	635.347
39.193	634.929
39.203	634.833
39.213	634.779
39.223	634.627
39.233	634.170
39.243	633.566
39.253	635.516
39.263	635.422
39.273	635.500
39.283	635.853
39.293	636.422
39.303	638.823
39.313	642.292
39.323	0.000
39.333	0.000
39.343	0.000
39.353	0.000
39.363	0.000
39.373	0.000
39.383	0.000
39.393	0.000
39.403	0.000
39.413	645.389
39.423	641.165
39.433	631.199
39.443	627.675
39.453	628.482
39.463	628.515
39.473	629.086
39.483	629.527
39.493	629.779
39.503	629.609
39.513	629.478
39.523	629.460
39.533	629.935
39.543	630.164
39.553	630.548
39.563	630.882
39.573	632.070
39.583	633.332
39.593	633.403
39.603	632.855
39.613	632.200
39.623	632.963
39.633	634.909
39.643	635.174
39.653	635.428
39.663	635.627
39.673	635.866
39.683	637.306
39.693	643.248
39.703	0.000
39.713	0.000
39.723	0.000
39.733	0.000
39.743	0.000
39.753	0.000
39.763	0.000
39.773	648.034
39.783	632.579
39.793	629.182
39.803	629.532
39.813	630.283
39.823	631.903
39.833	633.397
39.843	634.121
39.853	634.273
39.863	633.991
39.873	633.947
39.883	633.747
39.893	633.289
39.903	632.395
39.913	631.550
39.923	631.265
39.933	630.768
39.943	630.854
39.953	631.605
39.963	632.309
39.973	633.752
39.983	635.617
39.993	636.611
40.003	638.540
40.013	638.944
40.023	636.336
40.033	637.146
40.043	636.744
40.053	636.508
40.063	637.890
40.073	641.890
40.083	650.929
40.093	0.000
40.103	0.000
40.113	0.000
40.123	0.000
40.133	0.000
40.143	0.000
40.153	0.000
40.163	0.000
40.173	0.000
40.183	0.000
40.193	0.000
40.203	0.000
40.213	0.000
40.223	0.000
40.233	0.000
40.243	0.000
40.253	0.000
40.263	0.000
40.273	0.000
40.283	0.000
40.293	0.000
40.303	0.000
40.313	0.000
40.323	0.000
40.333	0.000
40.343	0.000
40.353	0.000
40.363	0.000
40.373	0.000
40.383	0.000
40.393	0.000
40.403	0.000
40.413	0.000
40.423	0.000
40.433	0.000
40.443	0.000
40.453	0.000
40.463	0.000
40.473	0.000
40.483	0.000
40.493	0.000
40.503	0.000
40.513	0.000
40.523	0.000
40.533	0.000
40.543	0.000
40.553	0.000
40.563	0.000
40.573	0.000
40.583	0.000
40.593	0.000
40.603	425.672
40.613	418.564
40.623	420.190
40.633	423.446
40.643	424.134
40.653	425.200
40.663	425.124
40.673	425.329
40.683	425.685
40.693	426.059
40.703	424.991
40.713	424.078
40.723	422.911
40.733	422.838
40.743	423.348
40.753	423.493
40.763	423.986
40.773	424.396
40.783	424.474
40.793	424.583
40.803	424.872
40.813	425.260
40.823	425.513
40.833	426.022
40.843	426.337
40.853	426.441
40.863	426.488
40.873	426.759
40.883	426.599
40.893	426.346
40.903	423.796
40.913	414.030
40.923	404.842
40.933	399.902
40.943	0.000
40.953	0.000
40.963	0.000
40.973	0.000
40.983	0.000
40.993	239.275
41.003	240.295
41.013	241.910
41.023	242.497
41.033	242.242
41.043	241.473
41.053	240.656
41.063	239.727
41.073	239.094
41.083	238.157
41.093	237.354
41.103	236.854
41.113	236.788
41.123	236.593
41.133	237.113
41.143	238.448
41.153	239.365
41.163	0.000
41.173	0.000
41.183	0.000
41.193	0.000
41.203	0.000
41.213	0.000
41.223	0.000
41.233	0.000
41.243	0.000
41.253	0.000
41.263	0.000
41.273	0.000
41.283	0.000
41.293	0.000
41.303	0.000
41.313	0.000
41.323	0.000
41.333	0.000
41.343	418.670
41.353	401.400
41.363	399.730
41.373	399.343
41.383	399.602
41.393	400.157
41.403	400.407
41.413	400.423
41.423	400.509
41.433	400.398
41.443	400.258
41.453	400.110
41.463	399.885
41.473	399.798
41.483	399.612
41.493	399.462
41.503	399.477
41.513	399.499
41.523	399.640
41.533	399.857
41.543	399.869
41.553	399.960
41.563	400.025
41.573	400.308
41.583	400.502
41.593	400.664
41.603	400.780
41.613	400.710
41.623	399.138
41.633	396.289
41.643	393.540
41.653	392.621
41.663	390.103
41.673	370.609
41.683	0.000
41.693	0.000
41.703	0.000
41.713	0.000
41.723	0.000
41.733	0.000
41.743	235.649
41.753	240.295
41.763	240.770
41.773	241.544
41.783	240.066
41.793	239.435
41.803	238.498
41.813	238.349
41.823	238.896
41.833	239.127
41.843	239.762
41.853	239.908
41.863	239.857
41.873	0.000
41.883	0.000
41.893	0.000
41.903	0.000
41.913	0.000
41.923	0.000
41.933	0.000
41.943	0.000
41.953	0.000
41.963	0.000
41.973	0.000
41.983	0.000
41.993	0.000
42.003	0.000
42.013	0.000
42.023	0.000
42.033	0.000
42.043	0.000
42.053	0.000
42.063	0.000
42.073	0.000
42.083	0.000
42.093	0.000
42.103	0.000
42.113	0.000
42.123	342.128
42.133	346.110
42.143	349.064
42.153	352.404
42.163	353.460
42.173	354.894
42.183	355.153
42.193	355.441
42.203	356.405
42.213	356.902
42.223	356.999
42.233	357.017
42.243	356.993
42.253	356.811
42.263	356.645
42.273	356.355
42.283	356.486
42.293	357.616
42.303	358.634
42.313	359.279
42.323	358.903
42.333	356.282
42.343	356.923
42.353	0.000
42.363	0.000
42.373	0.000
42.383	0.000
42.393	0.000
42.403	0.000
42.413	0.000
42.423	0.000
42.433	0.000
42.443	0.000
42.453	0.000
42.463	0.000
42.473	0.000
42.483	0.000
42.493	0.000
42.503	344.012
42.513	345.474
42.523	346.483
42.533	348.850
42.543	349.882
42.553	350.197
42.563	350.928
42.573	351.378
42.583	351.715
42.593	351.896
42.603	351.721
42.613	351.648
42.623	351.763
42.633	352.455
42.643	353.635
42.653	354.646
42.663	354.998
42.673	355.139
42.683	354.750
42.693	353.846
42.703	353.331
42.713	352.967
42.723	354.189
42.733	355.419
42.743	358.705
42.753	359.601
42.763	357.420
42.773	357.466
42.783	356.994
42.793	354.896
42.803	357.123
42.813	0.000
42.823	0.000
42.833	0.000
42.843	0.000
42.853	0.000
42.863	0.000
42.873	0.000
42.883	0.000
42.893	0.000
42.903	344.402
42.913	343.597
42.923	346.234
42.933	348.876
42.943	350.313
42.953	351.183
42.963	351.835
42.973	352.402
42.983	352.706
42.993	353.065
43.003	352.839
43.013	351.914
43.023	351.306
43.033	349.806
43.043	353.456
43.053	375.317
43.063	386.314
43.073	392.459
43.083	394.401
43.093	395.435
43.103	395.898
43.113	396.542
43.123	397.633
43.133	398.023
43.143	398.563
43.153	398.405
43.163	397.888
43.173	397.610
43.183	397.295
43.193	397.003
43.203	396.673
43.213	395.985
43.223	396.685
43.233	403.118
43.243	409.511
43.253	414.497
43.263	415.448
43.273	415.936
43.283	416.613
43.293	417.213
43.303	417.440
43.313	417.945
43.323	418.767
43.333	419.789
43.343	420.579
43.353	420.699
43.363	421.002
43.373	420.974
43.383	420.659
43.393	419.735
43.403	418.483
43.413	417.231
43.423	417.152
43.433	447.576
43.443	462.116
43.453	464.673
43.463	465.341
43.473	466.661
43.483	467.927
43.493	467.700
43.503	467.587
43.513	467.189
43.523	467.741
43.533	468.490
43.543	470.248
43.553	472.074
43.563	473.470
43.573	475.856
43.583	476.076
43.593	476.644
43.603	475.458
43.613	476.194
43.623	0.000
43.633	0.000
43.643	527.494
43.653	524.869
43.663	525.171
43.673	524.813
43.683	525.989
43.693	526.908
43.703	527.345
43.713	527.540
43.723	527.743
43.733	527.737
43.743	527.540
43.753	527.243
43.763	526.727
43.773	526.446
43.783	526.289
43.793	526.012
43.803	525.634
43.813	525.493
43.823	525.338
43.833	525.161
43.843	525.041
43.853	524.840
43.863	524.178
43.873	523.569
43.883	523.006
43.893	522.929
43.903	523.170
43.913	523.667
43.923	523.784
43.933	523.769
43.943	522.901
43.953	520.723
43.963	519.594
43.973	516.360
43.983	481.883
43.993	472.519
44.003	472.289
44.013	473.463
44.023	473.988
44.033	474.303
44.043	474.359
44.053	474.111
44.063	473.754
44.073	473.828
44.083	473.512
44.093	473.146
44.103	473.013
44.113	472.712
44.123	472.262
44.133	471.753
44.143	471.574
44.153	471.152
44.163	470.921
44.173	470.775
44.183	470.669
44.193	470.450
44.203	470.457
44.213	470.662
44.223	471.229
44.233	471.699
44.243	471.900
44.253	472.445
44.263	473.430
44.273	472.883
44.283	472.431
44.293	473.180
44.303	474.324
44.313	479.709
44.323	493.877
44.333	0.000
44.343	0.000
44.353	0.000
44.363	422.232
44.373	416.821
44.383	418.814
44.393	419.540
44.403	420.193
44.413	420.210
44.423	420.164
44.433	419.911
44.443	419.907
44.453	420.209
44.463	420.472
44.473	420.752
44.483	420.638
44.493	420.446
44.503	420.127
44.513	419.582
44.523	418.834
44.533	418.186
44.543	417.688
44.553	416.865
44.563	416.369
44.573	416.161
44.583	415.922
44.593	415.801
44.603	415.606
44.613	415.421
44.623	415.082
44.633	415.051
44.643	415.036
44.653	414.991
44.663	414.897
44.673	414.569
44.683	414.288
44.693	413.677
44.703	412.718
44.713	405.999
44.723	400.449
44.733	395.931
44.743	395.019
44.753	394.684
44.763	394.812
44.773	395.107
44.783	394.950
44.793	395.103
44.803	395.317
44.813	395.615
44.823	395.785
44.833	396.124
44.843	396.221
44.853	396.212
44.863	396.212
44.873	395.935
44.883	395.811
44.893	396.021
44.903	396.155
44.913	396.400
44.923	396.467
44.933	396.586
44.943	396.786
44.953	398.251
44.963	399.976
44.973	400.193
44.983	399.974
44.993	397.677
45.003	397.292
45.013	0.000
45.023	0.000
45.033	0.000
45.043	0.000
45.053	0.000
45.063	0.000
45.073	0.000
45.083	0.000
45.093	0.000
45.103	0.000
45.113	0.000
45.123	360.620
45.133	345.488
45.143	348.087
45.153	349.060
45.163	351.449
45.173	352.707
45.183	352.865
45.193	353.111
45.203	353.121
45.213	353.199
45.223	353.226
45.233	353.322
45.243	353.305
45.253	353.682
45.263	353.917
45.273	354.272
45.283	355.229
45.293	356.859
45.303	354.876
45.313	355.746
45.323	357.926
45.333	0.000
45.343	0.000
45.353	0.000
45.363	0.000
45.373	0.000
45.383	0.000
45.393	0.000
45.403	0.000
45.413	0.000
45.423	0.000
45.433	0.000
45.443	0.000
45.453	0.000
45.463	0.000
45.473	0.000
45.483	0.000
45.493	0.000
45.503	0.000
45.513	0.000
45.523	0.000
45.533	368.531
45.543	358.920
45.553	354.021
45.563	354.407
45.573	355.399
45.583	355.525
45.593	355.530
45.603	355.524
45.613	355.212
45.623	354.991
45.633	354.781
45.643	355.212
45.653	355.349
45.663	355.908
45.673	355.907
45.683	355.366
45.693	355.113
45.703	355.259
45.713	356.554
45.723	357.861
45.733	357.887
45.743	357.489
45.753	355.724
45.763	355.600
45.773	355.416
45.783	354.335
45.793	359.089
45.803	0.000
45.813	0.000
45.823	0.000
45.833	0.000
45.843	0.000
45.853	0.000
45.863	0.000
45.873	0.000
45.883	0.000
45.893	338.863
45.903	344.960
45.913	346.447
45.923	350.024
45.933	352.567
45.943	353.021
45.953	353.520
45.963	353.754
45.973	354.017
45.983	354.151
45.993	354.351
46.003	354.427
46.013	354.395
46.023	354.240
46.033	353.972
46.043	353.641
46.053	353.379
46.063	352.795
46.073	352.245
46.083	351.776
46.093	351.460
46.103	351.105
46.113	350.867
46.123	350.754
46.133	350.451
46.143	350.239
46.153	349.926
46.163	349.851
46.173	350.182
46.183	350.998
46.193	351.882
46.203	353.352
46.213	354.333
46.223	355.069
46.233	355.285
46.243	355.528
46.253	355.425
46.263	354.826
46.273	354.388
46.283	353.209
46.293	351.755
46.303	350.959
46.313	349.787
46.323	349.595
46.333	350.092
46.343	350.285
46.353	350.769
46.363	350.898
46.373	351.008
46.383	351.895
46.393	379.727
46.403	378.959
46.413	379.382
46.423	377.269
46.433	378.200
46.443	378.551
46.453	379.057
46.463	378.851
46.473	378.502
46.483	378.193
46.493	377.714
46.503	376.951
46.513	377.078
46.523	377.351
46.533	378.332
46.543	376.958
46.553	375.773
46.563	373.383
46.573	382.294
46.583	390.353
46.593	399.965
46.603	399.848
46.613	417.043
46.623	388.776
46.633	393.024
46.643	394.276
46.653	395.987
46.663	396.818
46.673	397.470
46.683	397.885
46.693	398.086
46.703	398.254
46.713	398.335
46.723	398.330
46.733	398.221
46.743	398.303
46.753	399.970
46.763	401.471
46.773	401.727
46.783	401.826
46.793	399.987
46.803	399.891
46.813	0.000
46.823	0.000
46.833	0.000
46.843	0.000
46.853	0.000
46.863	0.000
46.873	0.000
46.883	0.000
46.893	0.000
46.903	0.000
46.913	0.000
46.923	0.000
46.933	0.000
46.943	0.000
46.953	0.000
46.963	0.000
46.973	400.055
46.983	395.002
46.993	393.587
47.003	394.872
47.013	396.478
47.023	397.104
47.033	397.528
47.043	397.446
47.053	397.393
47.063	397.593
47.073	397.972
47.083	398.377
47.093	399.086
47.103	399.632
47.113	401.081
47.123	401.755
47.133	402.086
47.143	400.861
47.153	403.583
47.163	0.000
47.173	0.000
47.183	0.000
47.193	0.000
47.203	0.000
47.213	0.000
47.223	0.000
47.233	0.000
47.243	0.000
47.253	0.000
47.263	0.000
47.273	0.000
47.283	0.000
47.293	0.000
47.303	0.000
47.313	0.000
47.323	504.495
47.333	473.145
47.343	469.409
47.353	468.064
47.363	468.919
47.373	469.380
47.383	468.599
47.393	469.387
47.403	470.299
47.413	471.706
47.423	472.586
47.433	473.154
47.443	472.926
47.453	472.310
47.463	471.566
47.473	470.981
47.483	471.173
47.493	471.691
47.503	473.166
47.513	474.540
47.523	476.193
47.533	476.602
47.543	475.372
47.553	475.469
47.563	477.071
47.573	477.017
47.583	0.000
47.593	0.000
47.603	0.000
47.613	0.000
47.623	0.000
47.633	0.000
47.643	0.000
47.653	0.000
47.663	0.000
47.673	0.000
47.683	0.000
47.693	0.000
47.703	0.000
47.713	0.000
47.723	0.000
47.733	0.000
47.743	0.000
47.753	0.000
47.763	556.644
47.773	545.794
47.783	540.339
47.793	543.046
47.803	546.002
47.813	547.700
47.823	549.899
47.833	553.699
47.843	558.569
47.853	561.704
47.863	565.204
47.873	566.614
47.883	564.195
47.893	560.741
47.903	553.692
47.913	543.508
47.923	537.492
47.933	525.032
47.943	0.000
47.953	476.003
47.963	476.418
47.973	478.400
47.983	478.773
47.993	478.166
48.003	476.403
48.013	475.103
48.023	474.687
48.033	475.078
48.043	476.051
48.053	479.562
48.063	487.394
48.073	0.000
48.083	0.000
48.093	0.000
48.103	0.000
48.113	0.000
48.123	0.000
48.133	0.000
48.143	0.000
48.153	627.366
48.163	622.841
48.173	622.413
48.183	623.763
48.193	625.633
48.203	627.037
48.213	627.658
48.223	627.811
48.233	627.157
48.243	626.625
48.253	626.344
48.263	626.294
48.273	626.528
48.283	627.079
48.293	627.341
48.303	628.255
48.313	629.131
48.323	629.664
48.333	630.301
48.343	631.307
48.353	634.503
48.363	633.662
48.373	634.688
48.383	635.644
48.393	635.561
48.403	635.018
48.413	639.897
48.423	0.000
48.433	0.000
48.443	0.000
48.453	0.000
48.463	0.000
48.473	0.000
48.483	0.000
48.493	0.000
48.503	0.000
48.513	0.000
48.523	663.506
48.533	637.969
48.543	634.876
48.553	631.200
48.563	630.416
48.573	630.779
48.583	631.703
48.593	632.702
48.603	633.465
48.613	633.751
48.623	634.357
48.633	634.632
48.643	634.667
48.653	634.638
48.663	634.576
48.673	633.688
48.683	633.397
48.693	632.385
48.703	632.390
48.713	632.880
48.723	633.077
48.733	633.157
48.743	632.200
48.753	631.396
48.763	633.957
48.773	634.299
48.783	634.230
48.793	635.379
48.803	634.628
48.813	634.787
48.823	636.557
48.833	640.118
48.843	0.000
48.853	0.000
48.863	0.000
48.873	0.000
48.883	0.000
48.893	0.000
48.903	0.000
48.913	786.082
48.923	782.372
48.933	783.484
48.943	784.975
48.953	788.555
48.963	792.465
48.973	793.764
48.983	795.751
48.993	796.948
49.003	797.531
49.013	798.041
49.023	797.999
49.033	797.522
49.043	797.239
49.053	796.764
49.063	796.749
49.073	796.463
49.083	796.371
49.093	796.116
49.103	795.868
49.113	795.731
49.123	795.310
49.133	794.754
49.143	793.933
49.153	793.245
49.163	792.776
49.173	792.213
49.183	791.110
49.193	790.630
49.203	789.689
49.213	789.370
49.223	789.366
49.233	789.765
49.243	790.937
49.253	792.304
49.263	792.943
49.273	794.408
49.283	795.877
49.293	796.612
49.303	797.445
49.313	797.235
49.323	795.969
49.333	795.410
49.343	793.855
49.353	791.792
49.363	789.908
49.373	789.089
49.383	787.660
49.393	787.179
49.403	787.027
49.413	787.616
49.423	788.207
49.433	788.992
49.443	788.905
49.453	789.374
49.463	789.729
49.473	790.485
49.483	792.118
49.493	791.818
49.503	792.372
49.513	793.533
49.523	793.638
49.533	790.590
49.543	786.545
49.553	794.130
49.563	796.226
49.573	781.228
49.583	0.000
49.593	0.000
49.603	0.000
49.613	0.000
49.623	0.000
49.633	0.000
49.643	0.000
49.653	0.000
49.663	749.809
49.673	701.506
49.683	702.873
49.693	703.624
49.703	706.658
49.713	710.089
49.723	711.628
49.733	711.945
49.743	711.851
49.753	711.718
49.763	711.605
49.773	711.134
49.783	710.591
49.793	709.645
49.803	709.302
49.813	708.929
49.823	708.655
49.833	708.631
49.843	708.928
49.853	709.998
49.863	710.976
49.873	711.639
49.883	713.259
49.893	714.916
49.903	717.886
49.913	717.392
49.923	717.413
49.933	0.000
49.943	0.000
49.953	0.000
49.963	0.000
49.973	0.000
49.983	0.000
49.993	0.000
50.003	0.000
50.013	0.000
50.023	713.533
50.033	707.382
50.043	705.750
50.053	706.051
50.063	708.252
50.073	710.180
50.083	711.124
50.093	711.146
50.103	711.724
50.113	712.511
50.123	712.642
50.133	712.649
50.143	712.716
50.153	712.604
50.163	712.579
50.173	712.394
50.183	712.394
50.193	711.886
50.203	711.695
50.213	711.305
50.223	710.885
50.233	710.990
50.243	711.161
50.253	710.628
50.263	709.123
50.273	708.673
50.283	713.756
50.293	713.361
50.303	717.422
50.313	714.185
50.323	716.996
50.333	0.000
50.343	0.000
50.353	0.000
50.363	0.000
50.373	0.000
50.383	0.000
50.393	0.000
50.403	682.033
50.413	673.169
50.423	653.403
50.433	635.726
50.443	631.644
50.453	630.866
50.463	630.421
50.473	630.333
50.483	630.153
50.493	630.068
50.503	629.658
50.513	629.015
50.523	628.820
50.533	627.857
50.543	626.626
50.553	625.074
50.563	624.002
50.573	621.667
50.583	615.740
50.593	606.907
50.603	592.260
50.613	589.828
50.623	590.058
50.633	590.015
50.643	590.412
50.653	590.571
50.663	590.721
50.673	591.169
50.683	591.088
50.693	590.785
50.703	590.452
50.713	590.102
50.723	589.733
50.733	589.519
50.743	589.235
50.753	588.493
50.763	587.557
50.773	586.838
50.783	584.558
50.793	570.494
50.803	527.834
50.813	523.953
50.823	523.147
50.833	523.118
50.843	523.145
50.853	522.982
50.863	523.853
50.873	524.996
50.883	525.174
50.893	525.773
50.903	526.089
50.913	526.645
50.923	526.717
50.933	527.195
50.943	527.712
50.953	528.063
50.963	528.559
50.973	528.325
50.983	527.367
50.993	530.806
51.003	575.171
51.013	590.750
51.023	590.573
51.033	590.247
51.043	590.626
51.053	591.147
51.063	591.226
51.073	590.949
51.083	590.677
51.093	590.759
51.103	590.324
51.113	590.967
51.123	592.377
51.133	592.923
51.143	594.100
51.153	596.041
51.163	595.745
51.173	593.652
51.183	594.208
51.193	592.982
51.203	590.993
51.213	588.655
51.223	609.579
51.233	619.879
51.243	0.000
51.253	633.846
51.263	624.060
51.273	622.183
51.283	623.987
51.293	625.038
51.303	625.770
51.313	626.251
51.323	627.104
51.333	627.898
51.343	628.194
51.353	628.442
51.363	628.662
51.373	628.281
51.383	627.878
51.393	627.833
51.403	627.719
51.413	627.763
51.423	627.685
51.433	628.068
51.443	629.168
51.453	631.296
51.463	631.333
51.473	631.887
51.483	632.444
51.493	633.386
51.503	632.678
51.513	633.522
51.523	0.000
51.533	0.000
51.543	0.000
51.553	0.000
51.563	0.000
51.573	0.000
51.583	0.000
51.593	0.000
51.603	0.000
51.613	0.000
51.623	647.938
51.633	632.896
51.643	630.847
51.653	628.490
51.663	629.501
51.673	630.319
51.683	630.677
51.693	630.707
51.703	630.500
51.713	630.372
51.723	630.410
51.733	630.707
51.743	630.754
51.753	630.833
51.763	630.856
51.773	630.631
51.783	630.346
51.793	629.886
51.803	629.414
51.813	629.564
51.823	629.597
51.833	629.762
51.843	630.174
51.853	630.423
51.863	631.693
51.873	631.992
51.883	632.176
51.893	632.985
51.903	633.501
51.913	636.233
51.923	0.000
51.933	0.000
51.943	0.000
51.953	0.000
51.963	0.000
51.973	0.000
51.983	0.000
51.993	0.000
52.003	0.000
52.013	0.000
52.023	0.000
52.033	0.000
52.043	0.000
52.053	0.000
52.063	0.000
52.073	0.000
52.083	0.000
52.093	0.000
52.103	667.500
52.113	648.163
52.123	633.857
52.133	629.121
52.143	629.358
52.153	629.437
52.163	629.524
52.173	629.767
52.183	630.067
52.193	630.566
52.203	631.140
52.213	631.159
52.223	631.248
52.233	631.032
52.243	630.982
52.253	630.994
52.263	630.649
52.273	630.365
52.283	630.271
52.293	630.204
52.303	629.724
52.313	628.952
52.323	628.627
52.333	628.209
52.343	628.158
52.353	628.490
52.363	628.624
52.373	628.943
52.383	629.351
52.393	629.754
52.403	630.077
52.413	630.546
52.423	631.111
52.433	631.300
52.443	632.253
52.453	633.758
52.463	635.302
52.473	635.954
52.483	636.289
52.493	636.376
52.503	636.531
52.513	635.950
52.523	635.286
52.533	634.776
52.543	634.973
52.553	636.182
52.563	0.000
52.573	0.000
52.583	0.000
52.593	0.000
52.603	0.000
52.613	0.000
52.623	0.000
52.633	0.000
52.643	0.000
52.653	0.000
52.663	0.000
52.673	0.000
52.683	0.000
52.693	0.000
52.703	0.000
52.713	0.000
52.723	0.000
52.733	0.000
52.743	0.000
52.753	0.000
52.763	0.000
52.773	0.000
52.783	0.000
52.793	0.000
52.803	0.000
52.813	0.000
52.823	0.000
52.833	0.000
52.843	0.000
52.853	0.000
52.863	0.000
52.873	0.000
52.883	0.000
52.893	0.000
52.903	0.000
52.913	0.000
52.923	0.000
52.933	0.000
52.943	0.000
52.953	0.000
52.963	0.000
52.973	0.000
52.983	0.000
52.993	0.000
53.003	0.000
53.013	0.000
53.023	0.000
53.033	0.000
53.043	0.000
