0.023	0.000
0.033	0.000
0.043	0.000
0.053	0.000
0.063	0.000
0.073	0.000
0.083	0.000
0.093	0.000
0.103	0.000
0.113	0.000
0.123	0.000
0.133	0.000
0.143	0.000
0.153	0.000
0.163	0.000
0.173	0.000
0.183	0.000
0.193	0.000
0.203	0.000
0.213	0.000
0.223	0.000
0.233	0.000
0.243	0.000
0.253	0.000
0.263	0.000
0.273	0.000
0.283	0.000
0.293	0.000
0.303	0.000
0.313	0.000
0.323	0.000
0.333	0.000
0.343	0.000
0.353	0.000
0.363	0.000
0.373	0.000
0.383	0.000
0.393	0.000
0.403	0.000
0.413	0.000
0.423	0.000
0.433	0.000
0.443	0.000
0.453	0.000
0.463	0.000
0.473	0.000
0.483	0.000
0.493	0.000
0.503	0.000
0.513	0.000
0.523	0.000
0.533	0.000
0.543	0.000
0.553	0.000
0.563	0.000
0.573	0.000
0.583	0.000
0.593	0.000
0.603	0.000
0.613	0.000
0.623	0.000
0.633	0.000
0.643	0.000
0.653	0.000
0.663	0.000
0.673	0.000
0.683	0.000
0.693	0.000
0.703	0.000
0.713	0.000
0.723	0.000
0.733	0.000
0.743	0.000
0.753	0.000
0.763	0.000
0.773	0.000
0.783	0.000
0.793	0.000
0.803	0.000
0.813	0.000
0.823	0.000
0.833	0.000
0.843	0.000
0.853	0.000
0.863	0.000
0.873	0.000
0.883	0.000
0.893	0.000
0.903	0.000
0.913	0.000
0.923	0.000
0.933	0.000
0.943	0.000
0.953	0.000
0.963	0.000
0.973	0.000
0.983	0.000
0.993	0.000
1.003	0.000
1.013	0.000
1.023	0.000
1.033	0.000
1.043	0.000
1.053	0.000
1.063	0.000
1.073	0.000
1.083	0.000
1.093	0.000
1.103	0.000
1.113	0.000
1.123	0.000
1.133	0.000
1.143	0.000
1.153	0.000
1.163	0.000
1.173	0.000
1.183	0.000
1.193	0.000
1.203	0.000
1.213	0.000
1.223	0.000
1.233	0.000
1.243	0.000
1.253	123.343
1.263	123.341
1.273	123.193
1.283	123.182
1.293	123.273
1.303	123.134
1.313	123.116
1.323	123.345
1.333	123.543
1.343	123.550
1.353	123.612
1.363	123.281
1.373	123.202
1.383	123.235
1.393	123.139
1.403	122.989
1.413	123.103
1.423	122.923
1.433	123.011
1.443	123.032
1.453	122.725
1.463	122.954
1.473	123.037
1.483	122.823
1.493	124.371
1.503	0.000
1.513	0.000
1.523	0.000
1.533	0.000
1.543	0.000
1.553	0.000
1.563	0.000
1.573	0.000
1.583	0.000
1.593	0.000
1.603	123.242
1.613	123.145
1.623	123.344
1.633	123.516
1.643	124.254
1.653	124.235
1.663	124.335
1.673	124.253
1.683	123.921
1.693	123.415
1.703	123.079
1.713	122.338
1.723	121.990
1.733	122.552
1.743	122.336
1.753	123.130
1.763	123.739
1.773	123.918
1.783	0.000
1.793	0.000
1.803	0.000
1.813	0.000
1.823	0.000
1.833	0.000
1.843	0.000
1.853	0.000
1.863	0.000
1.873	0.000
1.883	0.000
1.893	0.000
1.903	0.000
1.913	0.000
1.923	0.000
1.933	0.000
1.943	0.000
1.953	0.000
1.963	0.000
1.973	0.000
1.983	0.000
1.993	0.000
2.003	0.000
2.013	0.000
2.023	0.000
2.033	0.000
2.043	0.000
2.053	0.000
2.063	0.000
2.073	0.000
2.083	0.000
2.093	0.000
2.103	0.000
2.113	0.000
2.123	182.358
2.133	183.608
2.143	184.604
2.153	185.011
2.163	185.099
2.173	185.084
2.183	184.940
2.193	185.291
2.203	185.463
2.213	185.809
2.223	186.239
2.233	185.522
2.243	185.367
2.253	185.443
2.263	186.009
2.273	186.885
2.283	186.899
2.293	186.466
2.303	185.281
2.313	185.011
2.323	185.495
2.333	187.011
2.343	188.545
2.353	188.207
2.363	187.841
2.373	187.456
2.383	187.041
2.393	186.091
2.403	187.339
2.413	189.057
2.423	192.275
2.433	186.561
2.443	0.000
2.453	181.022
2.463	182.719
2.473	185.898
2.483	185.824
2.493	185.573
2.503	185.232
2.513	185.171
2.523	184.986
2.533	185.118
2.543	185.428
2.553	186.223
2.563	187.158
2.573	186.996
2.583	186.383
2.593	186.031
2.603	185.408
2.613	184.627
2.623	184.020
2.633	184.193
2.643	184.544
2.653	185.113
2.663	185.208
2.673	185.969
2.683	186.418
2.693	185.996
2.703	185.929
2.713	186.272
2.723	186.513
2.733	186.738
2.743	187.214
2.753	186.756
2.763	186.564
2.773	186.164
2.783	185.203
2.793	185.519
2.803	185.223
2.813	184.072
2.823	184.876
2.833	186.505
2.843	186.698
2.853	187.027
2.863	186.446
2.873	184.743
2.883	184.764
2.893	185.178
2.903	184.641
2.913	185.780
2.923	186.689
2.933	186.485
2.943	187.604
2.953	188.484
2.963	187.351
2.973	185.150
2.983	184.487
2.993	183.254
3.003	183.772
3.013	189.993
3.023	192.019
3.033	190.257
3.043	188.076
3.053	187.856
3.063	187.609
3.073	187.193
3.083	186.695
3.093	186.102
3.103	186.018
3.113	186.578
3.123	186.763
3.133	187.185
3.143	187.329
3.153	186.890
3.163	185.697
3.173	184.465
3.183	184.876
3.193	186.629
3.203	187.875
3.213	188.663
3.223	190.094
3.233	190.805
3.243	189.993
3.253	190.667
3.263	189.818
3.273	186.328
3.283	184.062
3.293	184.720
3.303	184.571
3.313	185.103
3.323	192.065
3.333	189.112
3.343	185.540
3.353	185.109
3.363	186.182
3.373	186.008
3.383	185.669
3.393	185.516
3.403	184.549
3.413	183.032
3.423	182.654
3.433	183.129
3.443	183.467
3.453	184.699
3.463	185.651
3.473	185.960
3.483	186.402
3.493	186.866
3.503	186.817
3.513	186.912
3.523	186.854
3.533	186.768
3.543	186.610
3.553	185.885
3.563	184.847
3.573	184.589
3.583	184.704
3.593	185.007
3.603	185.332
3.613	185.412
3.623	185.632
3.633	185.970
3.643	186.534
3.653	186.641
3.663	186.920
3.673	187.106
3.683	187.014
3.693	187.189
3.703	187.241
3.713	187.028
3.723	187.100
3.733	186.556
3.743	186.435
3.753	186.759
3.763	187.189
3.773	186.811
3.783	186.229
3.793	187.099
3.803	186.286
3.813	186.217
3.823	185.354
3.833	183.294
3.843	182.322
3.853	180.849
3.863	180.152
3.873	0.000
3.883	0.000
3.893	0.000
3.903	0.000
3.913	0.000
3.923	0.000
3.933	0.000
3.943	0.000
3.953	0.000
3.963	0.000
3.973	0.000
3.983	0.000
3.993	123.573
4.003	123.519
4.013	123.197
4.023	123.315
4.033	123.327
4.043	123.236
4.053	122.993
4.063	123.124
4.073	123.184
4.083	123.222
4.093	123.240
4.103	123.363
4.113	123.393
4.123	123.455
4.133	123.249
4.143	123.346
4.153	123.056
4.163	123.235
4.173	123.331
4.183	123.345
4.193	123.401
4.203	0.000
4.213	0.000
4.223	0.000
4.233	0.000
4.243	0.000
4.253	0.000
4.263	0.000
4.273	0.000
4.283	0.000
4.293	0.000
4.303	0.000
4.313	122.996
4.323	122.836
4.333	123.016
4.343	123.104
4.353	123.481
4.363	123.805
4.373	123.993
4.383	124.213
4.393	124.199
4.403	124.156
4.413	123.957
4.423	123.687
4.433	123.277
4.443	122.993
4.453	122.494
4.463	122.257
4.473	122.532
4.483	122.532
4.493	122.919
4.503	123.557
4.513	123.684
4.523	124.036
4.533	124.165
4.543	124.277
4.553	124.263
4.563	124.062
4.573	123.852
4.583	123.710
4.593	123.139
4.603	122.697
4.613	122.774
4.623	122.485
4.633	122.240
4.643	122.347
4.653	122.588
4.663	122.890
4.673	123.082
4.683	123.542
4.693	123.328
4.703	123.927
4.713	123.934
4.723	123.875
4.733	123.747
4.743	123.744
4.753	123.880
4.763	123.605
4.773	123.748
4.783	0.000
4.793	0.000
4.803	0.000
4.813	0.000
4.823	0.000
4.833	0.000
4.843	0.000
4.853	0.000
4.863	0.000
4.873	0.000
4.883	0.000
4.893	124.564
4.903	124.486
4.913	124.620
4.923	124.390
4.933	124.061
4.943	123.936
4.953	123.756
4.963	123.737
4.973	123.508
4.983	123.600
4.993	123.586
5.003	123.699
5.013	123.907
5.023	124.129
5.033	0.000
5.043	0.000
5.053	0.000
5.063	0.000
5.073	0.000
5.083	0.000
5.093	0.000
5.103	0.000
5.113	0.000
5.123	0.000
5.133	0.000
5.143	0.000
5.153	0.000
5.163	0.000
5.173	0.000
5.183	0.000
5.193	0.000
5.203	0.000
5.213	0.000
5.223	123.928
5.233	123.733
5.243	123.782
5.253	123.395
5.263	122.884
5.273	122.832
5.283	122.532
5.293	122.524
5.303	122.829
5.313	123.173
5.323	123.696
5.333	124.462
5.343	124.774
5.353	125.084
5.363	125.050
5.373	125.049
5.383	125.028
5.393	124.922
5.403	124.688
5.413	124.488
5.423	124.026
5.433	123.599
5.443	123.131
5.453	123.304
5.463	123.394
5.473	123.624
5.483	124.007
5.493	124.112
5.503	124.730
5.513	124.859
5.523	124.799
5.533	124.853
5.543	124.808
5.553	124.725
5.563	124.743
5.573	124.301
5.583	0.000
5.593	0.000
5.603	0.000
5.613	0.000
5.623	0.000
5.633	0.000
5.643	0.000
5.653	0.000
5.663	0.000
5.673	0.000
5.683	0.000
5.693	0.000
5.703	0.000
5.713	0.000
5.723	0.000
5.733	0.000
5.743	0.000
5.753	0.000
5.763	0.000
5.773	0.000
5.783	0.000
5.793	186.210
5.803	186.976
5.813	187.142
5.823	186.739
5.833	186.650
5.843	186.870
5.853	186.443
5.863	186.322
5.873	186.720
5.883	186.646
5.893	186.991
5.903	186.688
5.913	186.788
5.923	186.591
5.933	186.992
5.943	187.123
5.953	187.153
5.963	187.695
5.973	187.363
5.983	187.314
5.993	187.271
6.003	188.032
6.013	188.459
6.023	188.984
6.033	188.813
6.043	187.683
6.053	184.025
6.063	181.345
6.073	178.479
6.083	181.763
6.093	183.144
6.103	182.183
6.113	183.618
6.123	184.316
6.133	184.078
6.143	184.366
6.153	185.619
6.163	186.710
6.173	187.360
6.183	188.299
6.193	188.361
6.203	188.085
6.213	187.861
6.223	187.673
6.233	187.412
6.243	187.003
6.253	185.852
6.263	184.518
6.273	184.115
6.283	184.175
6.293	184.512
6.303	184.954
6.313	185.974
6.323	186.416
6.333	187.145
6.343	187.619
6.353	187.886
6.363	187.993
6.373	188.052
6.383	188.353
6.393	188.370
6.403	188.009
6.413	186.849
6.423	186.319
6.433	184.927
6.443	184.361
6.453	184.722
6.463	184.651
6.473	185.108
6.483	185.367
6.493	185.606
6.503	186.184
6.513	186.744
6.523	187.542
6.533	187.829
6.543	188.117
6.553	188.135
6.563	187.951
6.573	187.811
6.583	187.910
6.593	187.444
6.603	186.631
6.613	185.329
6.623	184.493
6.633	183.878
6.643	183.453
6.653	181.779
6.663	178.215
6.673	185.643
6.683	186.717
6.693	188.275
6.703	188.275
6.713	189.036
6.723	188.455
6.733	188.124
6.743	187.811
6.753	187.017
6.763	186.449
6.773	185.746
6.783	185.457
6.793	185.033
6.803	185.472
6.813	185.732
6.823	185.808
6.833	186.322
6.843	187.102
6.853	187.577
6.863	188.292
6.873	188.691
6.883	188.455
6.893	188.591
6.903	188.272
6.913	187.654
6.923	187.720
6.933	187.897
6.943	185.029
6.953	186.857
6.963	187.738
6.973	193.840
6.983	188.597
6.993	188.485
7.003	188.187
7.013	188.426
7.023	188.869
7.033	189.095
7.043	188.746
7.053	187.981
7.063	186.812
7.073	186.369
7.083	185.356
7.093	185.281
7.103	185.667
7.113	185.584
7.123	185.588
7.133	185.534
7.143	185.779
7.153	186.725
7.163	187.507
7.173	188.183
7.183	188.422
7.193	188.734
7.203	189.073
7.213	189.256
7.223	189.270
7.233	188.204
7.243	185.943
7.253	184.776
7.263	184.927
7.273	185.604
7.283	185.692
7.293	185.684
7.303	185.833
7.313	186.384
7.323	187.426
7.333	187.631
7.343	187.820
7.353	187.865
7.363	187.659
7.373	187.867
7.383	187.940
7.393	188.431
7.403	188.193
7.413	187.512
7.423	187.705
7.433	187.208
7.443	187.695
7.453	187.616
7.463	186.967
7.473	186.062
7.483	185.190
7.493	186.312
7.503	189.301
7.513	191.074
7.523	0.000
7.533	0.000
7.543	0.000
7.553	0.000
7.563	0.000
7.573	0.000
7.583	0.000
7.593	0.000
7.603	0.000
7.613	0.000
7.623	123.762
7.633	123.738
7.643	123.661
7.653	123.586
7.663	123.541
7.673	123.579
7.683	123.570
7.693	123.635
7.703	123.619
7.713	123.565
7.723	123.373
7.733	123.409
7.743	123.404
7.753	123.358
7.763	123.434
7.773	123.221
7.783	123.008
7.793	123.059
7.803	123.414
7.813	123.849
7.823	124.356
7.833	124.487
7.843	0.000
7.853	0.000
7.863	0.000
7.873	0.000
7.883	123.190
7.893	123.481
7.903	123.461
7.913	123.436
7.923	123.168
7.933	122.949
7.943	122.816
7.953	122.799
7.963	123.019
7.973	123.124
7.983	123.419
7.993	123.778
8.003	124.162
8.013	124.316
8.023	124.445
8.033	124.448
8.043	124.366
8.053	124.349
8.063	124.202
8.073	124.061
8.083	123.733
8.093	123.319
8.103	123.003
8.113	122.794
8.123	122.829
8.133	122.982
8.143	123.147
8.153	123.216
8.163	123.451
8.173	123.650
8.183	123.659
8.193	123.780
8.203	123.799
8.213	123.827
8.223	123.754
8.233	123.678
8.243	123.684
8.253	123.701
8.263	123.796
8.273	123.992
8.283	124.165
8.293	124.571
8.303	0.000
8.313	0.000
8.323	0.000
8.333	0.000
8.343	0.000
8.353	0.000
8.363	0.000
8.373	0.000
8.383	0.000
8.393	0.000
8.403	0.000
8.413	0.000
8.423	0.000
8.433	0.000
8.443	0.000
8.453	0.000
8.463	0.000
8.473	0.000
8.483	0.000
8.493	0.000
8.503	146.269
8.513	146.673
8.523	146.526
8.533	146.507
8.543	146.537
8.553	146.504
8.563	146.330
8.573	146.281
8.583	146.288
8.593	146.185
8.603	146.081
8.613	146.351
8.623	146.330
8.633	145.873
8.643	145.341
8.653	145.202
8.663	145.694
8.673	145.969
8.683	145.835
8.693	145.757
8.703	145.715
8.713	145.844
8.723	146.235
8.733	145.956
8.743	146.028
8.753	145.552
8.763	146.103
8.773	145.718
8.783	147.376
8.793	146.708
8.803	147.621
8.813	0.000
8.823	0.000
8.833	0.000
8.843	0.000
8.853	147.343
8.863	146.953
8.873	146.366
8.883	146.944
8.893	146.983
8.903	147.010
8.913	147.102
8.923	147.126
8.933	147.271
8.943	147.619
8.953	147.570
8.963	147.881
8.973	147.952
8.983	148.004
8.993	147.946
9.003	147.820
9.013	147.460
9.023	147.349
9.033	146.725
9.043	146.542
9.053	146.241
9.063	146.117
9.073	145.970
9.083	146.210
9.093	146.464
9.103	147.214
9.113	147.891
9.123	148.137
9.133	148.300
9.143	148.029
9.153	148.043
9.163	148.088
9.173	147.881
9.183	147.198
9.193	147.270
9.203	147.525
9.213	147.438
9.223	147.088
9.233	146.769
9.243	147.135
9.253	147.606
9.263	0.000
9.273	0.000
9.283	0.000
9.293	0.000
9.303	0.000
9.313	0.000
9.323	0.000
9.333	0.000
9.343	0.000
9.353	0.000
9.363	0.000
9.373	0.000
9.383	0.000
9.393	0.000
9.403	0.000
9.413	0.000
9.423	0.000
9.433	0.000
9.443	0.000
9.453	0.000
9.463	0.000
9.473	107.826
9.483	106.060
9.493	107.556
9.503	108.971
9.513	108.351
9.523	108.535
9.533	109.013
9.543	109.093
9.553	108.469
9.563	108.298
9.573	108.163
9.583	107.860
9.593	108.367
9.603	108.241
9.613	106.047
9.623	106.004
9.633	106.309
9.643	108.424
9.653	107.009
9.663	105.965
9.673	106.381
9.683	108.742
9.693	108.872
9.703	107.535
9.713	106.727
9.723	108.009
9.733	107.571
9.743	0.000
9.753	0.000
9.763	0.000
9.773	107.587
9.783	106.261
9.793	105.237
9.803	107.991
9.813	107.977
9.823	108.070
9.833	107.297
9.843	107.374
9.853	107.457
9.863	108.708
9.873	108.916
9.883	108.321
9.893	108.637
9.903	109.624
9.913	110.172
9.923	109.592
9.933	109.612
9.943	109.454
9.953	109.543
9.963	108.722
9.973	107.814
9.983	108.467
9.993	107.977
10.003	108.423
10.013	108.701
10.023	109.249
10.033	109.152
10.043	109.520
10.053	109.664
10.063	109.967
10.073	109.514
10.083	109.109
10.093	109.473
10.103	108.983
10.113	108.864
10.123	109.336
10.133	108.940
10.143	108.753
10.153	109.286
10.163	108.915
10.173	108.898
10.183	109.352
10.193	109.047
10.203	109.895
10.213	0.000
10.223	0.000
10.233	0.000
10.243	0.000
10.253	0.000
10.263	0.000
10.273	0.000
10.283	0.000
10.293	0.000
10.303	0.000
10.313	0.000
10.323	0.000
10.333	0.000
10.343	0.000
10.353	0.000
10.363	161.929
10.373	162.262
10.383	163.091
10.393	162.607
10.403	162.747
10.413	163.718
10.423	164.313
10.433	164.774
10.443	166.090
10.453	164.130
10.463	163.978
10.473	163.998
10.483	164.643
10.493	164.693
10.503	164.231
10.513	164.699
10.523	163.189
10.533	163.091
10.543	163.415
10.553	164.908
10.563	165.679
10.573	166.372
10.583	163.838
10.593	164.316
10.603	165.757
10.613	166.533
10.623	171.560
10.633	176.755
10.643	0.000
10.653	0.000
10.663	160.625
10.673	160.118
10.683	160.790
10.693	162.103
10.703	160.583
10.713	159.908
10.723	160.714
10.733	161.003
10.743	161.354
10.753	162.320
10.763	163.559
10.773	164.017
10.783	164.299
10.793	164.417
10.803	164.418
10.813	164.180
10.823	164.276
10.833	163.664
10.843	161.922
10.853	161.287
10.863	161.330
10.873	161.513
10.883	161.359
10.893	161.723
10.903	161.747
10.913	162.398
10.923	163.370
10.933	163.519
10.943	163.727
10.953	164.022
10.963	164.498
10.973	164.658
10.983	164.581
10.993	163.661
11.003	163.592
11.013	162.819
11.023	161.917
11.033	161.801
11.043	161.973
11.053	162.493
11.063	166.254
11.073	168.945
11.083	167.194
11.093	165.171
11.103	167.215
11.113	168.404
11.123	166.111
11.133	170.866
11.143	0.000
11.153	0.000
11.163	0.000
11.173	0.000
11.183	0.000
11.193	0.000
11.203	0.000
11.213	0.000
11.223	0.000
11.233	0.000
11.243	0.000
11.253	0.000
11.263	0.000
11.273	0.000
11.283	116.941
11.293	117.657
11.303	118.326
11.313	119.348
11.323	120.524
11.333	120.442
11.343	120.255
11.353	119.860
11.363	119.796
11.373	120.033
11.383	121.241
11.393	121.916
11.403	121.436
11.413	0.000
11.423	0.000
11.433	0.000
11.443	0.000
11.453	0.000
11.463	0.000
11.473	0.000
11.483	0.000
11.493	0.000
11.503	0.000
11.513	0.000
11.523	0.000
11.533	0.000
11.543	0.000
11.553	0.000
11.563	0.000
11.573	0.000
11.583	0.000
11.593	0.000
11.603	0.000
11.613	0.000
11.623	122.813
11.633	122.349
11.643	121.502
11.653	122.288
11.663	122.186
11.673	122.647
11.683	122.881
11.693	123.608
11.703	123.657
11.713	123.449
11.723	123.820
11.733	123.403
11.743	123.447
11.753	123.328
11.763	122.443
11.773	122.196
11.783	121.776
11.793	121.739
11.803	121.707
11.813	121.974
11.823	122.387
11.833	122.464
11.843	123.012
11.853	123.656
11.863	123.994
11.873	124.112
11.883	124.037
11.893	124.232
11.903	123.937
11.913	124.196
11.923	123.724
11.933	122.950
11.943	122.663
11.953	122.434
11.963	122.410
11.973	122.229
11.983	122.400
11.993	122.817
12.003	0.000
12.013	0.000
12.023	0.000
12.033	0.000
12.043	0.000
12.053	0.000
12.063	0.000
12.073	0.000
12.083	0.000
12.093	0.000
12.103	0.000
12.113	0.000
12.123	0.000
12.133	0.000
12.143	0.000
12.153	0.000
12.163	0.000
12.173	0.000
12.183	0.000
12.193	0.000
12.203	0.000
12.213	0.000
12.223	121.475
12.233	125.821
12.243	125.274
12.253	124.760
12.263	124.016
12.273	121.796
12.283	121.130
12.293	120.858
12.303	120.476
12.313	119.739
12.323	119.488
12.333	120.100
12.343	119.595
12.353	119.980
12.363	0.000
12.373	0.000
12.383	0.000
12.393	0.000
12.403	0.000
12.413	0.000
12.423	0.000
12.433	0.000
12.443	0.000
12.453	0.000
12.463	0.000
12.473	0.000
12.483	0.000
12.493	123.527
12.503	123.774
12.513	123.571
12.523	123.620
12.533	123.563
12.543	123.206
12.553	123.097
12.563	122.913
12.573	122.829
12.583	122.842
12.593	122.956
12.603	123.150
12.613	123.530
12.623	124.061
12.633	124.181
12.643	124.321
12.653	124.400
12.663	124.442
12.673	124.410
12.683	124.337
12.693	124.210
12.703	123.998
12.713	123.243
12.723	122.772
12.733	122.437
12.743	122.362
12.753	122.380
12.763	122.617
12.773	122.790
12.783	123.187
12.793	123.486
12.803	123.715
12.813	123.737
12.823	123.847
12.833	123.957
12.843	123.862
12.853	123.607
12.863	123.476
12.873	123.108
12.883	122.806
12.893	122.920
12.903	122.968
12.913	123.120
12.923	123.356
12.933	123.556
12.943	123.607
12.953	123.731
12.963	123.774
12.973	123.749
12.983	123.697
12.993	123.770
13.003	123.604
13.013	123.112
13.023	122.962
13.033	0.000
13.043	0.000
13.053	0.000
13.063	0.000
13.073	0.000
13.083	0.000
13.093	0.000
13.103	107.095
13.113	107.444
13.123	108.076
13.133	108.013
13.143	108.065
13.153	108.418
13.163	107.503
13.173	107.536
13.183	108.257
13.193	107.791
13.203	107.851
13.213	107.846
13.223	108.446
13.233	108.439
13.243	107.668
13.253	108.316
13.263	107.984
13.273	108.503
13.283	107.641
13.293	107.773
13.303	108.009
13.313	108.128
13.323	108.339
13.333	108.200
13.343	107.848
13.353	107.787
13.363	107.562
13.373	0.000
13.383	0.000
13.393	0.000
13.403	0.000
13.413	102.312
13.423	106.757
13.433	108.527
13.443	107.724
13.453	107.425
13.463	107.965
13.473	107.212
13.483	106.944
13.493	107.131
13.503	107.890
13.513	108.086
13.523	108.122
13.533	108.157
13.543	107.834
13.553	107.986
13.563	107.512
13.573	107.781
13.583	107.994
13.593	108.084
13.603	108.024
13.613	108.259
13.623	107.513
13.633	107.649
13.643	107.588
13.653	107.356
13.663	108.344
13.673	108.252
13.683	107.967
13.693	107.840
13.703	108.480
13.713	108.468
13.723	108.108
13.733	107.910
13.743	108.130
13.753	108.469
13.763	108.404
13.773	108.440
13.783	108.728
13.793	107.790
13.803	107.930
13.813	107.731
13.823	107.260
13.833	107.155
13.843	0.000
13.853	0.000
13.863	0.000
13.873	0.000
13.883	0.000
13.893	0.000
13.903	0.000
13.913	0.000
13.923	0.000
13.933	0.000
13.943	0.000
13.953	0.000
13.963	0.000
13.973	0.000
13.983	0.000
13.993	0.000
14.003	123.573
14.013	126.111
14.023	127.962
14.033	128.446
14.043	125.938
14.053	125.242
14.063	126.554
14.073	124.639
14.083	124.134
14.093	124.128
14.103	124.349
14.113	124.070
14.123	123.486
14.133	123.029
14.143	122.565
14.153	122.757
14.163	123.155
14.173	0.000
14.183	0.000
14.193	0.000
14.203	0.000
14.213	0.000
14.223	0.000
14.233	0.000
14.243	0.000
14.253	0.000
14.263	0.000
14.273	0.000
14.283	0.000
14.293	0.000
14.303	0.000
14.313	0.000
14.323	129.215
14.333	122.210
14.343	122.486
14.353	127.715
14.363	126.665
14.373	122.628
14.383	120.321
14.393	119.537
14.403	121.938
14.413	121.548
14.423	120.934
14.433	121.394
14.443	0.000
14.453	124.506
14.463	122.259
14.473	120.300
14.483	119.147
14.493	120.100
14.503	119.623
14.513	119.477
14.523	120.858
14.533	121.890
14.543	122.210
14.553	123.086
14.563	124.308
14.573	124.835
14.583	0.000
14.593	125.173
14.603	124.990
14.613	123.836
14.623	122.132
14.633	120.237
14.643	119.689
14.653	121.854
14.663	123.405
14.673	121.967
14.683	120.617
14.693	122.561
14.703	124.991
14.713	0.000
14.723	0.000
14.733	125.258
14.743	124.012
14.753	122.328
14.763	122.003
14.773	121.610
14.783	121.741
14.793	121.607
14.803	121.783
14.813	121.782
14.823	121.530
14.833	121.941
14.843	121.190
14.853	0.000
14.863	0.000
14.873	119.849
14.883	116.486
14.893	117.227
14.903	115.699
14.913	126.166
14.923	124.065
14.933	120.060
14.943	121.589
14.953	122.649
14.963	121.857
14.973	120.524
14.983	121.937
14.993	124.125
15.003	122.003
15.013	120.744
15.023	119.614
15.033	121.630
15.043	121.833
15.053	121.268
15.063	0.000
15.073	0.000
15.083	0.000
15.093	0.000
15.103	0.000
15.113	0.000
15.123	0.000
15.133	0.000
15.143	0.000
15.153	0.000
15.163	0.000
15.173	0.000
15.183	0.000
15.193	0.000
15.203	0.000
15.213	125.879
15.223	126.097
15.233	127.479
15.243	127.293
15.253	119.325
15.263	120.647
15.273	124.344
15.283	121.455
15.293	120.170
15.303	120.326
15.313	120.460
15.323	0.000
15.333	120.947
15.343	120.227
15.353	120.019
15.363	118.179
15.373	117.975
15.383	117.994
15.393	0.000
15.403	0.000
15.413	117.385
15.423	116.921
15.433	116.808
15.443	117.674
15.453	125.309
15.463	126.361
15.473	0.000
15.483	0.000
15.493	0.000
15.503	0.000
15.513	122.786
15.523	122.848
15.533	122.938
15.543	122.995
15.553	122.925
15.563	123.140
15.573	123.211
15.583	123.552
15.593	0.000
15.603	0.000
15.613	0.000
15.623	0.000
15.633	0.000
15.643	123.135
15.653	123.342
15.663	123.421
15.673	123.311
15.683	123.302
15.693	123.294
15.703	123.148
15.713	122.836
15.723	122.979
15.733	123.166
15.743	0.000
15.753	0.000
15.763	0.000
15.773	123.236
15.783	123.317
15.793	123.365
15.803	123.343
15.813	123.122
15.823	122.853
15.833	122.658
15.843	122.448
15.853	122.638
15.863	122.795
15.873	122.994
15.883	123.119
15.893	123.581
15.903	123.196
15.913	123.104
15.923	122.580
15.933	122.640
15.943	122.521
15.953	122.863
15.963	123.099
15.973	0.000
15.983	0.000
15.993	0.000
16.003	0.000
16.013	0.000
16.023	0.000
16.033	0.000
16.043	0.000
16.053	0.000
16.063	0.000
16.073	0.000
16.083	0.000
16.093	0.000
16.103	0.000
16.113	0.000
16.123	0.000
16.133	134.554
16.143	129.279
16.153	120.831
16.163	120.980
16.173	120.938
16.183	117.925
16.193	120.154
16.203	123.316
16.213	0.000
16.223	0.000
16.233	0.000
16.243	0.000
16.253	0.000
16.263	0.000
16.273	0.000
16.283	0.000
16.293	123.744
16.303	123.862
16.313	123.661
16.323	123.524
16.333	123.414
16.343	123.594
16.353	123.713
16.363	0.000
16.373	0.000
16.383	0.000
16.393	0.000
16.403	122.722
16.413	123.085
16.423	123.143
16.433	123.388
16.443	123.396
16.453	123.302
16.463	123.290
16.473	123.286
16.483	123.315
16.493	123.731
16.503	124.826
16.513	0.000
16.523	0.000
16.533	0.000
16.543	0.000
16.553	123.235
16.563	123.277
16.573	123.414
16.583	123.498
16.593	123.376
16.603	123.396
16.613	123.310
16.623	123.205
16.633	123.180
16.643	123.264
16.653	123.957
16.663	124.197
16.673	0.000
16.683	0.000
16.693	0.000
16.703	123.153
16.713	123.034
16.723	123.060
16.733	122.793
16.743	122.466
16.753	122.298
16.763	122.505
16.773	122.483
16.783	122.844
16.793	122.598
16.803	123.122
16.813	123.238
16.823	123.416
16.833	0.000
16.843	0.000
16.853	0.000
16.863	0.000
16.873	0.000
16.883	0.000
16.893	0.000
16.903	0.000
16.913	0.000
16.923	0.000
16.933	0.000
16.943	0.000
16.953	0.000
16.963	0.000
16.973	0.000
16.983	0.000
16.993	0.000
17.003	0.000
17.013	0.000
17.023	0.000
17.033	0.000
17.043	0.000
17.053	120.685
17.063	121.306
17.073	126.359
17.083	125.574
17.093	121.831
17.103	120.775
17.113	120.576
17.123	121.569
17.133	122.988
17.143	124.339
17.153	0.000
17.163	0.000
17.173	0.000
17.183	122.080
17.193	122.584
17.203	122.773
17.213	122.974
17.223	122.817
17.233	122.893
17.243	122.860
17.253	122.881
17.263	122.955
17.273	123.610
17.283	123.872
17.293	0.000
17.303	0.000
17.313	0.000
17.323	122.073
17.333	122.907
17.343	122.948
17.353	123.106
17.363	122.877
17.373	122.543
17.383	122.389
17.393	122.261
17.403	122.410
17.413	123.134
17.423	123.603
17.433	123.527
17.443	123.164
17.453	123.125
17.463	123.109
17.473	123.060
17.483	122.995
17.493	123.030
17.503	122.920
17.513	122.980
17.523	123.100
17.533	123.097
17.543	123.097
17.553	123.111
17.563	123.558
17.573	123.692
17.583	0.000
17.593	0.000
17.603	0.000
17.613	0.000
17.623	123.365
17.633	123.394
17.643	123.554
17.653	123.787
17.663	123.905
17.673	123.922
17.683	123.869
17.693	123.703
17.703	123.642
17.713	123.514
17.723	123.258
17.733	122.908
17.743	122.782
17.753	122.689
17.763	123.149
17.773	123.928
17.783	123.570
17.793	124.081
17.803	124.719
17.813	123.570
17.823	124.004
17.833	0.000
17.843	0.000
17.853	0.000
17.863	0.000
17.873	0.000
17.883	0.000
17.893	0.000
17.903	0.000
17.913	0.000
17.923	0.000
17.933	0.000
17.943	0.000
17.953	0.000
17.963	0.000
17.973	0.000
17.983	0.000
17.993	123.413
18.003	123.515
18.013	123.431
18.023	123.531
18.033	123.586
18.043	123.662
18.053	123.784
18.063	123.300
18.073	123.459
18.083	124.584
18.093	124.828
18.103	123.814
18.113	123.732
18.123	123.355
18.133	123.300
18.143	123.291
18.153	123.295
18.163	123.354
18.173	123.159
18.183	123.263
18.193	123.641
18.203	123.359
18.213	122.960
18.223	124.160
18.233	125.134
18.243	124.208
18.253	124.136
18.263	123.998
18.273	124.221
18.283	123.800
18.293	123.432
18.303	123.547
18.313	123.285
18.323	123.371
18.333	123.241
18.343	123.103
18.353	123.754
18.363	125.198
18.373	124.598
18.383	122.557
18.393	122.892
18.403	123.109
18.413	123.027
18.423	123.187
18.433	123.274
18.443	123.239
18.453	123.434
18.463	123.514
18.473	123.510
18.483	123.499
18.493	123.676
18.503	123.756
18.513	124.242
18.523	0.000
18.533	0.000
18.543	0.000
18.553	0.000
18.563	0.000
18.573	0.000
18.583	124.238
18.593	124.526
18.603	124.475
18.613	124.280
18.623	124.193
18.633	124.025
18.643	123.666
18.653	123.690
18.663	123.363
18.673	123.206
18.683	123.947
18.693	124.240
18.703	123.825
18.713	122.501
18.723	122.852
18.733	123.456
18.743	122.971
18.753	122.074
18.763	122.686
18.773	123.557
18.783	120.885
18.793	122.986
18.803	123.808
18.813	123.205
18.823	0.000
18.833	0.000
18.843	0.000
18.853	0.000
18.863	0.000
18.873	0.000
18.883	0.000
18.893	0.000
18.903	0.000
18.913	126.960
18.923	126.928
18.933	126.884
18.943	127.417
18.953	126.698
18.963	125.375
18.973	124.545
18.983	121.931
18.993	0.000
19.003	0.000
19.013	0.000
19.023	124.104
19.033	123.941
19.043	123.828
19.053	123.630
19.063	123.551
19.073	123.544
19.083	123.496
19.093	123.201
19.103	123.343
19.113	124.064
19.123	124.405
19.133	0.000
19.143	0.000
19.153	0.000
19.163	0.000
19.173	123.516
19.183	123.644
19.193	123.186
19.203	122.666
19.213	123.089
19.223	123.303
19.233	123.180
19.243	123.273
19.253	0.000
19.263	0.000
19.273	0.000
19.283	0.000
19.293	0.000
19.303	123.370
19.313	122.996
19.323	123.193
19.333	123.093
19.343	123.136
19.353	123.175
19.363	123.022
19.373	122.990
19.383	122.837
19.393	122.692
19.403	0.000
19.413	0.000
19.423	0.000
19.433	0.000
19.443	0.000
19.453	0.000
19.463	0.000
19.473	109.128
19.483	109.003
19.493	109.060
19.503	109.690
19.513	109.665
19.523	109.102
19.533	109.091
19.543	109.544
19.553	109.651
19.563	109.352
19.573	108.464
19.583	108.437
19.593	109.861
19.603	108.676
19.613	106.592
19.623	106.488
19.633	109.164
19.643	108.506
19.653	105.442
19.663	105.615
19.673	106.795
19.683	106.679
19.693	106.000
19.703	104.101
19.713	105.023
19.723	0.000
19.733	0.000
19.743	0.000
19.753	103.893
19.763	104.725
19.773	105.315
19.783	105.567
19.793	106.079
19.803	106.340
19.813	106.930
19.823	106.302
19.833	107.158
19.843	107.342
19.853	107.115
19.863	106.005
19.873	105.814
19.883	0.000
19.893	103.100
19.903	99.017
19.913	101.594
19.923	107.441
19.933	107.467
19.943	107.744
19.953	107.582
19.963	108.519
19.973	109.072
19.983	108.944
19.993	108.114
20.003	107.574
20.013	107.403
20.023	0.000
20.033	0.000
20.043	0.000
20.053	0.000
20.063	107.245
20.073	108.018
20.083	108.890
20.093	108.678
20.103	109.133
20.113	109.342
20.123	108.789
20.133	108.359
20.143	107.941
20.153	0.000
20.163	0.000
20.173	0.000
20.183	0.000
20.193	107.866
20.203	108.413
20.213	107.012
20.223	107.398
20.233	106.872
20.243	106.776
20.253	107.598
20.263	107.725
20.273	107.804
20.283	107.332
20.293	106.075
20.303	0.000
20.313	0.000
20.323	0.000
20.333	0.000
20.343	0.000
20.353	122.119
20.363	124.663
20.373	124.606
20.383	127.839
20.393	119.586
20.403	122.329
20.413	122.885
20.423	123.639
20.433	121.882
20.443	120.710
20.453	120.821
20.463	121.438
20.473	121.161
20.483	119.926
20.493	118.937
20.503	119.186
20.513	119.999
20.523	120.507
20.533	120.278
20.543	0.000
20.553	0.000
20.563	0.000
20.573	0.000
20.583	0.000
20.593	0.000
20.603	0.000
20.613	0.000
20.623	0.000
20.633	0.000
20.643	0.000
20.653	0.000
20.663	0.000
20.673	0.000
20.683	0.000
20.693	0.000
20.703	121.719
20.713	124.458
20.723	125.170
20.733	125.102
20.743	124.243
20.753	122.138
20.763	121.770
20.773	120.565
20.783	0.000
20.793	0.000
20.803	0.000
20.813	0.000
20.823	0.000
20.833	0.000
20.843	120.943
20.853	119.337
20.863	119.041
20.873	119.007
20.883	119.171
20.893	119.374
20.903	119.132
20.913	119.083
20.923	119.130
20.933	118.984
20.943	0.000
20.953	0.000
20.963	119.894
20.973	121.495
20.983	120.234
20.993	120.937
21.003	120.364
21.013	120.506
21.023	120.290
21.033	120.751
21.043	121.048
21.053	120.286
21.063	120.606
21.073	120.308
21.083	0.000
21.093	0.000
21.103	0.000
21.113	0.000
21.123	121.981
21.133	122.089
21.143	121.975
21.153	121.916
21.163	122.128
21.173	122.035
21.183	122.054
21.193	122.019
21.203	0.000
21.213	0.000
21.223	0.000
21.233	0.000
21.243	0.000
21.253	0.000
21.263	122.397
21.273	122.627
21.283	122.412
21.293	122.340
21.303	122.121
21.313	122.246
21.323	122.140
21.333	121.971
21.343	122.321
21.353	122.521
21.363	123.362
21.373	122.417
21.383	122.327
21.393	121.513
21.403	121.680
21.413	122.220
21.423	122.665
21.433	122.480
21.443	122.463
21.453	0.000
21.463	0.000
21.473	0.000
21.483	0.000
21.493	0.000
21.503	0.000
21.513	0.000
21.523	0.000
21.533	0.000
21.543	0.000
21.553	0.000
21.563	0.000
21.573	0.000
21.583	125.289
21.593	122.761
21.603	122.246
21.613	122.229
21.623	119.846
21.633	118.948
21.643	120.333
21.653	121.670
21.663	121.289
21.673	0.000
21.683	0.000
21.693	0.000
21.703	0.000
21.713	0.000
21.723	0.000
21.733	0.000
21.743	122.572
21.753	122.629
21.763	122.748
21.773	122.423
21.783	122.406
21.793	122.207
21.803	122.079
21.813	122.056
21.823	122.123
21.833	122.799
21.843	0.000
21.853	0.000
21.863	0.000
21.873	124.519
21.883	124.135
21.893	123.673
21.903	121.953
21.913	123.030
21.923	120.191
21.933	119.844
21.943	120.558
21.953	121.486
21.963	122.718
21.973	122.261
21.983	0.000
21.993	122.029
22.003	122.133
22.013	122.358
22.023	122.679
22.033	122.836
22.043	122.810
22.053	122.881
22.063	122.880
22.073	122.843
22.083	122.895
22.093	122.891
22.103	122.980
22.113	123.191
22.123	124.228
22.133	0.000
22.143	0.000
22.153	0.000
22.163	123.443
22.173	123.357
22.183	123.291
22.193	123.308
22.203	122.921
22.213	122.766
22.223	122.564
22.233	122.340
22.243	0.000
22.253	0.000
22.263	0.000
22.273	0.000
22.283	0.000
22.293	0.000
22.303	0.000
22.313	0.000
22.323	0.000
22.333	0.000
22.343	0.000
22.353	0.000
22.363	0.000
22.373	0.000
22.383	0.000
22.393	0.000
22.403	0.000
22.413	0.000
22.423	0.000
22.433	0.000
22.443	0.000
22.453	0.000
22.463	126.537
22.473	0.000
22.483	128.036
22.493	127.136
22.503	126.492
22.513	124.230
22.523	123.345
22.533	126.127
22.543	125.967
22.553	124.281
22.563	123.240
22.573	119.927
22.583	120.248
22.593	0.000
22.603	0.000
22.613	0.000
22.623	0.000
22.633	0.000
22.643	125.553
22.653	124.830
22.663	124.483
22.673	125.309
22.683	126.379
22.693	125.146
22.703	123.641
22.713	121.202
22.723	121.471
22.733	121.492
22.743	0.000
22.753	0.000
22.763	0.000
22.773	0.000
22.783	123.313
22.793	123.327
22.803	123.172
22.813	123.091
22.823	122.681
22.833	122.676
22.843	122.603
22.853	122.728
22.863	123.355
22.873	123.464
22.883	123.689
22.893	122.898
22.903	123.096
22.913	123.002
22.923	122.946
22.933	123.061
22.943	123.030
22.953	123.053
22.963	122.899
22.973	122.868
22.983	122.843
22.993	122.809
23.003	122.526
23.013	122.578
23.023	122.647
23.033	0.000
23.043	0.000
23.053	0.000
23.063	0.000
23.073	107.034
23.083	106.504
23.093	107.316
23.103	107.504
23.113	108.040
23.123	108.102
23.133	107.900
23.143	107.571
23.153	107.367
23.163	107.491
23.173	107.805
23.183	107.912
23.193	107.583
23.203	107.817
23.213	108.632
23.223	107.110
23.233	106.987
23.243	107.529
23.253	108.115
23.263	108.105
23.273	107.576
23.283	106.920
23.293	107.048
23.303	107.219
23.313	107.067
23.323	106.370
23.333	104.962
23.343	0.000
23.353	0.000
23.363	0.000
23.373	0.000
23.383	0.000
23.393	104.786
23.403	105.785
23.413	106.445
23.423	105.729
23.433	106.154
23.443	106.562
23.453	106.462
23.463	106.557
23.473	106.959
23.483	106.953
23.493	0.000
23.503	0.000
23.513	0.000
23.523	0.000
23.533	109.131
23.543	109.009
23.553	109.042
23.563	109.024
23.573	109.151
23.583	108.994
23.593	108.835
23.603	107.649
23.613	106.967
23.623	0.000
23.633	0.000
23.643	0.000
23.653	0.000
23.663	108.450
23.673	108.748
23.683	109.054
23.693	108.891
23.703	108.906
23.713	109.112
23.723	109.159
23.733	108.871
23.743	108.828
23.753	108.496
23.763	107.880
23.773	108.118
23.783	108.136
23.793	108.696
23.803	108.557
23.813	108.580
23.823	109.142
23.833	109.161
23.843	108.908
23.853	108.809
23.863	109.001
23.873	109.106
23.883	108.976
23.893	108.777
23.903	108.644
23.913	108.274
23.923	108.471
23.933	0.000
23.943	0.000
23.953	0.000
23.963	118.530
23.973	118.108
23.983	118.351
23.993	119.352
24.003	121.245
24.013	0.000
24.023	0.000
24.033	122.355
24.043	120.965
24.053	120.957
24.063	0.000
24.073	0.000
24.083	0.000
24.093	0.000
24.103	0.000
24.113	0.000
24.123	0.000
24.133	0.000
24.143	0.000
24.153	0.000
24.163	0.000
24.173	0.000
24.183	0.000
24.193	0.000
24.203	0.000
24.213	0.000
24.223	0.000
24.233	0.000
24.243	0.000
24.253	0.000
24.263	0.000
24.273	0.000
24.283	123.269
24.293	119.893
24.303	121.482
24.313	123.000
24.323	124.490
24.333	124.184
24.343	124.095
24.353	122.854
24.363	0.000
24.373	0.000
24.383	0.000
24.393	0.000
24.403	121.912
24.413	121.834
24.423	121.884
24.433	122.113
24.443	122.212
24.453	122.058
24.463	121.962
24.473	122.010
24.483	122.296
24.493	122.532
24.503	0.000
24.513	0.000
24.523	0.000
24.533	0.000
24.543	0.000
24.553	0.000
24.563	0.000
24.573	0.000
24.583	123.022
24.593	122.940
24.603	122.976
24.613	122.883
24.623	123.057
24.633	123.164
24.643	0.000
24.653	0.000
24.663	0.000
24.673	0.000
24.683	0.000
24.693	122.381
24.703	122.373
24.713	122.509
24.723	122.641
24.733	122.640
24.743	122.865
24.753	122.676
24.763	122.880
24.773	123.566
24.783	0.000
24.793	0.000
24.803	0.000
24.813	0.000
24.823	0.000
24.833	0.000
24.843	0.000
24.853	123.630
24.863	123.566
24.873	123.462
24.883	123.319
24.893	122.920
24.903	122.669
24.913	123.262
24.923	123.244
24.933	0.000
24.943	0.000
24.953	0.000
24.963	0.000
24.973	0.000
24.983	0.000
24.993	0.000
25.003	0.000
25.013	0.000
25.023	0.000
25.033	0.000
25.043	0.000
25.053	0.000
25.063	0.000
25.073	0.000
25.083	0.000
25.093	0.000
25.103	0.000
25.113	0.000
25.123	0.000
25.133	0.000
25.143	0.000
25.153	0.000
25.163	0.000
25.173	0.000
25.183	0.000
25.193	122.900
25.203	123.239
25.213	122.882
25.223	122.919
25.233	122.815
25.243	122.691
25.253	122.804
25.263	122.985
25.273	123.572
25.283	124.615
25.293	123.917
25.303	121.868
25.313	121.822
25.323	122.008
25.333	122.459
25.343	122.897
25.353	123.009
25.363	122.892
25.373	123.018
25.383	123.142
25.393	123.253
25.403	123.446
25.413	123.908
25.423	0.000
25.433	0.000
25.443	0.000
25.453	122.829
25.463	123.006
25.473	122.985
25.483	123.042
25.493	123.043
25.503	122.939
25.513	122.881
25.523	122.971
25.533	123.123
25.543	123.423
25.553	124.146
25.563	124.684
25.573	123.651
25.583	122.808
25.593	122.569
25.603	122.663
25.613	122.879
25.623	123.003
25.633	123.004
25.643	123.101
25.653	123.263
25.663	123.361
25.673	123.448
25.683	123.586
25.693	124.140
25.703	0.000
25.713	0.000
25.723	0.000
25.733	122.955
25.743	123.419
25.753	123.415
25.763	123.621
25.773	123.586
25.783	123.208
25.793	123.219
25.803	122.971
25.813	122.763
25.823	122.854
25.833	123.291
25.843	124.117
25.853	123.891
25.863	123.936
25.873	123.262
25.883	123.099
25.893	123.073
25.903	122.816
25.913	122.711
25.923	122.743
25.933	123.132
25.943	0.000
25.953	0.000
25.963	0.000
25.973	0.000
25.983	0.000
25.993	0.000
26.003	0.000
26.013	0.000
26.023	0.000
26.033	0.000
26.043	0.000
26.053	0.000
26.063	0.000
26.073	0.000
26.083	133.575
26.093	130.082
26.103	130.863
26.113	128.727
26.123	126.497
26.133	124.705
26.143	122.746
26.153	121.800
26.163	120.741
26.173	121.536
26.183	0.000
26.193	0.000
26.203	125.766
26.213	125.376
26.223	124.759
26.233	123.455
26.243	122.053
26.253	120.738
26.263	120.515
26.273	120.801
26.283	120.584
26.293	119.600
26.303	119.858
26.313	124.558
26.323	0.000
26.333	128.435
26.343	127.408
26.353	126.853
26.363	127.461
26.373	125.975
26.383	123.891
26.393	123.487
26.403	123.697
26.413	124.106
26.423	122.691
26.433	122.035
26.443	123.300
26.453	126.800
26.463	127.051
26.473	126.267
26.483	0.000
26.493	0.000
26.503	123.046
26.513	123.235
26.523	123.106
26.533	123.215
26.543	123.181
26.553	123.266
26.563	123.302
26.573	123.310
26.583	123.312
26.593	123.473
26.603	123.409
26.613	0.000
26.623	0.000
26.633	0.000
26.643	0.000
26.653	108.213
26.663	108.837
26.673	109.353
26.683	109.483
26.693	109.501
26.703	109.641
26.713	109.785
26.723	109.766
26.733	109.588
26.743	109.617
26.753	109.906
26.763	109.883
26.773	109.841
26.783	109.798
26.793	109.789
26.803	109.349
26.813	109.077
26.823	109.498
26.833	109.739
26.843	109.330
26.853	108.782
26.863	109.474
26.873	110.040
26.883	109.665
26.893	108.636
26.903	108.561
26.913	109.945
26.923	109.788
26.933	108.239
26.943	108.151
26.953	108.000
26.963	0.000
26.973	0.000
26.983	0.000
26.993	0.000
27.003	108.370
27.013	108.509
27.023	108.832
27.033	109.161
27.043	109.649
27.053	109.444
27.063	109.152
27.073	109.130
27.083	109.336
27.093	110.071
27.103	109.534
27.113	108.730
27.123	108.265
27.133	108.103
27.143	105.883
27.153	0.000
27.163	0.000
27.173	106.809
27.183	106.598
27.193	106.884
27.203	106.835
27.213	107.542
27.223	107.050
27.233	106.937
27.243	106.760
27.253	107.392
27.263	107.627
27.273	0.000
27.283	0.000
27.293	107.478
27.303	108.367
27.313	109.081
27.323	109.174
27.333	109.340
27.343	109.373
27.353	109.563
27.363	109.579
27.373	109.440
27.383	109.033
27.393	108.640
27.403	108.881
27.413	109.258
27.423	109.521
27.433	108.487
27.443	108.197
27.453	108.639
27.463	108.797
27.473	108.853
27.483	109.064
27.493	109.010
27.503	109.047
27.513	109.138
27.523	109.005
27.533	0.000
27.543	0.000
27.553	0.000
27.563	0.000
27.573	0.000
27.583	0.000
27.593	0.000
27.603	0.000
27.613	0.000
27.623	123.050
27.633	123.205
27.643	123.093
27.653	122.990
27.663	122.818
27.673	123.007
27.683	123.038
27.693	123.021
27.703	123.084
27.713	122.748
27.723	121.783
27.733	122.229
27.743	0.000
27.753	0.000
27.763	0.000
27.773	0.000
27.783	0.000
27.793	0.000
27.803	0.000
27.813	0.000
27.823	0.000
27.833	0.000
27.843	0.000
27.853	0.000
27.863	0.000
27.873	0.000
27.883	120.119
27.893	121.930
27.903	124.423
27.913	125.594
27.923	121.485
27.933	125.093
27.943	125.184
27.953	124.497
27.963	0.000
27.973	0.000
27.983	0.000
27.993	0.000
28.003	0.000
28.013	121.808
28.023	120.662
28.033	121.879
28.043	123.043
28.053	122.581
28.063	121.819
28.073	121.827
28.083	121.981
28.093	121.878
28.103	121.558
28.113	0.000
28.123	0.000
28.133	0.000
28.143	0.000
28.153	0.000
28.163	123.614
28.173	123.479
28.183	123.198
28.193	123.230
28.203	122.991
28.213	122.877
28.223	122.709
28.233	122.794
28.243	122.830
28.253	122.958
28.263	123.915
28.273	123.879
28.283	0.000
28.293	0.000
28.303	122.933
28.313	122.913
28.323	122.946
28.333	123.071
28.343	123.053
28.353	123.185
28.363	123.104
28.373	123.061
28.383	123.023
28.393	123.005
28.403	122.879
28.413	122.992
28.423	123.040
28.433	0.000
28.443	0.000
28.453	0.000
28.463	108.258
28.473	108.256
28.483	109.334
28.493	109.354
28.503	109.189
28.513	108.892
28.523	109.220
28.533	109.681
28.543	109.875
28.553	109.148
28.563	108.849
28.573	109.231
28.583	109.755
28.593	107.706
28.603	107.094
28.613	108.096
28.623	110.048
28.633	109.483
28.643	106.687
28.653	106.785
28.663	108.803
28.673	109.047
28.683	105.931
28.693	105.380
28.703	108.490
28.713	106.367
28.723	104.646
28.733	104.997
28.743	105.359
28.753	0.000
28.763	0.000
28.773	0.000
28.783	0.000
28.793	108.866
28.803	109.011
28.813	109.164
28.823	108.747
28.833	108.851
28.843	109.427
28.853	109.369
28.863	108.985
28.873	108.700
28.883	108.222
28.893	107.817
28.903	107.239
28.913	107.506
28.923	102.681
28.933	107.505
28.943	107.605
28.953	107.787
28.963	108.451
28.973	108.834
28.983	107.895
28.993	107.894
29.003	0.000
29.013	0.000
29.023	0.000
29.033	0.000
29.043	108.581
29.053	108.759
29.063	108.908
29.073	108.756
29.083	109.132
29.093	109.015
29.103	109.261
29.113	109.546
29.123	109.848
29.133	109.795
29.143	108.993
29.153	0.000
29.163	0.000
29.173	0.000
29.183	0.000
29.193	108.909
29.203	109.171
29.213	109.421
29.223	109.574
29.233	109.785
29.243	109.821
29.253	109.765
29.263	109.731
29.273	109.917
29.283	110.129
29.293	109.894
29.303	0.000
29.313	0.000
29.323	0.000
29.333	108.371
29.343	109.105
29.353	109.752
29.363	109.558
29.373	109.523
29.383	109.987
29.393	109.968
29.403	110.105
29.413	109.800
29.423	109.894
29.433	110.206
29.443	110.582
29.453	109.006
29.463	108.110
29.473	109.527
29.483	110.706
29.493	108.188
29.503	107.609
29.513	109.323
29.523	109.638
29.533	106.908
29.543	106.868
29.553	107.996
29.563	0.000
29.573	0.000
29.583	0.000
29.593	0.000
29.603	0.000
29.613	0.000
29.623	0.000
29.633	107.043
29.643	106.837
29.653	107.469
29.663	107.911
29.673	108.203
29.683	108.299
29.693	106.919
29.703	106.941
29.713	106.740
29.723	0.000
29.733	0.000
29.743	0.000
29.753	0.000
29.763	106.835
29.773	107.919
29.783	108.919
29.793	108.894
29.803	108.323
29.813	108.205
29.823	108.779
29.833	109.256
29.843	108.947
29.853	108.453
29.863	107.948
29.873	108.008
29.883	107.705
29.893	108.140
29.903	108.437
29.913	109.002
29.923	109.112
29.933	109.458
29.943	109.536
29.953	109.402
29.963	109.460
29.973	109.714
29.983	109.735
29.993	109.354
30.003	109.745
30.013	108.786
30.023	107.973
30.033	107.839
30.043	107.758
30.053	108.373
30.063	109.520
30.073	109.590
30.083	109.388
30.093	109.402
30.103	109.462
30.113	109.540
30.123	109.720
30.133	0.000
30.143	0.000
30.153	104.274
30.163	105.789
30.173	107.042
30.183	107.354
30.193	108.356
30.203	107.530
30.213	106.809
30.223	106.507
30.233	106.663
30.243	107.043
30.253	107.326
30.263	107.412
30.273	107.661
30.283	107.704
30.293	108.307
30.303	107.758
30.313	107.181
30.323	108.019
30.333	107.659
30.343	108.401
30.353	107.203
30.363	107.346
30.373	107.715
30.383	107.998
30.393	0.000
30.403	0.000
30.413	0.000
30.423	0.000
30.433	0.000
30.443	0.000
30.453	0.000
30.463	0.000
30.473	0.000
30.483	107.852
30.493	108.361
30.503	108.441
30.513	108.528
30.523	107.393
30.533	108.548
30.543	109.332
30.553	109.054
30.563	108.952
30.573	0.000
30.583	0.000
30.593	0.000
30.603	108.208
30.613	108.262
30.623	108.299
30.633	108.933
30.643	109.439
30.653	109.218
30.663	108.819
30.673	108.894
30.683	109.236
30.693	109.482
30.703	109.288
30.713	109.277
30.723	107.072
30.733	106.447
30.743	108.242
30.753	108.909
30.763	108.784
30.773	108.492
30.783	109.141
30.793	109.486
30.803	109.358
30.813	107.843
30.823	0.000
30.833	0.000
30.843	0.000
30.853	0.000
30.863	0.000
30.873	0.000
30.883	0.000
30.893	108.553
30.903	108.046
30.913	107.747
30.923	107.463
30.933	107.561
30.943	107.617
30.953	107.556
30.963	107.296
30.973	106.313
30.983	0.000
30.993	0.000
31.003	0.000
31.013	0.000
31.023	108.527
31.033	109.462
31.043	109.054
31.053	108.433
31.063	107.917
31.073	109.587
31.083	110.383
31.093	109.088
31.103	108.307
31.113	109.914
31.123	110.399
31.133	108.398
31.143	106.152
31.153	107.519
31.163	108.638
31.173	107.031
31.183	105.204
31.193	104.542
31.203	0.000
31.213	0.000
31.223	0.000
31.233	0.000
31.243	0.000
31.253	0.000
31.263	0.000
31.273	0.000
31.283	0.000
31.293	0.000
31.303	0.000
31.313	0.000
31.323	106.599
31.333	104.791
31.343	104.339
31.353	103.363
31.363	0.000
31.373	0.000
31.383	104.802
31.393	105.870
31.403	105.713
31.413	105.485
31.423	105.595
31.433	0.000
31.443	0.000
31.453	0.000
31.463	0.000
31.473	108.672
31.483	108.697
31.493	108.953
31.503	109.775
31.513	109.728
31.523	109.539
31.533	109.222
31.543	109.347
31.553	109.587
31.563	109.538
31.573	108.485
31.583	0.000
31.593	0.000
31.603	107.143
31.613	106.464
31.623	106.283
31.633	106.415
31.643	107.103
31.653	106.973
31.663	106.959
31.673	107.093
31.683	107.283
31.693	0.000
31.703	0.000
31.713	0.000
31.723	0.000
31.733	0.000
31.743	107.867
31.753	108.107
31.763	107.306
31.773	107.606
31.783	107.522
31.793	107.296
31.803	107.131
31.813	107.105
31.823	107.284
31.833	107.471
31.843	107.481
31.853	0.000
31.863	0.000
31.873	0.000
31.883	0.000
31.893	0.000
31.903	126.686
31.913	128.048
31.923	128.469
31.933	128.461
31.943	126.470
31.953	124.695
31.963	127.652
31.973	126.979
31.983	126.613
31.993	126.421
32.003	125.598
32.013	0.000
32.023	0.000
32.033	124.457
32.043	124.656
32.053	123.940
32.063	124.354
32.073	0.000
32.083	0.000
32.093	0.000
32.103	0.000
32.113	0.000
32.123	0.000
32.133	0.000
32.143	0.000
32.153	0.000
32.163	0.000
32.173	0.000
32.183	0.000
32.193	0.000
32.203	0.000
32.213	136.140
32.223	133.593
32.233	130.487
32.243	129.005
32.253	127.329
32.263	127.061
32.273	124.575
32.283	124.100
32.293	125.636
32.303	125.931
32.313	126.052
32.323	126.875
32.333	126.990
32.343	126.609
32.353	126.308
32.363	126.184
32.373	127.444
32.383	127.469
32.393	125.358
32.403	124.334
32.413	123.809
32.423	124.092
32.433	125.004
32.443	126.278
32.453	125.606
32.463	124.646
32.473	122.782
32.483	119.020
32.493	0.000
32.503	0.000
32.513	118.610
32.523	125.214
32.533	124.121
32.543	121.367
32.553	120.604
32.563	120.402
32.573	120.323
32.583	122.675
32.593	124.272
32.603	124.672
32.613	125.770
32.623	127.105
32.633	127.592
32.643	124.903
32.653	125.763
32.663	122.602
32.673	125.464
32.683	127.356
32.693	127.561
32.703	0.000
32.713	0.000
32.723	0.000
32.733	0.000
32.743	0.000
32.753	0.000
32.763	0.000
32.773	0.000
32.783	0.000
32.793	0.000
32.803	93.050
32.813	92.509
32.823	92.471
32.833	92.597
32.843	92.596
32.853	92.621
32.863	92.661
32.873	92.554
32.883	92.447
32.893	92.482
32.903	92.446
32.913	92.541
32.923	92.524
32.933	92.436
32.943	92.353
32.953	92.313
32.963	92.402
32.973	92.526
32.983	92.476
32.993	92.540
33.003	92.499
33.013	92.833
33.023	92.492
33.033	92.403
33.043	92.812
33.053	93.594
33.063	0.000
33.073	0.000
33.083	0.000
33.093	0.000
33.103	0.000
33.113	0.000
33.123	90.814
33.133	90.834
33.143	90.999
33.153	90.835
33.163	91.132
33.173	91.738
33.183	91.900
33.193	92.201
33.203	92.258
33.213	92.189
33.223	91.938
33.233	91.583
33.243	91.296
33.253	91.228
33.263	91.220
33.273	91.287
33.283	91.513
33.293	91.652
33.303	91.916
33.313	92.258
33.323	92.322
33.333	92.254
33.343	92.122
33.353	91.988
33.363	91.985
33.373	91.919
33.383	91.772
33.393	91.634
33.403	91.340
33.413	91.229
33.423	91.275
33.433	91.328
33.443	91.573
33.453	92.205
33.463	92.604
33.473	92.685
33.483	92.583
33.493	92.239
33.503	92.131
33.513	92.105
33.523	92.126
33.533	92.160
33.543	92.104
33.553	91.744
33.563	91.246
33.573	91.124
33.583	91.114
33.593	91.331
33.603	91.640
33.613	91.828
33.623	92.367
33.633	92.562
33.643	92.398
33.653	92.107
33.663	91.252
33.673	90.861
33.683	92.079
33.693	91.595
33.703	91.599
33.713	91.355
33.723	90.940
33.733	90.953
33.743	91.071
33.753	91.299
33.763	92.115
33.773	92.832
33.783	92.903
33.793	92.960
33.803	93.293
33.813	92.890
33.823	92.258
33.833	92.155
33.843	92.027
33.853	92.310
33.863	92.184
33.873	92.030
33.883	91.912
33.893	91.950
33.903	92.055
33.913	92.257
33.923	92.498
33.933	92.653
33.943	92.897
33.953	92.987
33.963	93.111
33.973	92.999
33.983	92.786
33.993	91.377
34.003	92.295
34.013	0.000
34.023	0.000
34.033	0.000
34.043	0.000
34.053	0.000
34.063	0.000
34.073	92.117
34.083	91.881
34.093	91.492
34.103	92.201
34.113	92.407
34.123	92.677
34.133	92.835
34.143	92.851
34.153	92.726
34.163	92.549
34.173	92.282
34.183	91.695
34.193	91.398
34.203	91.293
34.213	91.576
34.223	91.687
34.233	92.231
34.243	92.655
34.253	92.743
34.263	92.691
34.273	92.574
34.283	92.641
34.293	92.620
34.303	92.622
34.313	92.659
34.323	92.589
34.333	92.470
34.343	92.175
34.353	91.859
34.363	91.787
34.373	91.760
34.383	91.993
34.393	92.365
34.403	92.597
34.413	92.850
34.423	92.979
34.433	92.925
34.443	92.859
34.453	92.789
34.463	92.803
34.473	92.886
34.483	92.904
34.493	92.888
34.503	92.845
34.513	92.777
34.523	92.805
34.533	93.100
34.543	93.411
34.553	93.391
34.563	93.214
34.573	92.867
34.583	93.024
34.593	93.493
34.603	0.000
34.613	0.000
34.623	0.000
34.633	128.850
34.643	128.740
34.653	127.610
34.663	127.332
34.673	127.392
34.683	127.355
34.693	127.429
34.703	127.405
34.713	127.113
34.723	127.675
34.733	126.892
34.743	126.356
34.753	125.773
34.763	125.826
34.773	0.000
34.783	0.000
34.793	0.000
34.803	0.000
34.813	0.000
34.823	0.000
34.833	0.000
34.843	0.000
34.853	0.000
34.863	0.000
34.873	0.000
34.883	0.000
34.893	0.000
34.903	0.000
34.913	0.000
34.923	0.000
34.933	0.000
34.943	0.000
34.953	0.000
34.963	0.000
34.973	123.984
34.983	124.263
34.993	124.374
35.003	124.493
35.013	124.821
35.023	125.115
35.033	125.430
35.043	125.603
35.053	125.673
35.063	125.675
35.073	125.505
35.083	125.144
35.093	124.980
35.103	124.487
35.113	124.030
35.123	123.778
35.133	123.550
35.143	123.795
35.153	124.330
35.163	124.591
35.173	125.147
35.183	125.424
35.193	125.513
35.203	125.565
35.213	125.661
35.223	125.868
35.233	125.838
35.243	125.520
35.253	125.051
35.263	124.314
35.273	123.770
35.283	123.148
35.293	122.711
35.303	122.909
35.313	123.315
35.323	123.972
35.333	124.797
35.343	125.052
35.353	125.381
35.363	125.429
35.373	125.567
35.383	125.645
35.393	125.721
35.403	125.707
35.413	125.485
35.423	125.129
35.433	124.513
35.443	123.754
35.453	123.256
35.463	123.031
35.473	123.491
35.483	0.000
35.493	0.000
35.503	0.000
35.513	0.000
35.523	126.158
35.533	126.255
35.543	126.098
35.553	125.951
35.563	125.824
35.573	125.326
35.583	125.043
35.593	124.604
35.603	124.500
35.613	124.203
35.623	124.187
35.633	123.928
35.643	124.234
35.653	124.199
35.663	124.726
35.673	124.352
35.683	125.243
35.693	125.061
35.703	124.801
35.713	125.219
35.723	124.507
35.733	0.000
35.743	0.000
35.753	0.000
35.763	0.000
35.773	0.000
35.783	0.000
35.793	0.000
35.803	0.000
35.813	0.000
35.823	0.000
35.833	0.000
35.843	0.000
35.853	0.000
35.863	0.000
35.873	123.818
35.883	123.944
35.893	123.785
35.903	123.459
35.913	123.501
35.923	123.606
35.933	124.091
35.943	124.722
35.953	125.022
35.963	125.586
35.973	125.875
35.983	125.978
35.993	125.998
36.003	126.112
36.013	125.911
36.023	125.551
36.033	125.399
36.043	124.719
36.053	124.247
36.063	123.797
36.073	123.335
36.083	123.216
36.093	123.531
36.103	123.651
36.113	124.328
36.123	124.902
36.133	125.104
36.143	125.343
36.153	125.430
36.163	125.604
36.173	125.709
36.183	125.781
36.193	125.827
36.203	125.318
36.213	124.885
36.223	124.450
36.233	124.210
36.243	124.288
36.253	124.694
36.263	125.002
36.273	124.796
36.283	124.753
36.293	0.000
36.303	0.000
36.313	0.000
36.323	0.000
36.333	0.000
36.343	0.000
36.353	0.000
36.363	0.000
36.373	0.000
36.383	0.000
36.393	0.000
36.403	0.000
36.413	92.589
36.423	92.896
36.433	93.376
36.443	94.179
36.453	94.580
36.463	94.588
36.473	94.210
36.483	93.894
36.493	93.764
36.503	93.907
36.513	94.330
36.523	94.418
36.533	94.316
36.543	94.085
36.553	93.903
36.563	94.719
36.573	95.368
36.583	96.507
36.593	95.660
36.603	95.209
36.613	95.533
36.623	95.601
36.633	94.880
36.643	94.824
36.653	94.379
36.663	93.490
36.673	0.000
36.683	0.000
36.693	0.000
36.703	0.000
36.713	0.000
36.723	0.000
36.733	93.877
36.743	93.730
36.753	93.476
36.763	93.165
36.773	93.083
36.783	93.124
36.793	93.362
36.803	93.968
36.813	94.440
36.823	94.511
36.833	94.526
36.843	94.449
36.853	94.566
36.863	94.653
36.873	94.866
36.883	94.941
36.893	94.934
36.903	94.783
36.913	94.493
36.923	93.884
36.933	93.478
36.943	93.204
36.953	93.230
36.963	93.320
36.973	93.709
36.983	94.105
36.993	94.421
37.003	94.392
37.013	94.317
37.023	94.266
37.033	94.386
37.043	94.504
37.053	94.490
37.063	94.081
37.073	93.627
37.083	92.872
37.093	92.687
37.103	92.686
37.113	92.862
37.123	93.233
37.133	93.346
37.143	93.410
37.153	93.538
37.163	93.424
37.173	93.524
37.183	93.524
37.193	93.703
37.203	93.608
37.213	93.416
37.223	93.144
37.233	92.954
37.243	92.915
37.253	92.852
37.263	0.000
37.273	0.000
37.283	0.000
37.293	0.000
37.303	93.410
37.313	93.614
37.323	93.665
37.333	93.651
37.343	93.710
37.353	93.563
37.363	93.456
37.373	93.061
37.383	92.846
37.393	93.007
37.403	93.179
37.413	93.547
37.423	93.763
37.433	93.695
37.443	93.383
37.453	93.095
37.463	93.415
37.473	93.849
37.483	94.781
37.493	95.129
37.503	95.037
37.513	96.101
37.523	95.961
37.533	94.701
37.543	94.701
37.553	93.653
37.563	94.151
37.573	96.654
37.583	96.985
37.593	93.554
37.603	93.267
37.613	93.500
37.623	93.935
37.633	93.900
37.643	93.447
37.653	93.070
37.663	92.750
37.673	92.440
37.683	92.445
37.693	92.838
37.703	93.472
37.713	93.808
37.723	93.878
37.733	93.742
37.743	93.695
37.753	93.709
37.763	93.812
37.773	93.967
37.783	93.908
37.793	93.811
37.803	93.298
37.813	92.960
37.823	93.091
37.833	93.157
37.843	93.553
37.853	93.799
37.863	93.856
37.873	94.014
37.883	94.072
37.893	94.161
37.903	94.156
37.913	94.087
37.923	94.095
37.933	93.969
37.943	93.865
37.953	93.768
37.963	93.811
37.973	93.806
37.983	93.704
37.993	93.186
38.003	93.027
38.013	93.066
38.023	93.326
38.033	93.738
38.043	93.992
38.053	93.971
38.063	93.834
38.073	93.680
38.083	93.604
38.093	94.072
38.103	94.077
38.113	93.639
38.123	93.290
38.133	93.127
38.143	93.828
38.153	0.000
38.163	0.000
38.173	0.000
38.183	0.000
38.193	0.000
38.203	0.000
38.213	125.011
38.223	124.890
38.233	125.076
38.243	124.964
38.253	124.468
38.263	124.371
38.273	124.128
38.283	124.570
38.293	124.624
38.303	124.803
38.313	124.762
38.323	124.731
38.333	124.645
38.343	124.506
38.353	124.778
38.363	124.346
38.373	125.257
38.383	124.304
38.393	0.000
38.403	0.000
38.413	0.000
38.423	0.000
38.433	0.000
38.443	0.000
38.453	0.000
38.463	0.000
38.473	0.000
38.483	0.000
38.493	0.000
38.503	0.000
38.513	0.000
38.523	124.139
38.533	124.326
38.543	124.474
38.553	124.820
38.563	125.403
38.573	125.742
38.583	125.961
38.593	125.927
38.603	126.006
38.613	125.959
38.623	125.878
38.633	125.580
38.643	125.011
38.653	124.728
38.663	124.390
38.673	124.014
38.683	123.653
38.693	123.624
38.703	123.917
38.713	124.420
38.723	125.066
38.733	125.268
38.743	125.369
38.753	125.200
38.763	125.106
38.773	125.046
38.783	125.007
38.793	124.920
38.803	124.959
38.813	124.774
38.823	124.765
38.833	124.265
38.843	124.551
38.853	0.000
38.863	0.000
38.873	0.000
38.883	0.000
38.893	0.000
38.903	0.000
38.913	0.000
38.923	0.000
38.933	0.000
38.943	0.000
38.953	0.000
38.963	0.000
38.973	0.000
38.983	0.000
38.993	0.000
39.003	0.000
39.013	0.000
39.023	0.000
39.033	0.000
39.043	0.000
39.053	0.000
39.063	0.000
39.073	0.000
39.083	74.874
39.093	75.224
39.103	75.616
39.113	75.486
39.123	75.494
39.133	75.657
39.143	75.528
39.153	75.698
39.163	75.671
39.173	75.206
39.183	75.240
39.193	75.276
39.203	75.180
39.213	75.341
39.223	75.156
39.233	74.978
39.243	74.856
39.253	74.839
39.263	75.449
39.273	75.182
39.283	75.028
39.293	74.943
39.303	75.180
39.313	75.128
39.323	74.482
39.333	74.149
39.343	74.125
39.353	74.453
39.363	74.440
39.373	74.339
39.383	74.430
39.393	0.000
39.403	0.000
39.413	0.000
39.423	74.026
39.433	75.231
39.443	75.265
39.453	75.115
39.463	74.908
39.473	74.975
39.483	76.146
39.493	76.387
39.503	76.655
39.513	76.082
39.523	76.639
39.533	76.006
39.543	75.429
39.553	75.094
39.563	75.164
39.573	75.781
39.583	75.594
39.593	75.540
39.603	75.542
39.613	75.693
39.623	75.533
39.633	75.537
39.643	75.629
39.653	75.813
39.663	75.748
39.673	75.650
39.683	75.654
39.693	75.516
39.703	75.362
39.713	75.299
39.723	75.671
39.733	75.319
39.743	74.984
39.753	75.306
39.763	75.519
39.773	74.795
39.783	74.439
39.793	75.026
39.803	75.730
39.813	76.109
39.823	76.800
39.833	79.423
39.843	85.441
39.853	87.325
39.863	85.898
39.873	86.020
39.883	87.389
39.893	89.910
39.903	89.871
39.913	0.000
39.923	0.000
39.933	0.000
39.943	0.000
39.953	0.000
39.963	0.000
39.973	0.000
39.983	0.000
39.993	0.000
40.003	0.000
40.013	104.800
40.023	108.335
40.033	108.499
40.043	108.786
40.053	109.530
40.063	109.484
40.073	108.823
40.083	108.395
40.093	108.469
40.103	108.580
40.113	108.452
40.123	108.313
40.133	107.141
40.143	107.076
40.153	106.738
40.163	107.078
40.173	107.112
40.183	107.516
40.193	108.011
40.203	108.546
40.213	108.676
40.223	108.535
40.233	107.574
40.243	108.616
40.253	108.363
40.263	108.972
40.273	108.627
40.283	108.878
40.293	110.585
40.303	106.030
40.313	101.926
40.323	100.264
40.333	104.613
40.343	106.203
40.353	107.387
40.363	108.345
40.373	108.918
40.383	109.971
40.393	110.260
40.403	110.076
40.413	109.212
40.423	109.249
40.433	109.341
40.443	108.294
40.453	107.692
40.463	107.202
40.473	107.442
40.483	107.736
40.493	108.226
40.503	108.541
40.513	109.314
40.523	109.465
40.533	109.757
40.543	109.570
40.553	109.559
40.563	109.273
40.573	109.055
40.583	108.641
40.593	108.270
40.603	107.748
40.613	107.573
40.623	107.789
40.633	106.837
40.643	107.059
40.653	107.601
40.663	107.667
40.673	107.828
40.683	107.871
40.693	107.958
40.703	107.819
40.713	107.930
40.723	109.638
40.733	109.608
40.743	109.360
40.753	108.860
40.763	108.978
40.773	109.222
40.783	108.743
40.793	0.000
40.803	0.000
40.813	0.000
40.823	0.000
40.833	0.000
40.843	0.000
40.853	0.000
40.863	0.000
40.873	0.000
40.883	0.000
40.893	0.000
40.903	0.000
40.913	0.000
40.923	0.000
40.933	81.080
40.943	85.748
40.953	86.392
40.963	85.625
40.973	85.478
40.983	85.155
40.993	84.860
41.003	85.043
41.013	86.013
41.023	85.192
41.033	85.702
41.043	87.970
41.053	87.501
41.063	86.125
41.073	84.818
41.083	85.010
41.093	85.283
41.103	85.732
41.113	85.709
41.123	86.437
41.133	0.000
41.143	0.000
41.153	0.000
41.163	0.000
41.173	0.000
41.183	0.000
41.193	0.000
41.203	0.000
41.213	0.000
41.223	0.000
41.233	0.000
41.243	0.000
41.253	0.000
41.263	0.000
41.273	0.000
41.283	0.000
41.293	0.000
41.303	0.000
41.313	83.360
41.323	83.050
41.333	83.465
41.343	83.248
41.353	83.111
41.363	83.233
41.373	83.639
41.383	83.299
41.393	0.000
41.403	0.000
41.413	0.000
41.423	0.000
41.433	0.000
41.443	0.000
41.453	83.756
41.463	83.463
41.473	83.397
41.483	83.481
41.493	83.646
41.503	83.724
41.513	83.732
41.523	84.020
41.533	83.924
41.543	83.605
41.553	82.877
41.563	82.726
41.573	83.426
41.583	83.468
41.593	83.411
41.603	83.267
41.613	83.462
41.623	83.784
41.633	83.839
41.643	83.553
41.653	83.605
41.663	83.599
41.673	83.395
41.683	83.427
41.693	83.693
41.703	0.000
41.713	0.000
41.723	0.000
41.733	0.000
41.743	0.000
41.753	0.000
41.763	0.000
41.773	0.000
41.783	0.000
41.793	0.000
41.803	0.000
41.813	0.000
41.823	0.000
41.833	122.924
41.843	123.120
41.853	123.697
41.863	123.520
41.873	123.612
41.883	123.091
41.893	122.634
41.903	122.802
41.913	122.950
41.923	122.836
41.933	122.830
41.943	122.928
41.953	123.032
41.963	123.159
41.973	123.248
41.983	123.517
41.993	123.533
42.003	122.765
42.013	123.143
42.023	122.452
42.033	122.603
42.043	122.738
42.053	122.872
42.063	0.000
42.073	0.000
42.083	0.000
42.093	0.000
42.103	0.000
42.113	0.000
42.123	0.000
42.133	0.000
42.143	0.000
42.153	122.700
42.163	122.509
42.173	122.832
42.183	122.781
42.193	122.574
42.203	123.206
42.213	123.736
42.223	124.052
42.233	124.271
42.243	124.341
42.253	124.177
42.263	124.056
42.273	123.791
42.283	123.291
42.293	122.614
42.303	122.316
42.313	121.622
42.323	121.366
42.333	121.386
42.343	121.557
42.353	122.114
42.363	122.531
42.373	122.717
42.383	123.297
42.393	123.549
42.403	123.932
42.413	124.051
42.423	124.155
42.433	124.149
42.443	123.853
42.453	123.474
42.463	122.803
42.473	122.231
42.483	122.025
42.493	121.852
42.503	121.908
42.513	122.201
42.523	122.236
42.533	122.674
42.543	123.079
42.553	123.432
42.563	123.804
42.573	124.116
42.583	124.433
42.593	124.308
42.603	124.258
42.613	123.932
42.623	123.857
42.633	123.223
42.643	122.737
42.653	122.241
42.663	122.017
42.673	121.743
42.683	121.325
42.693	121.016
42.703	121.216
42.713	0.000
42.723	0.000
42.733	0.000
42.743	0.000
42.753	0.000
42.763	124.821
42.773	124.735
42.783	124.627
42.793	124.473
42.803	124.299
42.813	123.913
42.823	123.383
42.833	123.214
42.843	123.369
42.853	123.340
42.863	123.342
42.873	123.259
42.883	123.317
42.893	123.287
42.903	123.265
42.913	123.302
42.923	123.210
42.933	123.143
42.943	122.942
42.953	123.205
42.963	122.996
42.973	0.000
42.983	0.000
42.993	0.000
43.003	0.000
43.013	0.000
43.023	0.000
43.033	0.000
43.043	0.000
43.053	0.000
43.063	0.000
43.073	124.064
43.083	123.611
43.093	123.247
43.103	122.829
43.113	122.849
43.123	122.227
43.133	122.079
43.143	122.073
43.153	122.168
43.163	122.307
43.173	122.485
43.183	122.894
43.193	123.305
43.203	123.501
43.213	123.721
43.223	123.925
43.233	123.940
43.243	123.910
43.253	123.728
43.263	123.357
43.273	123.237
43.283	122.648
43.293	122.247
43.303	122.053
43.313	122.002
43.323	122.147
43.333	122.362
43.343	122.478
43.353	122.746
43.363	123.156
43.373	123.427
43.383	123.461
43.393	123.769
43.403	123.895
43.413	123.700
43.423	123.545
43.433	123.254
43.443	122.860
43.453	122.699
43.463	122.761
43.473	122.909
43.483	123.176
43.493	123.260
43.503	123.455
43.513	123.547
43.523	123.608
43.533	123.664
43.543	123.593
43.553	123.599
43.563	123.538
43.573	123.366
43.583	122.967
43.593	122.705
43.603	123.276
43.613	0.000
43.623	0.000
43.633	0.000
43.643	0.000
43.653	109.194
43.663	108.831
43.673	108.980
43.683	108.613
43.693	106.980
43.703	106.952
43.713	107.460
43.723	107.531
43.733	107.304
43.743	107.315
43.753	107.490
43.763	107.826
43.773	107.750
43.783	107.693
43.793	107.790
43.803	107.938
43.813	107.850
43.823	107.433
43.833	107.829
43.843	107.618
43.853	107.994
43.863	108.122
43.873	107.327
43.883	107.616
43.893	107.724
43.903	106.904
43.913	0.000
43.923	0.000
43.933	106.037
43.943	107.197
43.953	107.900
43.963	107.995
43.973	107.519
43.983	106.845
43.993	106.200
44.003	105.542
44.013	105.214
44.023	106.339
44.033	107.022
44.043	107.523
44.053	107.180
44.063	107.325
44.073	108.097
44.083	106.610
44.093	106.946
44.103	106.874
44.113	106.637
44.123	107.388
44.133	106.978
44.143	106.885
44.153	107.133
44.163	107.088
44.173	108.490
44.183	108.683
44.193	107.415
44.203	107.351
44.213	109.063
44.223	110.370
44.233	110.111
44.243	109.666
44.253	109.710
44.263	109.893
44.273	109.542
44.283	109.052
44.293	108.651
44.303	108.798
44.313	108.716
44.323	108.557
44.333	108.328
44.343	108.752
44.353	109.062
44.363	109.104
44.373	108.673
44.383	108.751
44.393	108.855
44.403	109.032
44.413	108.624
44.423	108.336
44.433	108.581
44.443	109.250
44.453	109.046
44.463	108.831
44.473	108.427
44.483	108.359
44.493	0.000
44.503	0.000
44.513	0.000
44.523	0.000
44.533	0.000
44.543	0.000
44.553	0.000
44.563	0.000
44.573	0.000
44.583	124.050
44.593	126.542
44.603	125.475
44.613	125.384
44.623	126.102
44.633	125.745
44.643	123.396
44.653	124.224
44.663	124.290
44.673	122.350
44.683	122.054
44.693	122.996
44.703	122.815
44.713	120.987
44.723	121.715
44.733	124.718
44.743	121.960
44.753	120.434
44.763	121.269
44.773	121.797
44.783	120.466
44.793	119.601
44.803	121.657
44.813	0.000
44.823	0.000
44.833	0.000
44.843	0.000
44.853	0.000
44.863	0.000
44.873	0.000
44.883	129.122
44.893	129.268
44.903	128.061
44.913	125.181
44.923	123.450
44.933	123.474
44.943	122.462
44.953	120.989
44.963	119.459
44.973	119.717
44.983	121.333
44.993	0.000
45.003	0.000
45.013	0.000
45.023	122.196
45.033	122.257
45.043	122.384
45.053	122.387
45.063	122.462
45.073	122.427
45.083	122.417
45.093	122.325
45.103	122.657
45.113	0.000
45.123	0.000
45.133	0.000
45.143	0.000
45.153	0.000
45.163	0.000
45.173	122.828
45.183	122.910
45.193	122.737
45.203	122.504
45.213	122.446
45.223	122.265
45.233	121.959
45.243	122.254
45.253	0.000
45.263	0.000
45.273	0.000
45.283	0.000
45.293	0.000
45.303	0.000
45.313	0.000
45.323	0.000
45.333	0.000
45.343	122.902
45.353	122.777
45.363	122.511
45.373	122.402
45.383	122.684
45.393	0.000
45.403	0.000
45.413	0.000
45.423	0.000
45.433	0.000
45.443	0.000
45.453	0.000
45.463	127.191
45.473	125.567
45.483	122.662
45.493	121.481
45.503	120.792
45.513	121.458
45.523	122.228
45.533	122.452
45.543	122.292
45.553	122.670
45.563	0.000
45.573	0.000
45.583	0.000
45.593	0.000
45.603	0.000
45.613	0.000
45.623	0.000
45.633	0.000
45.643	0.000
45.653	0.000
45.663	0.000
45.673	0.000
45.683	0.000
45.693	0.000
45.703	0.000
45.713	0.000
45.723	0.000
45.733	0.000
45.743	0.000
45.753	123.740
45.763	123.454
45.773	123.730
45.783	123.455
45.793	123.597
45.803	123.706
45.813	123.456
45.823	123.145
45.833	123.264
45.843	123.943
45.853	0.000
45.863	0.000
45.873	0.000
45.883	0.000
45.893	122.888
45.903	123.093
45.913	123.094
45.923	122.988
45.933	123.286
45.943	123.265
45.953	123.070
45.963	122.929
45.973	123.290
45.983	122.852
45.993	0.000
46.003	0.000
46.013	0.000
46.023	0.000
46.033	122.812
46.043	123.292
46.053	123.572
46.063	123.467
46.073	123.691
46.083	123.297
46.093	123.192
46.103	123.686
46.113	123.653
46.123	0.000
46.133	0.000
46.143	0.000
46.153	0.000
46.163	124.624
46.173	123.157
46.183	123.545
46.193	123.417
46.203	123.332
46.213	123.167
46.223	123.325
46.233	123.239
46.243	123.254
46.253	123.180
46.263	123.752
46.273	0.000
46.283	0.000
46.293	0.000
46.303	129.616
46.313	129.988
46.323	129.820
46.333	128.763
46.343	125.941
46.353	124.750
46.363	127.715
46.373	128.717
46.383	127.283
46.393	125.009
46.403	124.845
46.413	125.761
46.423	126.881
46.433	125.449
46.443	125.632
46.453	125.872
46.463	124.953
46.473	124.060
46.483	122.663
46.493	0.000
46.503	0.000
46.513	0.000
46.523	0.000
46.533	0.000
46.543	0.000
46.553	0.000
46.563	0.000
46.573	0.000
46.583	0.000
46.593	0.000
46.603	0.000
46.613	0.000
46.623	0.000
46.633	132.195
46.643	129.862
46.653	128.214
46.663	129.142
46.673	126.593
46.683	127.582
46.693	126.456
46.703	127.532
46.713	127.250
46.723	0.000
46.733	0.000
46.743	0.000
46.753	0.000
46.763	0.000
46.773	0.000
46.783	0.000
46.793	123.195
46.803	123.131
46.813	123.083
46.823	123.502
46.833	123.363
46.843	123.115
46.853	123.427
46.863	123.681
46.873	0.000
46.883	0.000
46.893	0.000
46.903	122.623
46.913	122.925
46.923	123.732
46.933	123.561
46.943	123.514
46.953	123.454
46.963	123.646
46.973	123.922
46.983	124.451
46.993	124.896
47.003	0.000
47.013	0.000
47.023	0.000
47.033	0.000
47.043	0.000
47.053	123.997
47.063	124.097
47.073	124.094
47.083	124.242
47.093	124.018
47.103	123.670
47.113	123.791
47.123	124.999
47.133	124.971
47.143	0.000
47.153	0.000
47.163	0.000
47.173	0.000
47.183	116.855
47.193	0.000
47.203	117.789
47.213	117.171
47.223	119.180
47.233	119.103
47.243	119.939
47.253	125.124
47.263	125.824
47.273	125.682
47.283	125.629
47.293	125.257
47.303	125.026
47.313	124.375
47.323	122.030
47.333	120.664
47.343	122.635
47.353	125.010
47.363	126.983
47.373	124.287
47.383	124.300
47.393	122.796
47.403	123.822
47.413	126.251
47.423	126.540
47.433	126.085
47.443	126.697
47.453	127.589
47.463	127.690
47.473	0.000
47.483	0.000
47.493	0.000
47.503	0.000
47.513	0.000
47.523	0.000
47.533	129.561
47.543	128.167
47.553	129.231
47.563	128.990
47.573	127.778
47.583	125.997
47.593	123.058
47.603	122.668
47.613	122.110
47.623	0.000
47.633	0.000
47.643	0.000
47.653	0.000
47.663	0.000
47.673	0.000
47.683	123.285
47.693	123.577
47.703	123.336
47.713	123.243
47.723	123.421
47.733	123.485
47.743	123.352
47.753	123.307
47.763	123.361
47.773	0.000
47.783	0.000
47.793	0.000
47.803	0.000
47.813	0.000
47.823	0.000
47.833	0.000
47.843	0.000
47.853	0.000
47.863	123.044
47.873	122.652
47.883	122.298
47.893	123.402
47.903	123.580
47.913	122.991
47.923	0.000
47.933	0.000
47.943	0.000
47.953	123.971
47.963	123.924
47.973	123.275
47.983	123.631
47.993	123.864
48.003	123.771
48.013	123.571
48.023	123.370
48.033	123.309
48.043	123.278
48.053	123.704
48.063	124.201
48.073	0.000
48.083	0.000
48.093	0.000
48.103	0.000
48.113	0.000
48.123	0.000
48.133	0.000
48.143	0.000
48.153	120.575
48.163	120.387
48.173	121.336
48.183	121.771
48.193	121.026
48.203	124.739
48.213	125.734
48.223	126.586
48.233	125.399
48.243	126.311
48.253	126.116
48.263	125.402
48.273	123.999
48.283	124.177
48.293	124.399
48.303	125.617
48.313	122.903
48.323	123.032
48.333	123.267
48.343	123.465
48.353	123.830
48.363	123.893
48.373	124.170
48.383	124.069
48.393	124.007
48.403	123.848
48.413	123.808
48.423	0.000
48.433	0.000
48.443	0.000
48.453	0.000
48.463	0.000
48.473	0.000
48.483	0.000
48.493	0.000
48.503	0.000
48.513	0.000
48.523	0.000
48.533	0.000
48.543	0.000
48.553	0.000
48.563	0.000
48.573	0.000
48.583	0.000
48.593	0.000
48.603	0.000
48.613	0.000
48.623	0.000
48.633	0.000
48.643	0.000
48.653	0.000
48.663	0.000
48.673	0.000
48.683	0.000
48.693	0.000
48.703	0.000
48.713	0.000
48.723	0.000
48.733	0.000
48.743	0.000
48.753	0.000
48.763	0.000
48.773	0.000
48.783	0.000
48.793	0.000
48.803	0.000
48.813	0.000
48.823	0.000
48.833	0.000
48.843	0.000
48.853	0.000
48.863	0.000
48.873	0.000
48.883	0.000
48.893	0.000
48.903	0.000
48.913	0.000
48.923	0.000
48.933	0.000
48.943	0.000
48.953	0.000
48.963	0.000
48.973	0.000
48.983	0.000
48.993	0.000
49.003	0.000
49.013	0.000
49.023	0.000
49.033	0.000
49.043	0.000
49.053	0.000
49.063	0.000
49.073	0.000
49.083	0.000
49.093	0.000
49.103	0.000
49.113	0.000
49.123	0.000
49.133	0.000
49.143	0.000
49.153	0.000
49.163	0.000
49.173	0.000
49.183	0.000
49.193	0.000
49.203	0.000
49.213	0.000
49.223	0.000
49.233	0.000
49.243	0.000
49.253	0.000
49.263	0.000
49.273	0.000
49.283	0.000
49.293	0.000
49.303	0.000
49.313	0.000
49.323	0.000
49.333	0.000
49.343	0.000
49.353	0.000
49.363	0.000
49.373	0.000
49.383	0.000
49.393	0.000
49.403	0.000
49.413	0.000
49.423	0.000
49.433	0.000
49.443	0.000
49.453	0.000
49.463	0.000
49.473	0.000
49.483	0.000
49.493	0.000
49.503	0.000
49.513	0.000
49.523	0.000
49.533	0.000
49.543	0.000
49.553	0.000
49.563	0.000
49.573	0.000
49.583	0.000
49.593	0.000
49.603	0.000
49.613	0.000
49.623	0.000
49.633	0.000
49.643	0.000
49.653	0.000
49.663	0.000
49.673	0.000
49.683	0.000
49.693	0.000
49.703	0.000
49.713	0.000
49.723	0.000
49.733	0.000
49.743	0.000
49.753	0.000
49.763	0.000
49.773	0.000
49.783	0.000
49.793	0.000
49.803	0.000
