0.023	0.000
0.033	0.000
0.043	0.000
0.053	0.000
0.063	0.000
0.073	0.000
0.083	0.000
0.093	0.000
0.103	0.000
0.113	0.000
0.123	0.000
0.133	0.000
0.143	0.000
0.153	0.000
0.163	0.000
0.173	0.000
0.183	0.000
0.193	0.000
0.203	0.000
0.213	0.000
0.223	0.000
0.233	0.000
0.243	0.000
0.253	0.000
0.263	0.000
0.273	0.000
0.283	0.000
0.293	0.000
0.303	0.000
0.313	0.000
0.323	0.000
0.333	0.000
0.343	0.000
0.353	0.000
0.363	0.000
0.373	0.000
0.383	0.000
0.393	0.000
0.403	0.000
0.413	0.000
0.423	0.000
0.433	0.000
0.443	0.000
0.453	0.000
0.463	0.000
0.473	0.000
0.483	0.000
0.493	0.000
0.503	0.000
0.513	0.000
0.523	0.000
0.533	0.000
0.543	0.000
0.553	0.000
0.563	0.000
0.573	0.000
0.583	0.000
0.593	0.000
0.603	0.000
0.613	0.000
0.623	0.000
0.633	0.000
0.643	0.000
0.653	0.000
0.663	0.000
0.673	0.000
0.683	0.000
0.693	0.000
0.703	0.000
0.713	0.000
0.723	0.000
0.733	0.000
0.743	0.000
0.753	0.000
0.763	0.000
0.773	0.000
0.783	0.000
0.793	0.000
0.803	0.000
0.813	0.000
0.823	0.000
0.833	0.000
0.843	0.000
0.853	0.000
0.863	0.000
0.873	0.000
0.883	0.000
0.893	0.000
0.903	0.000
0.913	0.000
0.923	0.000
0.933	0.000
0.943	0.000
0.953	0.000
0.963	0.000
0.973	0.000
0.983	0.000
0.993	0.000
1.003	0.000
1.013	0.000
1.023	0.000
1.033	0.000
1.043	0.000
1.053	0.000
1.063	0.000
1.073	0.000
1.083	0.000
1.093	0.000
1.103	0.000
1.113	0.000
1.123	0.000
1.133	0.000
1.143	0.000
1.153	0.000
1.163	0.000
1.173	0.000
1.183	0.000
1.193	0.000
1.203	0.000
1.213	0.000
1.223	0.000
1.233	0.000
1.243	0.000
1.253	0.000
1.263	491.683
1.273	493.535
1.283	494.883
1.293	495.607
1.303	495.758
1.313	495.903
1.323	495.959
1.333	496.268
1.343	496.168
1.353	496.230
1.363	496.347
1.373	496.020
1.383	496.188
1.393	495.878
1.403	495.619
1.413	495.630
1.423	495.355
1.433	495.326
1.443	495.046
1.453	495.014
1.463	495.153
1.473	495.340
1.483	495.441
1.493	495.527
1.503	495.564
1.513	495.325
1.523	495.484
1.533	495.453
1.543	495.313
1.553	495.475
1.563	495.576
1.573	496.148
1.583	496.608
1.593	496.981
1.603	497.503
1.613	497.783
1.623	498.536
1.633	498.779
1.643	499.337
1.653	499.602
1.663	499.662
1.673	499.389
1.683	499.054
1.693	497.948
1.703	497.245
1.713	496.021
1.723	495.269
1.733	495.341
1.743	495.466
1.753	496.546
1.763	497.612
1.773	497.889
1.783	498.806
1.793	499.406
1.803	500.034
1.813	500.418
1.823	500.556
1.833	500.312
1.843	500.247
1.853	499.394
1.863	498.496
1.873	497.748
1.883	497.248
1.893	496.925
1.903	496.572
1.913	496.709
1.923	497.059
1.933	497.577
1.943	498.546
1.953	498.772
1.963	499.146
1.973	499.202
1.983	499.235
1.993	499.176
2.003	499.195
2.013	498.935
2.023	499.153
2.033	499.587
2.043	499.849
2.053	500.053
2.063	500.182
2.073	500.185
2.083	500.179
2.093	500.125
2.103	500.051
2.113	500.008
2.123	499.829
2.133	499.711
2.143	499.189
2.153	498.806
2.163	499.101
2.173	499.999
2.183	501.395
2.193	501.720
2.203	0.000
2.213	0.000
2.223	0.000
2.233	375.565
2.243	375.679
2.253	374.490
2.263	373.421
2.273	372.859
2.283	372.567
2.293	372.265
2.303	372.409
2.313	372.533
2.323	372.910
2.333	373.666
2.343	374.648
2.353	375.195
2.363	376.309
2.373	377.203
2.383	377.781
2.393	377.815
2.403	377.643
2.413	376.978
2.423	376.400
2.433	374.856
2.443	373.409
2.453	372.170
2.463	371.751
2.473	371.224
2.483	371.593
2.493	372.112
2.503	372.948
2.513	373.828
2.523	374.939
2.533	375.420
2.543	376.409
2.553	377.189
2.563	377.450
2.573	377.434
2.583	376.938
2.593	375.948
2.603	375.189
2.613	373.694
2.623	372.295
2.633	371.638
2.643	371.593
2.653	372.088
2.663	372.966
2.673	373.344
2.683	374.329
2.693	375.251
2.703	376.201
2.713	376.622
2.723	377.393
2.733	377.572
2.743	377.268
2.753	377.054
2.763	376.223
2.773	375.091
2.783	374.516
2.793	373.169
2.803	372.487
2.813	372.308
2.823	372.554
2.833	373.276
2.843	374.163
2.853	374.645
2.863	375.458
2.873	375.913
2.883	376.146
2.893	376.079
2.903	376.025
2.913	375.763
2.923	375.098
2.933	374.685
2.943	374.302
2.953	374.086
2.963	373.959
2.973	373.998
2.983	374.288
2.993	374.499
3.003	374.530
3.013	374.759
3.023	374.918
3.033	375.034
3.043	374.901
3.053	374.668
3.063	374.707
3.073	375.845
3.083	376.307
3.093	376.918
3.103	376.963
3.113	377.042
3.123	377.235
3.133	377.205
3.143	377.043
3.153	376.543
3.163	375.839
3.173	374.595
3.183	373.936
3.193	372.620
3.203	371.611
3.213	371.194
3.223	371.036
3.233	371.497
3.243	372.223
3.253	372.656
3.263	373.669
3.273	374.727
3.283	375.783
3.293	376.278
3.303	376.939
3.313	377.410
3.323	377.343
3.333	377.001
3.343	376.194
3.353	374.856
3.363	373.907
3.373	372.058
3.383	370.433
3.393	369.995
3.403	370.415
3.413	371.742
3.423	372.859
3.433	373.485
3.443	374.629
3.453	375.694
3.463	376.545
3.473	376.973
3.483	377.636
3.493	377.960
3.503	377.889
3.513	377.490
3.523	376.690
3.533	375.431
3.543	374.726
3.553	373.175
3.563	372.286
3.573	372.036
3.583	372.202
3.593	372.840
3.603	373.472
3.613	373.789
3.623	374.508
3.633	375.523
3.643	376.490
3.653	376.675
3.663	376.783
3.673	376.652
3.683	376.471
3.693	375.903
3.703	375.510
3.713	374.931
3.723	374.652
3.733	374.264
3.743	374.174
3.753	374.275
3.763	374.224
3.773	374.747
3.783	374.882
3.793	374.770
3.803	375.170
3.813	375.449
3.823	375.834
3.833	375.524
3.843	375.400
3.853	375.269
3.863	375.219
3.873	375.399
3.883	375.714
3.893	375.880
3.903	376.027
3.913	376.204
3.923	376.652
3.933	377.187
3.943	377.256
3.953	377.369
3.963	377.635
3.973	377.607
3.983	0.000
3.993	0.000
4.003	492.757
4.013	497.917
4.023	497.876
4.033	497.406
4.043	496.974
4.053	496.620
4.063	496.353
4.073	495.520
4.083	494.918
4.093	493.872
4.103	492.437
4.113	491.689
4.123	491.497
4.133	491.088
4.143	491.187
4.153	491.453
4.163	492.595
4.173	493.347
4.183	494.322
4.193	494.652
4.203	495.510
4.213	495.789
4.223	496.109
4.233	496.471
4.243	496.279
4.253	496.241
4.263	496.053
4.273	494.940
4.283	493.375
4.293	491.629
4.303	490.717
4.313	489.881
4.323	490.270
4.333	491.023
4.343	492.521
4.353	494.268
4.363	495.649
4.373	496.156
4.383	496.734
4.393	496.842
4.403	496.807
4.413	496.864
4.423	496.836
4.433	496.720
4.443	496.438
4.453	495.732
4.463	494.441
4.473	492.939
4.483	492.209
4.493	491.722
4.503	492.255
4.513	492.955
4.523	493.813
4.533	495.007
4.543	496.186
4.553	496.360
4.563	496.863
4.573	497.217
4.583	497.179
4.593	497.226
4.603	496.840
4.613	496.350
4.623	495.935
4.633	495.014
4.643	494.430
4.653	494.000
4.663	493.879
4.673	494.323
4.683	494.885
4.693	495.082
4.703	496.211
4.713	496.710
4.723	497.027
4.733	497.440
4.743	497.704
4.753	498.025
4.763	498.187
4.773	498.242
4.783	498.143
4.793	498.004
4.803	497.999
4.813	497.864
4.823	497.624
4.833	497.755
4.843	497.809
4.853	497.605
4.863	497.742
4.873	497.747
4.883	497.931
4.893	498.469
4.903	499.108
4.913	499.519
4.923	499.629
4.933	500.825
4.943	501.544
4.953	501.404
4.963	501.329
4.973	501.018
4.983	501.041
4.993	501.393
5.003	501.661
5.013	501.540
5.023	501.536
5.033	500.743
5.043	499.198
5.053	498.327
5.063	496.638
5.073	495.546
5.083	495.211
5.093	495.353
5.103	496.111
5.113	497.089
5.123	498.492
5.133	499.068
5.143	500.081
5.153	500.962
5.163	501.312
5.173	501.705
5.183	501.935
5.193	502.096
5.203	501.824
5.213	500.852
5.223	499.350
5.233	498.336
5.243	496.315
5.253	494.993
5.263	494.698
5.273	494.909
5.283	495.786
5.293	497.224
5.303	498.108
5.313	498.542
5.323	499.449
5.333	500.362
5.343	500.683
5.353	501.409
5.363	501.359
5.373	500.905
5.383	500.563
5.393	499.669
5.403	498.472
5.413	498.045
5.423	496.911
5.433	496.292
5.443	496.139
5.453	496.190
5.463	496.972
5.473	497.740
5.483	498.676
5.493	499.148
5.503	499.468
5.513	499.993
5.523	500.119
5.533	500.050
5.543	500.146
5.553	499.984
5.563	499.721
5.573	499.763
5.583	499.749
5.593	499.733
5.603	499.953
5.613	500.135
5.623	500.036
5.633	500.343
5.643	500.450
5.653	500.534
5.663	500.544
5.673	500.538
5.683	500.544
5.693	501.105
5.703	501.176
5.713	500.964
5.723	501.028
5.733	500.818
5.743	500.526
5.753	500.262
5.763	500.408
5.773	500.349
5.783	500.118
5.793	500.231
5.803	501.053
5.813	501.628
5.823	501.855
5.833	0.000
5.843	0.000
5.853	0.000
5.863	372.588
5.873	372.486
5.883	372.001
5.893	371.361
5.903	370.414
5.913	369.824
5.923	369.432
5.933	369.257
5.943	369.359
5.953	369.542
5.963	369.864
5.973	370.255
5.983	370.789
5.993	371.163
6.003	371.975
6.013	372.890
6.023	373.586
6.033	373.752
6.043	373.792
6.053	373.498
6.063	373.163
6.073	371.926
6.083	370.488
6.093	369.001
6.103	368.375
6.113	367.878
6.123	367.809
6.133	368.172
6.143	368.440
6.153	369.339
6.163	370.444
6.173	371.010
6.183	372.338
6.193	373.067
6.203	373.492
6.213	373.680
6.223	373.753
6.233	373.490
6.243	373.230
6.253	372.342
6.263	370.870
6.273	369.698
6.283	369.280
6.293	368.515
6.303	368.502
6.313	369.160
6.323	369.726
6.333	370.216
6.343	371.106
6.353	371.662
6.363	372.590
6.373	373.375
6.383	373.744
6.393	373.710
6.403	373.636
6.413	373.218
6.423	372.978
6.433	372.038
6.443	370.843
6.453	369.943
6.463	369.676
6.473	369.138
6.483	369.203
6.493	369.584
6.503	370.054
6.513	371.005
6.523	371.863
6.533	372.146
6.543	372.478
6.553	372.830
6.563	372.852
6.573	372.798
6.583	372.775
6.593	372.473
6.603	372.245
6.613	371.719
6.623	371.402
6.633	371.223
6.643	371.204
6.653	371.247
6.663	371.175
6.673	370.671
6.683	370.613
6.693	368.306
6.703	369.120
6.713	371.303
6.723	373.579
6.733	374.253
6.743	374.585
6.753	374.571
6.763	374.359
6.773	373.867
6.783	373.405
6.793	372.457
6.803	371.088
6.813	369.348
6.823	368.493
6.833	367.918
6.843	367.697
6.853	368.083
6.863	368.462
6.873	369.137
6.883	370.053
6.893	370.607
6.903	371.492
6.913	372.582
6.923	373.549
6.933	373.953
6.943	374.335
6.953	374.176
6.963	373.919
6.973	373.065
6.983	371.568
6.993	369.611
7.003	368.801
7.013	367.438
7.023	367.238
7.033	367.624
7.043	368.199
7.053	369.800
7.063	371.233
7.073	371.724
7.083	372.463
7.093	373.187
7.103	374.273
7.113	374.487
7.123	374.447
7.133	373.871
7.143	373.529
7.153	372.265
7.163	370.597
7.173	369.205
7.183	368.822
7.193	368.224
7.203	368.189
7.213	368.720
7.223	369.163
7.233	370.259
7.243	371.442
7.253	372.175
7.263	372.913
7.273	373.568
7.283	373.967
7.293	374.090
7.303	374.173
7.313	374.085
7.323	373.613
7.333	373.263
7.343	372.366
7.353	371.708
7.363	371.268
7.373	370.939
7.383	371.561
7.393	372.070
7.403	372.382
7.413	372.634
7.423	372.864
7.433	372.899
7.443	373.528
7.453	373.936
7.463	373.950
7.473	373.930
7.483	373.932
7.493	374.234
7.503	374.798
7.513	374.849
7.523	375.014
7.533	375.052
7.543	375.125
7.553	375.244
7.563	375.274
7.573	375.509
7.583	375.498
7.593	374.967
7.603	0.000
7.613	0.000
7.623	0.000
7.633	499.274
7.643	498.499
7.653	498.414
7.663	497.312
7.673	497.252
7.683	496.303
7.693	495.803
7.703	494.966
7.713	494.214
7.723	493.535
7.733	493.335
7.743	493.574
7.753	494.347
7.763	494.910
7.773	496.081
7.783	496.893
7.793	497.412
7.803	497.789
7.813	498.276
7.823	498.378
7.833	498.516
7.843	498.490
7.853	497.907
7.863	496.926
7.873	496.051
7.883	494.004
7.893	492.331
7.903	491.688
7.913	491.360
7.923	492.251
7.933	494.081
7.943	494.968
7.953	496.608
7.963	497.579
7.973	497.890
7.983	498.556
7.993	498.750
8.003	499.070
8.013	498.985
8.023	498.504
8.033	497.549
8.043	496.147
8.053	495.721
8.063	494.660
8.073	494.385
8.083	494.747
8.093	495.184
8.103	495.899
8.113	496.433
8.123	496.505
8.133	496.858
8.143	497.119
8.153	497.223
8.163	497.204
8.173	496.987
8.183	497.045
8.193	496.916
8.203	496.947
8.213	496.861
8.223	496.799
8.233	496.877
8.243	496.666
8.253	496.652
8.263	496.668
8.273	496.633
8.283	496.788
8.293	496.803
8.303	496.677
8.313	496.567
8.323	496.560
8.333	496.594
8.343	496.471
8.353	496.702
8.363	496.816
8.373	496.748
8.383	496.994
8.393	497.072
8.403	497.220
8.413	497.166
8.423	497.212
8.433	497.335
8.443	497.206
8.453	497.237
8.463	497.249
8.473	497.352
8.483	497.442
8.493	497.406
8.503	497.690
8.513	498.147
8.523	499.445
8.533	495.599
8.543	0.000
8.553	0.000
8.563	0.000
8.573	0.000
8.583	0.000
8.593	0.000
8.603	0.000
8.613	878.998
8.623	877.714
8.633	876.934
8.643	876.596
8.653	877.069
8.663	876.805
8.673	877.953
8.683	879.427
8.693	882.200
8.703	883.906
8.713	888.643
8.723	890.279
8.733	889.610
8.743	889.274
8.753	889.220
8.763	888.721
8.773	887.749
8.783	884.581
8.793	880.310
8.803	877.772
8.813	874.815
8.823	875.481
8.833	876.032
8.843	876.930
8.853	878.358
8.863	880.090
8.873	882.708
8.883	884.555
8.893	887.682
8.903	887.595
8.913	887.748
8.923	888.116
8.933	888.393
8.943	887.890
8.953	886.947
8.963	883.567
8.973	879.452
8.983	876.802
8.993	875.169
9.003	876.946
9.013	878.110
9.023	878.901
9.033	880.877
9.043	882.917
9.053	885.250
9.063	885.918
9.073	886.107
9.083	885.937
9.093	886.219
9.103	886.339
9.113	886.121
9.123	885.394
9.133	885.115
9.143	884.065
9.153	882.716
9.163	882.298
9.173	883.215
9.183	885.166
9.193	886.435
9.203	886.768
9.213	887.350
9.223	887.795
9.233	888.283
9.243	888.491
9.253	888.827
9.263	889.054
9.273	889.248
9.283	889.394
9.293	889.313
9.303	889.153
9.313	888.984
9.323	889.147
9.333	889.032
9.343	889.286
9.353	889.351
9.363	890.367
9.373	891.915
9.383	891.936
9.393	892.228
9.403	892.993
9.413	895.543
9.423	898.857
9.433	0.000
9.443	0.000
9.453	0.000
9.463	658.639
9.473	657.335
9.483	657.185
9.493	657.053
9.503	656.823
9.513	656.260
9.523	655.645
9.533	653.966
9.543	652.009
9.553	650.336
9.563	649.767
9.573	649.148
9.583	649.731
9.593	651.466
9.603	652.840
9.613	656.348
9.623	660.724
9.633	662.882
9.643	665.845
9.653	665.967
9.663	665.781
9.673	665.580
9.683	664.678
9.693	663.304
9.703	662.535
9.713	660.502
9.723	658.282
9.733	656.521
9.743	655.993
9.753	655.887
9.763	656.866
9.773	659.046
9.783	660.408
9.793	663.705
9.803	666.147
9.813	666.831
9.823	667.907
9.833	668.417
9.843	667.662
9.853	667.132
9.863	665.909
9.873	664.125
9.883	662.223
9.893	661.340
9.903	659.545
9.913	658.299
9.923	658.100
9.933	658.627
9.943	660.327
9.953	662.711
9.963	663.885
9.973	665.822
9.983	667.542
9.993	668.466
10.003	669.128
10.013	668.402
10.023	667.787
10.033	667.237
10.043	666.065
10.053	664.845
10.063	663.768
10.073	663.188
10.083	662.339
10.093	661.900
10.103	661.770
10.113	662.259
10.123	663.372
10.133	664.510
10.143	664.912
10.153	665.705
10.163	666.303
10.173	666.503
10.183	666.301
10.193	665.776
10.203	665.096
10.213	664.836
10.223	664.400
10.233	664.408
10.243	664.236
10.253	664.183
10.263	664.128
10.273	664.267
10.283	664.219
10.293	664.042
10.303	663.740
10.313	663.505
10.323	663.276
10.333	662.377
10.343	660.984
10.353	659.748
10.363	0.000
10.373	0.000
10.383	0.000
10.393	496.997
10.403	498.854
10.413	498.324
10.423	497.847
10.433	497.675
10.443	497.542
10.453	497.411
10.463	497.178
10.473	497.231
10.483	496.955
10.493	496.847
10.503	496.865
10.513	496.674
10.523	496.852
10.533	496.755
10.543	496.960
10.553	497.403
10.563	498.013
10.573	498.551
10.583	499.431
10.593	499.941
10.603	500.214
10.613	500.154
10.623	499.293
10.633	497.413
10.643	496.520
10.653	495.301
10.663	494.850
10.673	495.021
10.683	495.316
10.693	496.475
10.703	497.000
10.713	497.352
10.723	498.420
10.733	500.207
10.743	501.292
10.753	501.583
10.763	501.936
10.773	502.505
10.783	502.288
10.793	501.945
10.803	500.299
10.813	498.055
10.823	496.884
10.833	495.000
10.843	493.833
10.853	493.938
10.863	494.146
10.873	495.410
10.883	496.415
10.893	497.230
10.903	498.962
10.913	500.421
10.923	501.442
10.933	501.854
10.943	501.877
10.953	501.659
10.963	501.610
10.973	501.276
10.983	500.088
10.993	498.845
11.003	498.062
11.013	496.990
11.023	496.490
11.033	496.352
11.043	496.548
11.053	496.948
11.063	497.377
11.073	497.812
11.083	498.836
11.093	499.746
11.103	500.647
11.113	500.817
11.123	501.150
11.133	501.172
11.143	501.113
11.153	500.873
11.163	501.104
11.173	500.745
11.183	500.545
11.193	500.397
11.203	500.432
11.213	500.253
11.223	500.206
11.233	497.633
11.243	0.000
11.253	0.000
11.263	0.000
11.273	0.000
11.283	0.000
11.293	0.000
11.303	0.000
11.313	0.000
11.323	754.770
11.333	754.247
11.343	753.180
11.353	752.472
11.363	752.073
11.373	751.856
11.383	750.855
11.393	749.509
11.403	748.716
11.413	747.591
11.423	746.980
11.433	746.853
11.443	747.013
11.453	748.051
11.463	749.695
11.473	750.621
11.483	752.486
11.493	754.266
11.503	755.769
11.513	756.158
11.523	756.314
11.533	755.738
11.543	755.251
11.553	753.708
11.563	751.342
11.573	748.659
11.583	747.414
11.593	745.016
11.603	743.870
11.613	744.228
11.623	744.895
11.633	746.328
11.643	748.816
11.653	750.162
11.663	752.154
11.673	753.542
11.683	754.885
11.693	755.337
11.703	755.602
11.713	754.894
11.723	753.978
11.733	751.634
11.743	748.524
11.753	744.996
11.763	743.209
11.773	741.407
11.783	741.480
11.793	742.325
11.803	743.018
11.813	744.778
11.823	747.346
11.833	748.530
11.843	750.508
11.853	751.905
11.863	752.934
11.873	753.148
11.883	753.410
11.893	752.764
11.903	751.945
11.913	749.779
11.923	746.799
11.933	743.944
11.943	742.957
11.953	742.133
11.963	742.547
11.973	743.726
11.983	744.438
11.993	746.428
12.003	747.994
12.013	748.732
12.023	749.470
12.033	749.465
12.043	749.191
12.053	749.129
12.063	748.637
12.073	748.155
12.083	747.960
12.093	747.468
12.103	747.214
12.113	746.978
12.123	747.003
12.133	746.905
12.143	746.848
12.153	746.865
12.163	746.649
12.173	746.127
12.183	744.639
12.193	743.548
12.203	741.194
12.213	745.771
12.223	747.158
12.233	747.447
12.243	748.323
12.253	748.537
12.263	748.646
12.273	749.092
12.283	749.305
12.293	749.231
12.303	749.162
12.313	748.846
12.323	748.094
12.333	746.725
12.343	746.041
12.353	744.789
12.363	743.825
12.373	743.699
12.383	743.857
12.393	744.720
12.403	745.731
12.413	746.500
12.423	747.948
12.433	749.323
12.443	750.736
12.453	751.323
12.463	752.098
12.473	752.672
12.483	752.785
12.493	752.636
12.503	751.832
12.513	749.931
12.523	748.637
12.533	745.624
12.543	742.798
12.553	741.701
12.563	741.306
12.573	742.416
12.583	744.470
12.593	745.853
12.603	747.823
12.613	749.362
12.623	750.553
12.633	750.933
12.643	751.201
12.653	751.257
12.663	751.049
12.673	749.988
12.683	748.137
12.693	746.079
12.703	745.345
12.713	744.111
12.723	744.147
12.733	744.540
12.743	745.753
12.753	747.010
12.763	748.125
12.773	748.518
12.783	749.241
12.793	749.812
12.803	750.006
12.813	749.801
12.823	749.649
12.833	749.677
12.843	749.435
12.853	749.329
12.863	749.226
12.873	749.046
12.883	749.022
12.893	749.199
12.903	749.172
12.913	749.188
12.923	749.198
12.933	748.960
12.943	748.729
12.953	748.727
12.963	748.833
12.973	748.968
12.983	749.023
12.993	748.882
13.003	748.923
13.013	748.596
13.023	748.329
13.033	750.820
13.043	750.760
13.053	0.000
13.063	0.000
13.073	0.000
13.083	0.000
13.093	0.000
13.103	0.000
13.113	664.301
13.123	666.945
13.133	667.574
13.143	667.866
13.153	668.423
13.163	667.932
13.173	667.627
13.183	666.475
13.193	664.827
13.203	663.876
13.213	661.828
13.223	660.546
13.233	660.219
13.243	660.402
13.253	661.426
13.263	663.237
13.273	664.484
13.283	666.640
13.293	668.525
13.303	670.462
13.313	671.266
13.323	671.908
13.333	672.034
13.343	671.472
13.353	670.799
13.363	668.871
13.373	666.667
13.383	665.570
13.393	663.432
13.403	661.614
13.413	660.509
13.423	660.367
13.433	661.314
13.443	663.457
13.453	664.687
13.463	666.669
13.473	668.631
13.483	670.468
13.493	670.882
13.503	670.668
13.513	669.541
13.523	668.216
13.533	667.686
13.543	665.730
13.553	663.771
13.563	663.031
13.573	661.840
13.583	661.034
13.593	661.178
13.603	661.690
13.613	663.576
13.623	665.491
13.633	666.265
13.643	667.963
13.653	669.095
13.663	669.673
13.673	669.332
13.683	668.650
13.693	668.341
13.703	667.959
13.713	667.703
13.723	666.717
13.733	665.811
13.743	665.452
13.753	665.167
13.763	665.190
13.773	665.336
13.783	665.427
13.793	665.266
13.803	665.446
13.813	665.662
13.823	665.969
13.833	665.971
13.843	665.821
13.853	665.693
13.863	665.295
13.873	664.622
13.883	664.208
13.893	664.026
13.903	663.617
13.913	663.211
13.923	663.093
13.933	663.265
13.943	663.813
13.953	664.502
13.963	664.673
13.973	664.318
13.983	663.658
13.993	663.768
14.003	664.450
14.013	665.938
14.023	0.000
14.033	0.000
14.043	0.000
14.053	0.000
14.063	0.000
14.073	0.000
14.083	0.000
14.093	370.934
14.103	370.916
14.113	370.307
14.123	370.100
14.133	370.010
14.143	369.894
14.153	369.721
14.163	369.370
14.173	368.967
14.183	368.795
14.193	368.780
14.203	368.765
14.213	368.689
14.223	368.695
14.233	368.793
14.243	368.977
14.253	369.053
14.263	369.275
14.273	369.510
14.283	369.598
14.293	369.697
14.303	369.971
14.313	370.307
14.323	370.367
14.333	370.668
14.343	370.857
14.353	370.807
14.363	370.767
14.373	370.480
14.383	370.368
14.393	370.141
14.403	369.485
14.413	368.454
14.423	367.544
14.433	367.326
14.443	367.124
14.453	367.507
14.463	367.847
14.473	368.751
14.483	369.811
14.493	370.851
14.503	371.288
14.513	371.841
14.523	372.213
14.533	372.494
14.543	372.585
14.553	372.684
14.563	372.518
14.573	372.319
14.583	371.528
14.593	370.373
14.603	368.818
14.613	367.951
14.623	366.963
14.633	366.849
14.643	366.927
14.653	367.623
14.663	368.557
14.673	369.470
14.683	369.979
14.693	370.898
14.703	371.762
14.713	372.309
14.723	372.457
14.733	372.767
14.743	372.502
14.753	372.275
14.763	371.878
14.773	370.928
14.783	369.047
14.793	368.131
14.803	366.767
14.813	366.194
14.823	366.152
14.833	366.605
14.843	367.653
14.853	368.514
14.863	368.938
14.873	369.561
14.883	370.419
14.893	371.364
14.903	371.381
14.913	372.196
14.923	372.686
14.933	372.758
14.943	372.149
14.953	371.275
14.963	369.770
14.973	368.958
14.983	367.635
14.993	367.287
15.003	367.094
15.013	366.924
15.023	367.307
15.033	367.906
15.043	368.196
15.053	369.307
15.063	370.202
15.073	371.242
15.083	371.728
15.093	372.883
15.103	373.324
15.113	373.416
15.123	372.971
15.133	372.432
15.143	371.512
15.153	370.780
15.163	369.572
15.173	368.400
15.183	367.589
15.193	367.314
15.203	367.371
15.213	367.841
15.223	368.227
15.233	369.170
15.243	370.327
15.253	371.499
15.263	371.846
15.273	372.650
15.283	373.332
15.293	373.489
15.303	373.299
15.313	372.905
15.323	372.200
15.333	371.647
15.343	370.616
15.353	369.453
15.363	368.789
15.373	368.599
15.383	368.418
15.393	368.690
15.403	368.960
15.413	369.611
15.423	370.286
15.433	371.241
15.443	371.808
15.453	372.475
15.463	373.109
15.473	373.241
15.483	373.283
15.493	373.163
15.503	372.787
15.513	372.191
15.523	371.442
15.533	371.016
15.543	370.646
15.553	370.235
15.563	369.991
15.573	369.671
15.583	370.075
15.593	370.784
15.603	371.341
15.613	371.957
15.623	372.326
15.633	373.056
15.643	373.532
15.653	373.728
15.663	373.695
15.673	373.463
15.683	373.083
15.693	372.647
15.703	372.126
15.713	371.308
15.723	370.789
15.733	370.746
15.743	370.821
15.753	371.056
15.763	371.446
15.773	371.979
15.783	372.455
15.793	372.539
15.803	372.753
15.813	373.167
15.823	373.534
15.833	373.318
15.843	373.681
15.853	373.750
15.863	373.508
15.873	373.149
15.883	372.298
15.893	371.247
15.903	370.984
15.913	371.602
15.923	371.737
15.933	372.261
15.943	372.547
15.953	373.298
15.963	0.000
15.973	0.000
15.983	0.000
15.993	0.000
16.003	0.000
16.013	0.000
16.023	0.000
16.033	0.000
16.043	0.000
16.053	0.000
16.063	0.000
16.073	0.000
16.083	0.000
16.093	0.000
16.103	0.000
16.113	0.000
16.123	0.000
16.133	0.000
16.143	0.000
16.153	0.000
16.163	0.000
16.173	0.000
16.183	0.000
16.193	0.000
16.203	0.000
16.213	0.000
16.223	0.000
16.233	0.000
16.243	0.000
16.253	0.000
16.263	0.000
16.273	0.000
16.283	0.000
16.293	0.000
16.303	0.000
16.313	0.000
16.323	0.000
16.333	0.000
16.343	0.000
16.353	0.000
16.363	0.000
16.373	0.000
16.383	0.000
16.393	0.000
16.403	0.000
16.413	0.000
16.423	0.000
16.433	0.000
16.443	0.000
16.453	0.000
16.463	0.000
16.473	0.000
16.483	0.000
16.493	0.000
16.503	0.000
16.513	0.000
16.523	0.000
16.533	0.000
16.543	0.000
16.553	0.000
16.563	0.000
16.573	0.000
16.583	0.000
16.593	0.000
16.603	0.000
16.613	0.000
16.623	0.000
16.633	0.000
16.643	0.000
16.653	0.000
16.663	0.000
16.673	0.000
16.683	0.000
16.693	0.000
16.703	0.000
16.713	0.000
16.723	0.000
16.733	0.000
16.743	0.000
16.753	0.000
16.763	0.000
16.773	0.000
16.783	0.000
16.793	0.000
16.803	0.000
16.813	0.000
16.823	0.000
16.833	0.000
16.843	0.000
16.853	0.000
16.863	0.000
16.873	0.000
16.883	0.000
16.893	0.000
16.903	0.000
16.913	0.000
16.923	0.000
16.933	0.000
16.943	0.000
16.953	0.000
16.963	0.000
16.973	0.000
16.983	0.000
16.993	0.000
17.003	0.000
17.013	0.000
17.023	0.000
17.033	0.000
17.043	0.000
17.053	0.000
17.063	0.000
17.073	0.000
17.083	0.000
17.093	0.000
17.103	0.000
17.113	0.000
17.123	0.000
17.133	0.000
17.143	0.000
17.153	0.000
17.163	0.000
17.173	0.000
17.183	0.000
17.193	0.000
17.203	0.000
17.213	0.000
17.223	0.000
17.233	0.000
17.243	0.000
17.253	0.000
17.263	0.000
17.273	0.000
17.283	0.000
17.293	0.000
17.303	0.000
17.313	0.000
17.323	0.000
17.333	0.000
17.343	0.000
17.353	0.000
17.363	0.000
17.373	0.000
17.383	0.000
17.393	0.000
17.403	0.000
17.413	0.000
17.423	0.000
17.433	0.000
17.443	0.000
17.453	0.000
17.463	0.000
17.473	0.000
17.483	0.000
17.493	0.000
17.503	0.000
17.513	0.000
17.523	0.000
17.533	0.000
17.543	0.000
17.553	0.000
17.563	0.000
17.573	0.000
17.583	0.000
17.593	0.000
17.603	0.000
17.613	0.000
17.623	0.000
17.633	0.000
17.643	0.000
17.653	0.000
17.663	0.000
17.673	0.000
17.683	0.000
17.693	0.000
17.703	0.000
17.713	0.000
17.723	0.000
17.733	0.000
17.743	587.311
17.753	587.958
17.763	588.356
17.773	587.976
17.783	587.642
17.793	586.774
17.803	585.769
17.813	584.706
17.823	584.004
17.833	583.586
17.843	583.582
17.853	583.833
17.863	584.538
17.873	585.200
17.883	585.734
17.893	586.155
17.903	586.798
17.913	587.783
17.923	588.823
17.933	589.165
17.943	589.929
17.953	590.207
17.963	590.155
17.973	589.756
17.983	588.690
17.993	587.252
18.003	586.609
18.013	584.962
18.023	583.537
18.033	583.184
18.043	582.384
18.053	582.288
18.063	582.897
18.073	583.405
18.083	585.096
18.093	586.746
18.103	588.549
18.113	589.319
18.123	591.221
18.133	592.383
18.143	592.519
18.153	592.301
18.163	591.300
18.173	589.732
18.183	589.107
18.193	587.502
18.203	586.012
18.213	585.445
18.223	584.931
18.233	584.854
18.243	585.003
18.253	585.215
18.263	586.169
18.273	587.568
18.283	588.517
18.293	588.966
18.303	589.681
18.313	590.104
18.323	589.810
18.333	589.285
18.343	588.535
18.353	587.280
18.363	586.878
18.373	586.248
18.383	586.253
18.393	586.395
18.403	586.586
18.413	587.161
18.423	588.231
18.433	588.494
18.443	589.125
18.453	590.038
18.463	590.885
18.473	591.029
18.483	591.470
18.493	591.613
18.503	591.519
18.513	591.149
18.523	589.839
18.533	586.569
18.543	585.466
18.553	583.729
18.563	580.924
18.573	583.971
18.583	587.905
18.593	590.842
18.603	591.444
18.613	590.843
18.623	590.207
18.633	589.043
18.643	587.706
18.653	587.119
18.663	586.415
18.673	586.637
18.683	586.928
18.693	587.916
18.703	589.150
18.713	590.618
18.723	591.616
18.733	593.304
18.743	593.875
18.753	593.835
18.763	593.626
18.773	593.667
18.783	592.978
18.793	592.430
18.803	590.858
18.813	589.052
18.823	587.402
18.833	586.715
18.843	586.039
18.853	586.364
18.863	586.661
18.873	587.722
18.883	589.066
18.893	590.896
18.903	591.952
18.913	593.889
18.923	594.173
18.933	593.651
18.943	593.592
18.953	592.966
18.963	592.340
18.973	591.858
18.983	590.774
18.993	589.264
19.003	587.681
19.013	587.114
19.023	586.472
19.033	586.712
19.043	586.888
19.053	587.613
19.063	588.680
19.073	589.964
19.083	590.453
19.093	592.015
19.103	592.655
19.113	592.319
19.123	592.088
19.133	591.996
19.143	591.214
19.153	590.956
19.163	590.022
19.173	589.085
19.183	588.094
19.193	587.587
19.203	586.731
19.213	586.132
19.223	586.437
19.233	586.742
19.243	587.652
19.253	588.736
19.263	589.157
19.273	590.278
19.283	590.900
19.293	591.104
19.303	590.907
19.313	590.556
19.323	590.014
19.333	589.740
19.343	589.115
19.353	588.551
19.363	588.695
19.373	588.994
19.383	589.835
19.393	590.258
19.403	590.397
19.413	590.121
19.423	588.518
19.433	587.959
19.443	589.319
19.453	577.091
19.463	567.592
19.473	565.653
19.483	565.473
19.493	565.391
19.503	564.372
19.513	563.510
19.523	562.270
19.533	560.966
19.543	559.027
19.553	558.705
19.563	558.420
19.573	558.054
19.583	558.173
19.593	559.405
19.603	560.667
19.613	561.971
19.623	562.852
19.633	564.641
19.643	566.064
19.653	567.121
19.663	567.406
19.673	567.517
19.683	566.963
19.693	566.490
19.703	565.332
19.713	563.619
19.723	561.467
19.733	560.294
19.743	558.497
19.753	558.184
19.763	558.365
19.773	559.419
19.783	560.640
19.793	561.983
19.803	563.001
19.813	564.542
19.823	566.067
19.833	567.162
19.843	567.518
19.853	567.674
19.863	567.289
19.873	567.039
19.883	566.606
19.893	565.909
19.903	564.091
19.913	563.124
19.923	560.922
19.933	558.909
19.943	558.920
19.953	559.900
19.963	561.451
19.973	562.720
19.983	563.185
19.993	564.218
20.003	565.450
20.013	566.635
20.023	567.015
20.033	567.160
20.043	567.099
20.053	566.723
20.063	565.943
20.073	564.714
20.083	563.392
20.093	562.561
20.103	560.984
20.113	560.370
20.123	560.972
20.133	561.247
20.143	562.257
20.153	563.290
20.163	563.695
20.173	564.126
20.183	563.984
20.193	563.894
20.203	563.846
20.213	563.420
20.223	562.628
20.233	562.160
20.243	561.169
20.253	560.950
20.263	561.325
20.273	561.586
20.283	561.927
20.293	562.179
20.303	562.292
20.313	562.149
20.323	561.498
20.333	560.362
20.343	0.000
20.353	0.000
20.363	494.240
20.373	496.310
20.383	496.369
20.393	496.843
20.403	497.053
20.413	496.876
20.423	496.461
20.433	495.994
20.443	495.119
20.453	495.050
20.463	494.819
20.473	494.822
20.483	494.943
20.493	494.980
20.503	495.239
20.513	495.438
20.523	495.617
20.533	496.250
20.543	496.685
20.553	496.895
20.563	496.957
20.573	497.119
20.583	497.100
20.593	496.930
20.603	496.467
20.613	495.502
20.623	494.765
20.633	494.399
20.643	494.345
20.653	494.461
20.663	495.097
20.673	495.606
20.683	496.121
20.693	496.881
20.703	497.116
20.713	497.571
20.723	498.005
20.733	497.924
20.743	498.038
20.753	497.753
20.763	497.210
20.773	496.764
20.783	495.520
20.793	494.384
20.803	493.458
20.813	493.201
20.823	493.241
20.833	493.942
20.843	494.796
20.853	495.452
20.863	496.581
20.873	496.932
20.883	497.335
20.893	497.589
20.903	497.830
20.913	498.001
20.923	497.868
20.933	497.636
20.943	497.004
20.953	496.495
20.963	495.628
20.973	494.715
20.983	494.141
20.993	493.948
21.003	494.076
21.013	495.027
21.023	496.014
21.033	496.297
21.043	496.598
21.053	496.934
21.063	497.096
21.073	497.158
21.083	497.501
21.093	497.473
21.103	497.585
21.113	497.556
21.123	497.411
21.133	497.629
21.143	497.420
21.153	497.472
21.163	497.551
21.173	497.446
21.183	497.686
21.193	497.476
21.203	497.556
21.213	497.567
21.223	497.516
21.233	497.814
21.243	497.750
21.253	497.808
21.263	498.058
21.273	498.204
21.283	498.242
21.293	499.471
21.303	500.598
21.313	499.630
21.323	500.755
21.333	0.000
21.343	582.964
21.353	585.590
21.363	589.325
21.373	591.042
21.383	591.877
21.393	592.095
21.403	592.256
21.413	592.089
21.423	592.170
21.433	591.428
21.443	590.657
21.453	589.931
21.463	589.703
21.473	589.162
21.483	589.134
21.493	589.195
21.503	589.332
21.513	589.567
21.523	589.893
21.533	590.164
21.543	591.210
21.553	592.319
21.563	592.986
21.573	593.143
21.583	593.651
21.593	593.937
21.603	593.818
21.613	593.947
21.623	593.584
21.633	592.841
21.643	592.361
21.653	591.065
21.663	589.940
21.673	589.070
21.683	588.903
21.693	588.908
21.703	589.259
21.713	589.565
21.723	590.417
21.733	591.797
21.743	592.793
21.753	593.196
21.763	593.627
21.773	594.126
21.783	594.281
21.793	594.605
21.803	594.497
21.813	594.097
21.823	593.554
21.833	592.402
21.843	590.621
21.853	589.407
21.863	589.250
21.873	589.368
21.883	590.056
21.893	590.321
21.903	591.279
21.913	592.586
21.923	593.492
21.933	593.761
21.943	594.364
21.953	594.569
21.963	594.639
21.973	594.445
21.983	594.193
21.993	593.612
22.003	592.883
22.013	591.473
22.023	590.152
22.033	589.610
22.043	589.527
22.053	589.704
22.063	590.119
22.073	590.426
22.083	590.714
22.093	590.763
22.103	591.119
22.113	591.283
22.123	591.844
22.133	592.098
22.143	591.743
22.153	589.756
22.163	587.496
22.173	584.864
22.183	584.783
22.193	592.826
22.203	595.268
22.213	595.874
22.223	595.972
22.233	595.454
22.243	594.009
22.253	593.036
22.263	591.273
22.273	589.197
22.283	587.435
22.293	586.906
22.303	587.133
22.313	588.155
22.323	588.956
22.333	590.492
22.343	592.824
22.353	595.128
22.363	595.417
22.373	596.204
22.383	596.874
22.393	597.041
22.403	596.986
22.413	595.976
22.423	594.345
22.433	593.151
22.443	590.360
22.453	587.961
22.463	586.559
22.473	586.662
22.483	587.790
22.493	589.033
22.503	589.711
22.513	591.562
22.523	593.666
22.533	595.115
22.543	594.934
22.553	594.928
22.563	594.852
22.573	594.466
22.583	594.161
22.593	593.388
22.603	592.000
22.613	591.183
22.623	589.651
22.633	588.838
22.643	588.724
22.653	588.628
22.663	589.059
22.673	589.789
22.683	590.647
22.693	591.163
22.703	591.947
22.713	592.197
22.723	592.207
22.733	592.451
22.743	592.151
22.753	591.503
22.763	591.218
22.773	590.897
22.783	590.725
22.793	590.714
22.803	591.079
22.813	591.074
22.823	591.146
22.833	591.060
22.843	590.996
22.853	591.021
22.863	591.105
22.873	591.204
22.883	591.167
22.893	591.081
22.903	591.262
22.913	591.257
22.923	591.596
22.933	591.375
22.943	591.348
22.953	591.253
22.963	591.212
22.973	591.346
22.983	591.439
22.993	591.911
23.003	592.585
23.013	593.057
23.023	593.466
23.033	594.234
23.043	595.650
23.053	599.615
23.063	646.276
23.073	658.191
23.083	661.444
23.093	665.433
23.103	667.793
23.113	669.288
23.123	669.777
23.133	669.656
23.143	669.587
23.153	669.613
23.163	669.654
23.173	669.548
23.183	669.257
23.193	669.018
23.203	668.487
23.213	668.238
23.223	668.167
23.233	667.844
23.243	668.563
23.253	669.626
23.263	670.256
23.273	671.175
23.283	671.767
23.293	671.444
23.303	672.364
23.313	672.113
23.323	666.261
23.333	659.272
23.343	0.000
23.353	0.000
23.363	0.000
23.373	0.000
23.383	577.964
23.393	588.581
23.403	592.656
23.413	593.078
23.423	593.555
23.433	593.232
23.443	593.004
23.453	592.352
23.463	592.049
23.473	592.084
23.483	592.228
23.493	592.186
23.503	591.992
23.513	592.135
23.523	591.859
23.533	591.683
23.543	591.397
23.553	591.510
23.563	591.410
23.573	591.587
23.583	591.500
23.593	591.473
23.603	591.960
23.613	591.459
23.623	590.973
23.633	590.980
23.643	590.987
23.653	591.036
23.663	591.379
23.673	567.926
23.683	564.422
23.693	565.142
23.703	565.723
23.713	565.335
23.723	564.981
23.733	564.862
23.743	564.739
23.753	564.532
23.763	564.447
23.773	564.542
23.783	564.845
23.793	564.843
23.803	564.851
23.813	565.139
23.823	565.426
23.833	565.553
23.843	565.568
23.853	565.979
23.863	566.549
23.873	566.693
23.883	567.036
23.893	0.000
23.903	0.000
23.913	0.000
23.923	0.000
23.933	0.000
23.943	0.000
23.953	0.000
23.963	0.000
23.973	0.000
23.983	0.000
23.993	0.000
24.003	0.000
24.013	585.174
24.023	584.652
24.033	583.677
24.043	582.823
24.053	582.871
24.063	583.049
24.073	584.052
24.083	585.540
24.093	586.592
24.103	588.801
24.113	591.024
24.123	593.602
24.133	594.509
24.143	595.103
24.153	594.654
24.163	594.530
24.173	594.234
24.183	593.499
24.193	592.302
24.203	591.338
24.213	589.297
24.223	586.979
24.233	584.628
24.243	583.919
24.253	584.208
24.263	585.019
24.273	585.507
24.283	586.906
24.293	588.256
24.303	589.761
24.313	590.640
24.323	592.465
24.333	593.473
24.343	593.310
24.353	592.362
24.363	590.963
24.373	589.728
24.383	589.167
24.393	587.743
24.403	586.308
24.413	585.653
24.423	585.792
24.433	586.142
24.443	586.910
24.453	587.436
24.463	588.603
24.473	589.171
24.483	589.784
24.493	590.057
24.503	591.229
24.513	591.663
24.523	591.302
24.533	590.232
24.543	589.127
24.553	587.712
24.563	587.309
24.573	587.140
24.583	587.368
24.593	586.974
24.603	587.350
24.613	587.844
24.623	588.564
24.633	588.859
24.643	590.106
24.653	591.186
24.663	591.893
24.673	591.931
24.683	591.827
24.693	591.262
24.703	591.528
24.713	590.811
24.723	590.155
24.733	589.635
24.743	589.863
24.753	589.763
24.763	589.545
24.773	589.852
24.783	589.822
24.793	590.328
24.803	589.355
24.813	589.694
24.823	591.247
24.833	594.546
24.843	593.873
24.853	591.940
24.863	590.921
24.873	594.496
24.883	593.807
24.893	593.735
24.903	590.988
24.913	590.568
24.923	588.211
24.933	584.077
24.943	586.536
24.953	588.905
24.963	589.338
24.973	589.875
24.983	589.989
24.993	589.721
25.003	588.134
25.013	585.476
25.023	583.338
25.033	582.896
25.043	583.180
25.053	584.139
25.063	584.809
25.073	586.264
25.083	588.057
25.093	590.153
25.103	591.237
25.113	593.590
25.123	594.777
25.133	594.257
25.143	593.591
25.153	592.638
25.163	590.974
25.173	590.114
25.183	588.004
25.193	585.937
25.203	584.891
25.213	584.898
25.223	585.569
25.233	586.597
25.243	588.076
25.253	588.996
25.263	590.676
25.273	592.711
25.283	593.714
25.293	594.482
25.303	594.006
25.313	593.412
25.323	593.097
25.333	592.352
25.343	591.315
25.353	590.740
25.363	588.963
25.373	587.514
25.383	586.966
25.393	587.040
25.403	587.383
25.413	588.251
25.423	589.469
25.433	590.070
25.443	591.198
25.453	592.417
25.463	592.638
25.473	592.658
25.483	592.596
25.493	592.465
25.503	592.242
25.513	591.602
25.523	590.492
25.533	590.043
25.543	589.084
25.553	588.154
25.563	587.753
25.573	587.925
25.583	588.560
25.593	589.181
25.603	590.024
25.613	590.384
25.623	591.005
25.633	591.331
25.643	591.509
25.653	591.122
25.663	590.748
25.673	590.421
25.683	590.340
25.693	590.382
25.703	590.530
25.713	590.496
25.723	590.869
25.733	590.891
25.743	590.768
25.753	590.486
25.763	591.123
25.773	591.593
25.783	593.774
25.793	594.976
25.803	596.259
25.813	595.783
25.823	595.675
25.833	594.526
25.843	593.598
25.853	592.042
25.863	591.072
25.873	588.569
25.883	585.965
25.893	584.868
25.903	584.406
25.913	585.539
25.923	587.099
25.933	587.961
25.943	589.591
25.953	591.319
25.963	594.447
25.973	595.715
25.983	595.971
25.993	595.794
26.003	595.931
26.013	595.688
26.023	595.065
26.033	593.922
26.043	592.897
26.053	590.398
26.063	588.298
26.073	587.346
26.083	586.155
26.093	586.542
26.103	587.675
26.113	588.165
26.123	589.509
26.133	591.152
26.143	593.191
26.153	593.855
26.163	594.642
26.173	595.144
26.183	595.240
26.193	594.933
26.203	594.040
26.213	592.492
26.223	591.283
26.233	588.803
26.243	587.324
26.253	586.995
26.263	587.057
26.273	587.810
26.283	588.773
26.293	589.286
26.303	590.366
26.313	591.998
26.323	593.260
26.333	593.683
26.343	593.815
26.353	593.952
26.363	593.593
26.373	593.419
26.383	592.612
26.393	591.003
26.403	590.223
26.413	588.699
26.423	587.844
26.433	587.942
26.443	588.268
26.453	588.538
26.463	589.033
26.473	589.596
26.483	590.472
26.493	591.338
26.503	591.576
26.513	591.775
26.523	591.532
26.533	591.565
26.543	591.434
26.553	590.502
26.563	589.646
26.573	589.889
26.583	590.077
26.593	590.594
26.603	590.644
26.613	590.675
26.623	590.599
26.633	588.800
26.643	587.025
26.653	580.545
26.663	570.342
26.673	566.788
26.683	567.257
26.693	567.040
26.703	566.213
26.713	565.448
26.723	565.036
26.733	563.400
26.743	561.344
26.753	559.716
26.763	559.294
26.773	559.135
26.783	560.838
26.793	562.661
26.803	563.165
26.813	564.759
26.823	566.462
26.833	567.178
26.843	568.273
26.853	568.536
26.863	568.389
26.873	568.085
26.883	566.700
26.893	564.313
26.903	563.040
26.913	560.424
26.923	558.133
26.933	557.926
26.943	558.283
26.953	559.556
26.963	561.657
26.973	563.619
26.983	564.507
26.993	566.432
27.003	568.215
27.013	568.980
27.023	569.645
27.033	569.594
27.043	569.082
27.053	568.657
27.063	567.128
27.073	564.843
27.083	563.604
27.093	560.994
27.103	559.583
27.113	560.141
27.123	560.959
27.133	563.012
27.143	564.937
27.153	566.945
27.163	567.805
27.173	569.303
27.183	569.986
27.193	570.205
27.203	570.098
27.213	569.537
27.223	568.600
27.233	567.855
27.243	566.094
27.253	563.675
27.263	562.588
27.273	561.092
27.283	561.326
27.293	563.220
27.303	564.159
27.313	565.672
27.323	566.649
27.333	567.532
27.343	567.866
27.353	568.299
27.363	568.113
27.373	567.836
27.383	567.197
27.393	566.774
27.403	566.043
27.413	565.680
27.423	565.055
27.433	564.845
27.443	564.852
27.453	565.099
27.463	565.419
27.473	565.869
27.483	566.037
27.493	566.113
27.503	566.061
27.513	565.590
27.523	565.057
27.533	562.394
27.543	0.000
27.553	0.000
27.563	498.675
27.573	498.284
27.583	498.308
27.593	498.234
27.603	498.028
27.613	497.760
27.623	497.437
27.633	497.085
27.643	496.496
27.653	495.792
27.663	495.618
27.673	494.965
27.683	494.686
27.693	494.460
27.703	494.353
27.713	494.624
27.723	495.353
27.733	495.555
27.743	496.215
27.753	496.919
27.763	497.299
27.773	497.613
27.783	497.866
27.793	497.855
27.803	497.523
27.813	497.119
27.823	496.072
27.833	494.854
27.843	494.261
27.853	493.330
27.863	492.867
27.873	493.269
27.883	493.606
27.893	494.632
27.903	495.793
27.913	496.443
27.923	497.332
27.933	497.869
27.943	498.359
27.953	498.358
27.963	498.174
27.973	497.553
27.983	496.640
27.993	496.057
28.003	495.482
28.013	495.284
28.023	495.137
28.033	495.167
28.043	495.685
28.053	495.876
28.063	496.321
28.073	496.749
28.083	496.899
28.093	497.155
28.103	497.344
28.113	497.564
28.123	497.379
28.133	497.223
28.143	497.134
28.153	497.490
28.163	498.073
28.173	498.012
28.183	498.183
28.193	498.699
28.203	499.095
28.213	500.041
28.223	499.560
28.233	499.200
28.243	496.799
28.253	0.000
28.263	0.000
28.273	0.000
28.283	0.000
28.293	0.000
28.303	0.000
28.313	0.000
28.323	0.000
28.333	0.000
28.343	0.000
28.353	0.000
28.363	0.000
28.373	0.000
28.383	0.000
28.393	0.000
28.403	0.000
28.413	0.000
28.423	0.000
28.433	0.000
28.443	0.000
28.453	0.000
28.463	0.000
28.473	654.072
28.483	660.045
28.493	661.978
28.503	664.395
28.513	664.058
28.523	663.436
28.533	663.250
28.543	662.866
28.553	662.468
28.563	662.117
28.573	661.493
28.583	661.061
28.593	660.855
28.603	660.903
28.613	661.105
28.623	661.817
28.633	662.305
28.643	663.208
28.653	663.827
28.663	664.145
28.673	664.477
28.683	0.000
28.693	0.000
28.703	0.000
28.713	0.000
28.723	0.000
28.733	0.000
28.743	0.000
28.753	0.000
28.763	658.415
28.773	663.024
28.783	664.105
28.793	664.861
28.803	664.596
28.813	664.584
28.823	664.664
28.833	664.874
28.843	664.926
28.853	664.995
28.863	665.195
28.873	665.353
28.883	665.373
28.893	665.495
28.903	666.167
28.913	666.139
28.923	665.202
28.933	663.063
28.943	656.734
28.953	652.003
28.963	0.000
28.973	0.000
28.983	0.000
28.993	0.000
29.003	0.000
29.013	0.000
29.023	0.000
29.033	0.000
29.043	0.000
29.053	559.757
29.063	559.759
29.073	559.585
29.083	558.738
29.093	558.498
29.103	558.425
29.113	558.474
29.123	558.395
29.133	558.569
29.143	558.576
29.153	558.704
29.163	558.867
29.173	559.630
29.183	559.902
29.193	560.774
29.203	561.395
29.213	562.388
29.223	0.000
29.233	0.000
29.243	0.000
29.253	0.000
29.263	0.000
29.273	0.000
29.283	0.000
29.293	0.000
29.303	0.000
29.313	0.000
29.323	0.000
29.333	656.486
29.343	659.305
29.353	660.505
29.363	661.090
29.373	661.384
29.383	661.225
29.393	661.156
29.403	661.038
29.413	661.104
29.423	661.041
29.433	660.886
29.443	660.668
29.453	660.781
29.463	660.811
29.473	661.209
29.483	661.815
29.493	662.176
29.503	661.931
29.513	659.992
29.523	657.005
29.533	0.000
29.543	0.000
29.553	0.000
29.563	0.000
29.573	0.000
29.583	0.000
29.593	0.000
29.603	650.348
29.613	654.092
29.623	658.527
29.633	661.007
29.643	662.059
29.653	662.672
29.663	662.973
29.673	663.107
29.683	663.109
29.693	662.842
29.703	662.717
29.713	662.640
29.723	662.692
29.733	662.899
29.743	663.155
29.753	663.382
29.763	663.687
29.773	663.497
29.783	663.107
29.793	661.421
29.803	0.000
29.813	0.000
29.823	0.000
29.833	0.000
29.843	0.000
29.853	0.000
29.863	0.000
29.873	0.000
29.883	0.000
29.893	550.868
29.903	555.319
29.913	561.070
29.923	561.623
29.933	561.869
29.943	561.397
29.953	561.211
29.963	561.265
29.973	561.249
29.983	561.300
29.993	561.580
30.003	561.602
30.013	561.667
30.023	561.798
30.033	562.107
30.043	562.271
30.053	562.763
30.063	563.173
30.073	0.000
30.083	0.000
30.093	0.000
30.103	0.000
30.113	0.000
30.123	0.000
30.133	0.000
30.143	0.000
30.153	0.000
30.163	0.000
30.173	0.000
30.183	0.000
30.193	657.763
30.203	661.037
30.213	662.620
30.223	662.332
30.233	661.424
30.243	660.960
30.253	661.226
30.263	661.541
30.273	662.401
30.283	663.359
30.293	663.685
30.303	664.380
30.313	665.223
30.323	665.400
30.333	665.282
30.343	665.595
30.353	668.460
30.363	0.000
30.373	0.000
30.383	0.000
30.393	0.000
30.403	0.000
30.413	0.000
30.423	0.000
30.433	0.000
30.443	0.000
30.453	0.000
30.463	641.534
30.473	647.191
30.483	654.857
30.493	659.604
30.503	663.015
30.513	664.237
30.523	664.857
30.533	665.111
30.543	665.090
30.553	665.072
30.563	664.930
30.573	664.958
30.583	664.905
30.593	665.134
30.603	665.786
30.613	666.509
30.623	666.940
30.633	667.433
30.643	666.300
30.653	665.636
30.663	659.027
30.673	654.107
30.683	0.000
30.693	0.000
30.703	0.000
30.713	0.000
30.723	0.000
30.733	0.000
30.743	0.000
30.753	0.000
30.763	0.000
30.773	0.000
30.783	555.691
30.793	555.233
30.803	555.776
30.813	556.118
30.823	556.711
30.833	556.810
30.843	556.908
30.853	556.912
30.863	557.216
30.873	557.465
30.883	557.793
30.893	557.788
30.903	558.009
30.913	558.071
30.923	558.478
30.933	559.161
30.943	559.040
30.953	558.950
30.963	558.676
30.973	558.915
30.983	558.644
30.993	558.993
31.003	0.000
31.013	0.000
31.023	0.000
31.033	0.000
31.043	864.154
31.053	862.583
31.063	863.716
31.073	873.073
31.083	884.194
31.093	885.889
31.103	886.567
31.113	886.249
31.123	886.124
31.133	885.748
31.143	885.910
31.153	886.262
31.163	886.513
31.173	886.350
31.183	882.927
31.193	880.161
31.203	883.196
31.213	886.352
31.223	887.359
31.233	888.051
31.243	888.852
31.253	889.843
31.263	891.478
31.273	891.955
31.283	893.094
31.293	893.157
31.303	893.938
31.313	898.856
31.323	894.957
31.333	895.247
31.343	896.614
31.353	896.852
31.363	894.240
31.373	893.384
31.383	891.668
31.393	889.756
31.403	888.208
31.413	887.781
31.423	888.342
31.433	890.038
31.443	891.894
31.453	892.950
31.463	893.156
31.473	893.290
31.483	893.350
31.493	893.228
31.503	892.528
31.513	891.915
31.523	890.920
31.533	890.438
31.543	891.667
31.553	895.014
31.563	895.686
31.573	894.026
31.583	896.978
31.593	893.869
31.603	896.142
31.613	905.315
31.623	0.000
31.633	0.000
31.643	0.000
31.653	0.000
31.663	0.000
31.673	0.000
31.683	0.000
31.693	0.000
31.703	0.000
31.713	0.000
31.723	0.000
31.733	0.000
31.743	0.000
31.753	0.000
31.763	0.000
31.773	0.000
31.783	0.000
31.793	0.000
31.803	0.000
31.813	0.000
31.823	0.000
31.833	0.000
31.843	0.000
31.853	0.000
31.863	0.000
31.873	0.000
31.883	0.000
31.893	0.000
31.903	0.000
31.913	0.000
31.923	0.000
31.933	0.000
31.943	0.000
31.953	0.000
31.963	0.000
31.973	247.696
31.983	248.954
31.993	249.402
32.003	249.535
32.013	249.194
32.023	249.042
32.033	248.795
32.043	248.554
32.053	248.126
32.063	247.968
32.073	247.948
32.083	248.520
32.093	248.894
32.103	248.883
32.113	248.729
32.123	248.772
32.133	248.911
32.143	249.388
32.153	249.874
32.163	250.136
32.173	250.153
32.183	249.964
32.193	249.413
32.203	249.007
32.213	248.220
32.223	247.390
32.233	246.668
32.243	246.428
32.253	246.358
32.263	246.669
32.273	247.125
32.283	247.583
32.293	248.349
32.303	248.946
32.313	249.276
32.323	249.580
32.333	249.681
32.343	249.429
32.353	249.191
32.363	248.675
32.373	248.157
32.383	247.928
32.393	247.327
32.403	246.966
32.413	246.803
32.423	246.806
32.433	246.993
32.443	247.289
32.453	247.687
32.463	247.915
32.473	248.627
32.483	249.466
32.493	250.078
32.503	252.363
32.513	254.945
32.523	250.998
32.533	250.168
32.543	249.405
32.553	248.958
32.563	248.781
32.573	248.434
32.583	248.206
32.593	248.141
32.603	248.183
32.613	248.291
32.623	248.500
32.633	248.755
32.643	248.825
32.653	249.063
32.663	249.140
32.673	249.140
32.683	249.161
32.693	249.092
32.703	249.223
32.713	249.421
32.723	250.141
32.733	249.657
32.743	249.447
32.753	248.093
32.763	0.000
32.773	0.000
32.783	0.000
32.793	0.000
32.803	0.000
32.813	0.000
32.823	374.411
32.833	374.542
32.843	376.146
32.853	376.249
32.863	376.180
32.873	375.188
32.883	373.638
32.893	373.532
32.903	373.698
32.913	376.714
32.923	378.393
32.933	378.710
32.943	374.846
32.953	371.445
32.963	370.724
32.973	371.783
32.983	373.423
32.993	373.840
33.003	374.149
33.013	375.186
33.023	375.774
33.033	375.452
33.043	375.622
33.053	375.266
33.063	374.252
33.073	373.606
33.083	371.906
33.093	370.782
33.103	370.427
33.113	370.678
33.123	371.504
33.133	373.038
33.143	373.502
33.153	373.730
33.163	374.016
33.173	374.621
33.183	374.937
33.193	375.387
33.203	374.670
33.213	374.950
33.223	373.961
33.233	373.404
33.243	373.308
33.253	373.215
33.263	373.843
33.273	373.984
33.283	373.301
33.293	373.503
33.303	373.399
33.313	373.674
33.323	374.148
33.333	374.638
33.343	374.258
33.353	374.132
33.363	374.062
33.373	372.571
33.383	371.013
33.393	0.000
33.403	0.000
33.413	0.000
33.423	370.828
33.433	369.875
33.443	369.357
33.453	368.462
33.463	367.440
33.473	367.060
33.483	366.901
33.493	366.857
33.503	366.882
33.513	366.897
33.523	367.101
33.533	367.422
33.543	367.571
33.553	367.997
33.563	368.337
33.573	368.459
33.583	368.706
33.593	368.787
33.603	368.894
33.613	368.850
33.623	368.942
33.633	369.084
33.643	369.113
33.653	369.007
33.663	369.081
33.673	369.138
33.683	368.786
33.693	368.142
33.703	366.796
33.713	371.748
33.723	371.925
33.733	372.624
33.743	372.638
33.753	372.506
33.763	372.494
33.773	371.993
33.783	371.254
33.793	370.956
33.803	370.025
33.813	368.540
33.823	367.747
33.833	367.392
33.843	366.982
33.853	366.855
33.863	367.120
33.873	367.792
33.883	368.912
33.893	369.568
33.903	369.844
33.913	370.474
33.923	371.317
33.933	371.493
33.943	371.832
33.953	371.482
33.963	370.706
33.973	370.291
33.983	369.167
33.993	367.916
34.003	367.391
34.013	367.405
34.023	368.058
34.033	368.562
34.043	368.666
34.053	369.222
34.063	370.116
34.073	370.832
34.083	370.990
34.093	371.117
34.103	370.775
34.113	370.882
34.123	371.129
34.133	371.125
34.143	369.975
34.153	369.438
34.163	368.966
34.173	369.052
34.183	368.868
34.193	369.195
34.203	369.570
34.213	370.655
34.223	371.337
34.233	371.919
34.243	371.999
34.253	372.179
34.263	372.363
34.273	371.611
34.283	370.918
34.293	0.000
34.303	0.000
34.313	0.000
34.323	367.453
34.333	368.141
34.343	369.022
34.353	369.709
34.363	370.242
34.373	370.406
34.383	370.753
34.393	371.074
34.403	371.194
34.413	371.261
34.423	371.022
34.433	370.735
34.443	370.614
34.453	370.413
34.463	370.457
34.473	370.227
34.483	370.169
34.493	370.447
34.503	370.833
34.513	370.965
34.523	371.055
34.533	372.091
34.543	374.722
34.553	374.721
34.563	373.308
34.573	0.000
34.583	0.000
34.593	0.000
34.603	0.000
34.613	0.000
34.623	0.000
34.633	247.113
34.643	246.509
34.653	245.750
34.663	245.272
34.673	245.306
34.683	245.386
34.693	245.226
34.703	244.782
34.713	244.658
34.723	244.876
34.733	244.897
34.743	244.924
34.753	245.042
34.763	245.289
34.773	245.844
34.783	246.303
34.793	246.580
34.803	246.726
34.813	246.851
34.823	246.884
34.833	246.690
34.843	246.607
34.853	246.344
34.863	246.011
34.873	245.765
34.883	245.357
34.893	245.076
34.903	245.253
34.913	245.386
34.923	246.003
34.933	246.452
34.943	246.639
34.953	247.043
34.963	247.334
34.973	247.456
34.983	247.500
34.993	247.492
35.003	247.379
35.013	247.425
35.023	247.378
35.033	247.363
35.043	247.328
35.053	247.438
35.063	247.365
35.073	247.166
35.083	246.992
35.093	246.897
35.103	247.167
35.113	248.680
35.123	250.072
35.133	0.000
35.143	0.000
35.153	0.000
35.163	0.000
35.173	0.000
35.183	0.000
35.193	0.000
35.203	0.000
35.213	247.947
35.223	248.823
35.233	249.154
35.243	249.636
35.253	249.701
35.263	249.173
35.273	248.886
35.283	248.473
35.293	248.159
35.303	248.100
35.313	247.932
35.323	247.866
35.333	247.735
35.343	247.693
35.353	247.636
35.363	247.582
35.373	247.527
35.383	247.474
35.393	247.470
35.403	247.352
35.413	247.382
35.423	247.347
35.433	247.418
35.443	247.543
35.453	247.671
35.463	248.136
35.473	248.945
35.483	249.954
35.493	251.158
35.503	253.761
35.513	250.912
35.523	250.865
35.533	250.401
35.543	250.026
35.553	249.848
35.563	249.952
35.573	249.897
35.583	249.429
35.593	249.181
35.603	248.591
35.613	247.890
35.623	247.064
35.633	246.664
35.643	246.310
35.653	246.400
35.663	246.879
35.673	247.084
35.683	247.752
35.693	248.188
35.703	248.429
35.713	248.759
35.723	248.892
35.733	248.945
35.743	248.778
35.753	248.398
35.763	247.834
35.773	247.501
35.783	246.796
35.793	246.240
35.803	246.094
35.813	246.086
35.823	246.444
35.833	246.842
35.843	247.399
35.853	247.562
35.863	247.987
35.873	248.062
35.883	248.144
35.893	248.289
35.903	248.454
35.913	248.160
35.923	247.831
35.933	247.258
35.943	247.085
35.953	247.117
35.963	247.267
35.973	247.265
35.983	247.288
35.993	247.473
36.003	247.701
36.013	247.931
36.023	248.066
36.033	248.164
36.043	248.496
36.053	249.740
36.063	251.252
36.073	255.326
36.083	246.325
36.093	247.592
36.103	247.989
36.113	248.484
36.123	248.659
36.133	248.720
36.143	248.791
36.153	248.770
36.163	248.815
36.173	248.783
36.183	248.617
36.193	248.506
36.203	248.294
36.213	248.201
36.223	247.947
36.233	247.706
36.243	247.652
36.253	247.671
36.263	247.938
36.273	248.170
36.283	248.213
36.293	248.275
36.303	248.555
36.313	248.955
36.323	250.227
36.333	254.644
36.343	260.019
36.353	260.922
36.363	261.347
36.373	0.000
36.383	0.000
36.393	0.000
36.403	0.000
36.413	372.145
36.423	372.445
36.433	375.290
36.443	376.457
36.453	374.969
36.463	374.628
36.473	374.900
36.483	373.778
36.493	372.658
36.503	371.553
36.513	370.559
36.523	369.980
36.533	369.932
36.543	370.845
36.553	371.646
36.563	371.749
36.573	371.766
36.583	373.178
36.593	374.185
36.603	374.450
36.613	374.782
36.623	374.406
36.633	373.862
36.643	373.501
36.653	372.033
36.663	370.798
36.673	370.440
36.683	370.365
36.693	370.436
36.703	370.615
36.713	370.804
36.723	371.842
36.733	372.937
36.743	374.153
36.753	374.314
36.763	374.690
36.773	375.141
36.783	374.671
36.793	374.521
36.803	374.861
36.813	373.767
36.823	373.532
36.833	373.058
36.843	372.148
36.853	372.576
36.863	372.945
36.873	373.575
36.883	373.783
36.893	373.810
36.903	374.888
36.913	375.398
36.923	375.111
36.933	374.555
36.943	371.169
36.953	368.666
36.963	0.000
36.973	0.000
36.983	374.606
36.993	374.582
37.003	374.362
37.013	374.485
37.023	374.421
37.033	374.358
37.043	374.280
37.053	374.062
37.063	373.817
37.073	373.670
37.083	373.576
37.093	373.558
37.103	373.465
37.113	373.537
37.123	373.486
37.133	373.642
37.143	373.625
37.153	373.765
37.163	373.713
37.173	373.641
37.183	373.658
37.193	373.707
37.203	373.776
37.213	373.852
37.223	373.951
37.233	374.090
37.243	374.365
37.253	374.459
37.263	375.097
37.273	376.328
37.283	375.453
37.293	375.889
37.303	376.362
37.313	376.584
37.323	376.444
37.333	375.615
37.343	373.732
37.353	372.465
37.363	371.715
37.373	371.162
37.383	370.096
37.393	370.533
37.403	370.624
37.413	370.716
37.423	371.041
37.433	371.626
37.443	372.463
37.453	373.463
37.463	374.460
37.473	374.856
37.483	375.565
37.493	375.575
37.503	375.278
37.513	374.584
37.523	373.491
37.533	371.913
37.543	371.200
37.553	370.135
37.563	369.763
37.573	370.123
37.583	370.516
37.593	371.466
37.603	372.439
37.613	373.026
37.623	373.576
37.633	374.307
37.643	374.986
37.653	374.801
37.663	374.594
37.673	374.070
37.683	373.705
37.693	372.830
37.703	372.111
37.713	371.700
37.723	371.422
37.733	371.413
37.743	371.871
37.753	372.296
37.763	372.168
37.773	373.255
37.783	374.583
37.793	374.462
37.803	375.961
37.813	375.628
37.823	375.553
37.833	375.587
37.843	375.016
37.853	374.251
37.863	372.874
37.873	372.736
37.883	371.752
37.893	371.639
37.903	371.783
37.913	371.924
37.923	372.238
37.933	372.876
37.943	373.112
37.953	373.539
37.963	373.737
37.973	373.870
37.983	373.936
37.993	373.798
38.003	373.650
38.013	373.584
38.023	373.524
38.033	373.608
38.043	373.763
38.053	373.785
38.063	374.049
38.073	374.278
38.083	374.956
38.093	377.524
38.103	377.331
38.113	377.433
38.123	0.000
38.133	0.000
38.143	0.000
38.153	0.000
38.163	0.000
38.173	0.000
38.183	0.000
38.193	0.000
38.203	247.019
38.213	247.912
38.223	247.784
38.233	247.657
38.243	247.559
38.253	247.375
38.263	247.261
38.273	247.019
38.283	247.025
38.293	247.044
38.303	247.099
38.313	247.223
38.323	247.586
38.333	247.772
38.343	248.145
38.353	248.384
38.363	248.508
38.373	248.543
38.383	248.458
38.393	248.395
38.403	248.104
38.413	247.842
38.423	247.436
38.433	246.934
38.443	246.762
38.453	246.547
38.463	246.671
38.473	246.828
38.483	247.054
38.493	247.392
38.503	247.751
38.513	247.887
38.523	248.089
38.533	248.260
38.543	248.174
38.553	248.140
38.563	247.934
38.573	247.681
38.583	247.353
38.593	247.206
38.603	246.923
38.613	246.819
38.623	246.846
38.633	247.128
38.643	247.656
38.653	248.024
38.663	248.263
38.673	248.507
38.683	248.489
38.693	248.657
38.703	248.952
38.713	250.235
38.723	252.401
38.733	252.691
38.743	250.184
38.753	246.566
38.763	246.996
38.773	250.717
38.783	256.700
38.793	247.881
38.803	247.158
38.813	247.341
38.823	247.893
38.833	248.200
38.843	248.209
38.853	248.302
38.863	248.224
38.873	248.199
38.883	248.102
38.893	248.010
38.903	248.048
38.913	248.027
38.923	247.961
38.933	247.792
38.943	247.538
38.953	247.411
38.963	247.224
38.973	247.186
38.983	247.168
38.993	247.170
39.003	247.205
39.013	247.331
39.023	247.429
39.033	247.571
39.043	247.806
39.053	248.111
39.063	0.000
39.073	0.000
39.083	0.000
39.093	0.000
39.103	0.000
39.113	0.000
39.123	0.000
39.133	0.000
39.143	572.983
39.153	576.212
39.163	577.390
39.173	578.404
39.183	579.018
39.193	578.906
39.203	578.592
39.213	577.727
39.223	577.727
39.233	577.947
39.243	578.976
39.253	580.367
39.263	582.469
39.273	583.632
39.283	585.757
39.293	586.820
39.303	587.347
39.313	587.381
39.323	587.312
39.333	586.847
39.343	586.502
39.353	585.567
39.363	584.251
39.373	582.879
39.383	582.390
39.393	581.420
39.403	581.049
39.413	581.286
39.423	581.669
39.433	582.907
39.443	584.714
39.453	585.544
39.463	586.786
39.473	587.434
39.483	587.214
39.493	587.070
39.503	586.632
39.513	586.211
39.523	585.987
39.533	585.287
39.543	584.740
39.553	584.317
39.563	584.426
39.573	584.975
39.583	586.102
39.593	587.231
39.603	587.558
39.613	587.799
39.623	588.178
39.633	588.587
39.643	589.042
39.653	589.241
39.663	589.191
39.673	589.380
39.683	589.035
39.693	587.719
39.703	586.772
39.713	571.260
39.723	578.751
39.733	586.702
39.743	589.103
39.753	589.709
39.763	589.815
39.773	589.822
39.783	589.912
39.793	589.684
39.803	589.494
39.813	589.303
39.823	589.142
39.833	589.056
39.843	588.997
39.853	589.007
39.863	589.008
39.873	589.220
39.883	589.340
39.893	589.557
39.903	589.764
39.913	589.962
39.923	590.065
39.933	590.203
39.943	590.442
39.953	590.493
39.963	590.460
39.973	590.795
39.983	590.387
39.993	592.303
40.003	592.101
40.013	591.446
40.023	590.296
40.033	592.010
40.043	588.448
40.053	0.000
40.063	0.000
40.073	439.709
40.083	441.403
40.093	443.733
40.103	444.020
40.113	443.620
40.123	442.668
40.133	442.322
40.143	441.311
40.153	439.967
40.163	437.788
40.173	437.089
40.183	435.364
40.193	434.781
40.203	434.151
40.213	433.608
40.223	434.076
40.233	436.779
40.243	437.972
40.253	439.960
40.263	441.215
40.273	443.514
40.283	443.871
40.293	444.048
40.303	442.769
40.313	442.255
40.323	441.150
40.333	440.012
40.343	438.133
40.353	438.240
40.363	437.762
40.373	437.984
40.383	438.296
40.393	438.252
40.403	438.890
40.413	439.957
40.423	440.443
40.433	441.008
40.443	442.015
40.453	443.276
40.463	443.582
40.473	443.214
40.483	442.947
40.493	442.629
40.503	442.279
40.513	441.089
40.523	439.988
40.533	439.849
40.543	440.533
40.553	440.677
40.563	440.515
40.573	441.111
40.583	442.745
40.593	444.288
40.603	443.864
40.613	443.500
40.623	443.541
40.633	437.867
40.643	438.420
40.653	440.178
40.663	441.531
40.673	442.661
40.683	442.699
40.693	442.880
40.703	442.631
40.713	442.584
40.723	442.929
40.733	443.035
40.743	442.773
40.753	442.924
40.763	443.556
40.773	443.650
40.783	443.554
40.793	443.767
40.803	443.534
40.813	441.957
40.823	440.824
40.833	438.158
40.843	432.955
40.853	427.237
40.863	420.585
40.873	406.255
40.883	402.520
40.893	402.056
40.903	401.714
40.913	0.000
40.923	0.000
40.933	0.000
40.943	0.000
40.953	0.000
40.963	652.873
40.973	653.289
40.983	654.839
40.993	656.386
41.003	657.376
41.013	659.582
41.023	662.305
41.033	663.986
41.043	663.967
41.053	662.345
41.063	659.191
41.073	657.715
41.083	655.576
41.093	654.486
41.103	654.473
41.113	655.102
41.123	657.003
41.133	660.034
41.143	664.097
41.153	666.187
41.163	669.029
41.173	669.310
41.183	669.041
41.193	668.626
41.203	668.306
41.213	667.314
41.223	666.279
41.233	663.702
41.243	662.022
41.253	661.583
41.263	660.823
41.273	660.572
41.283	660.918
41.293	661.172
41.303	662.977
41.313	666.250
41.323	670.149
41.333	670.820
41.343	670.122
41.353	669.991
41.363	670.183
41.373	671.071
41.383	669.805
41.393	667.491
41.403	666.754
41.413	667.511
41.423	667.095
41.433	666.110
41.443	665.577
41.453	666.541
41.463	667.723
41.473	668.422
41.483	669.031
41.493	668.080
41.503	662.623
41.513	660.744
41.523	657.960
41.533	661.008
41.543	662.697
41.553	664.802
41.563	665.594
41.573	666.304
41.583	666.540
41.593	666.909
41.603	666.957
41.613	667.009
41.623	667.099
41.633	667.169
41.643	667.246
41.653	667.280
41.663	667.128
41.673	667.107
41.683	667.181
41.693	667.255
41.703	667.407
41.713	667.585
41.723	667.815
41.733	667.956
41.743	668.187
41.753	668.224
41.763	668.247
41.773	668.078
41.783	667.351
41.793	666.366
41.803	661.255
41.813	655.617
41.823	0.000
41.833	0.000
41.843	0.000
41.853	497.317
41.863	497.865
41.873	497.719
41.883	497.667
41.893	497.310
41.903	497.017
41.913	496.256
41.923	494.670
41.933	492.720
41.943	491.794
41.953	490.972
41.963	491.118
41.973	491.810
41.983	492.301
41.993	493.743
42.003	494.718
42.013	495.160
42.023	495.693
42.033	496.041
42.043	496.278
42.053	496.294
42.063	496.283
42.073	495.905
42.083	495.564
42.093	494.326
42.103	492.569
42.113	491.190
42.123	490.867
42.133	490.837
42.143	491.944
42.153	493.163
42.163	493.802
42.173	494.856
42.183	495.695
42.193	496.021
42.203	496.591
42.213	497.107
42.223	497.189
42.233	497.005
42.243	496.797
42.253	496.334
42.263	495.953
42.273	495.186
42.283	494.512
42.293	494.118
42.303	494.046
42.313	494.831
42.323	495.600
42.333	496.143
42.343	496.552
42.353	497.183
42.363	497.758
42.373	497.574
42.383	497.678
42.393	497.725
42.403	497.203
42.413	495.689
42.423	495.795
42.433	497.882
42.443	497.689
42.453	497.332
42.463	497.158
42.473	496.631
42.483	496.552
42.493	496.610
42.503	496.478
42.513	496.690
42.523	496.699
42.533	496.851
42.543	496.663
42.553	496.714
42.563	496.977
42.573	497.319
42.583	497.514
42.593	497.535
42.603	497.892
42.613	498.068
42.623	497.927
42.633	496.906
42.643	491.042
42.653	0.000
42.663	0.000
42.673	0.000
42.683	0.000
42.693	0.000
42.703	0.000
42.713	0.000
42.723	0.000
42.733	0.000
42.743	255.821
42.753	250.824
42.763	248.398
42.773	247.773
42.783	246.333
42.793	244.768
42.803	244.382
42.813	244.750
42.823	245.359
42.833	246.239
42.843	246.676
42.853	247.474
42.863	248.060
42.873	248.807
42.883	249.261
42.893	249.938
42.903	250.373
42.913	250.434
42.923	250.250
42.933	249.787
42.943	248.802
42.953	248.285
42.963	247.148
42.973	246.076
42.983	245.689
42.993	245.265
43.003	245.727
43.013	246.435
43.023	246.796
43.033	247.605
43.043	248.357
43.053	248.914
43.063	249.142
43.073	249.487
43.083	249.523
43.093	249.454
43.103	249.111
43.113	248.612
43.123	248.055
43.133	247.754
43.143	247.373
43.153	247.159
43.163	247.147
43.173	247.189
43.183	247.195
43.193	247.494
43.203	247.591
43.213	248.175
43.223	248.479
43.233	248.793
43.243	248.704
43.253	248.876
43.263	248.982
43.273	248.878
43.283	249.204
43.293	250.418
43.303	251.125
43.313	249.500
43.323	249.389
43.333	249.474
43.343	249.703
43.353	249.771
43.363	249.752
43.373	249.678
43.383	249.665
43.393	249.535
43.403	249.515
43.413	249.398
43.423	249.304
43.433	249.088
43.443	248.907
43.453	248.828
43.463	248.702
43.473	248.582
43.483	248.519
43.493	248.537
43.503	248.664
43.513	248.922
43.523	249.075
43.533	249.075
43.543	248.927
43.553	248.684
43.563	248.580
43.573	248.967
43.583	251.049
43.593	0.000
43.603	0.000
43.613	219.437
43.623	220.138
43.633	220.430
43.643	220.783
43.653	220.940
43.663	220.759
43.673	220.682
43.683	220.773
43.693	220.808
43.703	220.599
43.713	220.481
43.723	220.389
43.733	220.357
43.743	220.346
43.753	220.353
43.763	220.397
43.773	220.415
43.783	220.424
43.793	220.365
43.803	220.337
43.813	220.388
43.823	220.464
43.833	220.486
43.843	220.459
43.853	220.435
43.863	220.405
43.873	220.383
43.883	220.523
43.893	220.367
43.903	219.729
43.913	219.131
43.923	219.354
43.933	220.211
43.943	220.616
43.953	220.537
43.963	220.576
43.973	220.698
43.983	220.674
43.993	220.595
44.003	220.519
44.013	220.537
44.023	220.549
44.033	220.528
44.043	220.387
44.053	220.260
44.063	220.191
44.073	220.141
44.083	220.055
44.093	220.040
44.103	220.026
44.113	220.130
44.123	220.208
44.133	220.332
44.143	220.359
44.153	220.375
44.163	220.333
44.173	220.310
44.183	220.364
44.193	220.070
44.203	218.598
44.213	218.381
44.223	218.842
44.233	219.477
44.243	219.960
44.253	220.173
44.263	220.501
44.273	220.713
44.283	220.777
44.293	220.799
44.303	220.713
44.313	220.592
44.323	220.526
44.333	220.488
44.343	220.475
44.353	220.493
44.363	220.475
44.373	220.430
44.383	220.313
44.393	220.233
44.403	220.137
44.413	220.255
44.423	220.449
44.433	220.446
44.443	220.372
44.453	220.268
44.463	220.263
44.473	220.301
44.483	220.410
44.493	220.255
44.503	219.506
44.513	0.000
44.523	0.000
44.533	251.244
44.543	250.791
44.553	250.552
44.563	250.866
44.573	250.432
44.583	249.085
44.593	247.816
44.603	247.210
44.613	247.261
44.623	246.602
44.633	246.358
44.643	246.155
44.653	246.360
44.663	246.523
44.673	246.837
44.683	247.023
44.693	247.222
44.703	247.460
44.713	247.218
44.723	247.381
44.733	246.951
44.743	247.048
44.753	246.882
44.763	247.161
44.773	247.362
44.783	247.679
44.793	248.291
44.803	248.828
44.813	251.750
44.823	250.233
44.833	246.491
44.843	246.973
44.853	247.693
44.863	247.905
44.873	248.335
44.883	248.278
44.893	247.836
44.903	247.460
44.913	247.314
44.923	247.328
44.933	247.380
44.943	247.287
44.953	247.255
44.963	247.343
44.973	247.340
44.983	247.382
44.993	247.299
45.003	247.331
45.013	247.054
45.023	246.678
45.033	245.785
45.043	245.637
45.053	246.098
45.063	247.170
45.073	247.741
45.083	247.832
45.093	248.301
45.103	248.762
45.113	249.788
45.123	0.000
45.133	236.851
45.143	246.314
45.153	248.534
45.163	249.283
45.173	249.274
45.183	249.125
45.193	248.978
45.203	248.748
45.213	248.455
45.223	248.428
45.233	248.232
45.243	248.185
45.253	248.125
45.263	248.106
45.273	248.194
45.283	248.125
45.293	248.179
45.303	248.034
45.313	247.998
45.323	247.946
45.333	247.898
45.343	247.964
45.353	248.152
45.363	248.394
45.373	248.665
45.383	249.193
45.393	250.241
45.403	250.914
45.413	251.711
45.423	0.000
45.433	0.000
45.443	249.621
45.453	250.264
45.463	250.134
45.473	250.297
45.483	250.276
45.493	249.983
45.503	249.668
45.513	249.452
45.523	248.904
45.533	248.245
45.543	247.950
45.553	247.476
45.563	247.365
45.573	247.557
45.583	247.672
45.593	247.907
45.603	247.944
45.613	247.635
45.623	247.518
45.633	246.819
45.643	246.999
45.653	247.352
45.663	248.364
45.673	248.913
45.683	249.310
45.693	249.212
45.703	248.125
45.713	249.475
45.723	256.409
45.733	0.000
45.743	0.000
45.753	0.000
45.763	253.716
45.773	250.707
45.783	249.702
45.793	249.092
45.803	248.903
45.813	248.709
45.823	248.441
45.833	248.394
45.843	248.339
45.853	248.409
45.863	248.571
45.873	248.535
45.883	248.632
45.893	248.510
45.903	248.311
45.913	248.283
45.923	248.156
45.933	248.500
45.943	248.642
45.953	249.445
45.963	249.964
45.973	250.283
45.983	250.674
45.993	249.759
46.003	250.685
46.013	250.298
46.023	0.000
46.033	0.000
46.043	0.000
46.053	0.000
46.063	248.496
46.073	248.556
46.083	248.671
46.093	248.498
46.103	248.410
46.113	248.139
46.123	248.043
46.133	247.985
46.143	247.866
46.153	247.828
46.163	247.692
46.173	247.583
46.183	247.363
46.193	247.185
46.203	246.708
46.213	246.377
46.223	246.507
46.233	246.697
46.243	247.382
46.253	248.459
46.263	250.511
46.273	251.244
46.283	253.679
46.293	0.000
46.303	0.000
46.313	0.000
46.323	0.000
46.333	0.000
46.343	0.000
46.353	253.029
46.363	250.971
46.373	250.351
46.383	249.810
46.393	249.370
46.403	248.655
46.413	248.303
46.423	247.753
46.433	247.380
46.443	247.278
46.453	247.308
46.463	247.401
46.473	247.518
46.483	247.541
46.493	247.509
46.503	247.411
46.513	247.374
46.523	247.702
46.533	248.180
46.543	248.686
46.553	248.828
46.563	248.978
46.573	249.037
46.583	249.040
46.593	249.143
46.603	249.417
46.613	250.306
46.623	251.879
46.633	253.890
46.643	258.512
46.653	257.853
46.663	257.807
46.673	254.407
46.683	251.091
46.693	249.742
46.703	249.360
46.713	248.745
46.723	248.561
46.733	248.468
46.743	248.526
46.753	249.616
46.763	252.425
46.773	252.128
46.783	249.386
46.793	248.672
46.803	248.900
46.813	248.728
46.823	248.575
46.833	248.521
46.843	248.531
46.853	248.388
46.863	248.413
46.873	248.532
46.883	248.557
46.893	249.103
46.903	250.378
46.913	250.936
46.923	248.971
46.933	248.143
46.943	248.637
46.953	248.676
46.963	248.761
46.973	248.592
46.983	248.437
46.993	248.377
47.003	248.302
47.013	248.396
47.023	248.495
47.033	248.986
47.043	250.019
47.053	248.964
47.063	247.942
47.073	248.872
47.083	248.664
47.093	248.373
47.103	248.381
47.113	248.205
47.123	248.172
47.133	248.226
47.143	248.255
47.153	248.503
47.163	248.891
47.173	249.158
47.183	249.893
47.193	250.826
47.203	249.612
47.213	247.992
47.223	249.769
47.233	250.473
47.243	250.504
47.253	250.082
47.263	249.624
47.273	249.216
47.283	248.941
47.293	248.601
47.303	248.409
47.313	248.379
47.323	248.440
47.333	248.622
47.343	248.568
47.353	248.347
47.363	248.417
47.373	248.931
47.383	249.180
47.393	249.667
47.403	250.144
47.413	250.361
47.423	250.467
47.433	251.307
47.443	0.000
47.453	0.000
47.463	0.000
47.473	0.000
47.483	0.000
47.493	0.000
47.503	246.060
47.513	249.067
47.523	250.059
47.533	250.083
47.543	249.958
47.553	249.827
47.563	249.809
47.573	249.715
47.583	249.555
47.593	249.543
47.603	249.569
47.613	249.717
47.623	249.954
47.633	250.665
47.643	249.773
47.653	249.784
47.663	249.901
47.673	249.879
47.683	249.864
47.693	249.842
47.703	249.715
47.713	249.649
47.723	249.545
47.733	249.490
47.743	249.519
47.753	249.772
47.763	250.348
47.773	251.605
47.783	252.461
47.793	254.014
47.803	251.535
47.813	250.350
47.823	250.093
47.833	249.645
47.843	249.379
47.853	249.284
47.863	249.204
47.873	249.204
47.883	249.221
47.893	249.310
47.903	249.745
47.913	250.354
47.923	249.776
47.933	248.390
47.943	250.044
47.953	249.714
47.963	249.804
47.973	249.677
47.983	249.377
47.993	249.201
48.003	249.156
48.013	249.123
48.023	249.276
48.033	249.531
48.043	249.882
48.053	250.201
48.063	250.735
48.073	251.614
48.083	251.729
48.093	251.194
48.103	251.154
48.113	251.161
48.123	251.016
48.133	250.909
48.143	250.693
48.153	250.068
48.163	249.257
48.173	248.546
48.183	248.409
48.193	248.409
48.203	248.742
48.213	248.964
48.223	249.289
48.233	249.484
48.243	249.719
48.253	249.718
48.263	249.409
48.273	247.643
48.283	245.717
48.293	246.831
48.303	247.804
48.313	246.592
48.323	246.244
48.333	245.692
48.343	246.032
48.353	246.626
48.363	246.777
48.373	247.287
48.383	247.423
48.393	247.488
48.403	248.432
48.413	248.812
48.423	248.583
48.433	248.680
48.443	249.142
48.453	249.279
48.463	248.632
48.473	247.689
48.483	247.626
48.493	247.041
48.503	248.109
48.513	246.591
48.523	244.822
48.533	247.967
48.543	248.072
48.553	248.563
48.563	247.055
48.573	247.905
48.583	248.307
48.593	248.223
48.603	248.249
48.613	248.965
48.623	249.306
48.633	248.834
48.643	248.795
48.653	248.798
48.663	247.889
48.673	250.896
48.683	0.000
48.693	0.000
48.703	0.000
48.713	0.000
48.723	0.000
48.733	0.000
48.743	0.000
48.753	0.000
48.763	0.000
48.773	0.000
48.783	0.000
48.793	0.000
48.803	0.000
48.813	0.000
48.823	0.000
48.833	0.000
48.843	0.000
48.853	0.000
48.863	0.000
48.873	0.000
48.883	0.000
48.893	0.000
48.903	0.000
48.913	0.000
48.923	0.000
48.933	0.000
48.943	0.000
48.953	0.000
48.963	0.000
48.973	0.000
48.983	0.000
48.993	0.000
49.003	0.000
49.013	0.000
49.023	0.000
49.033	0.000
49.043	0.000
49.053	0.000
49.063	0.000
49.073	0.000
49.083	0.000
49.093	0.000
49.103	0.000
49.113	0.000
49.123	0.000
49.133	0.000
49.143	0.000
49.153	0.000
49.163	0.000
49.173	0.000
49.183	0.000
49.193	0.000
49.203	0.000
49.213	0.000
49.223	0.000
49.233	0.000
49.243	0.000
49.253	0.000
49.263	0.000
49.273	0.000
49.283	0.000
49.293	0.000
49.303	0.000
49.313	0.000
49.323	0.000
49.333	0.000
49.343	0.000
49.353	0.000
49.363	0.000
49.373	0.000
49.383	0.000
49.393	0.000
49.403	0.000
49.413	0.000
49.423	0.000
49.433	0.000
49.443	0.000
49.453	0.000
49.463	0.000
49.473	0.000
49.483	0.000
49.493	0.000
49.503	0.000
49.513	0.000
49.523	0.000
49.533	0.000
49.543	0.000
49.553	0.000
49.563	0.000
49.573	0.000
49.583	0.000
49.593	0.000
49.603	0.000
49.613	0.000
49.623	0.000
49.633	0.000
49.643	0.000
49.653	0.000
49.663	0.000
49.673	0.000
49.683	0.000
49.693	0.000
49.703	0.000
49.713	0.000
49.723	0.000
49.733	0.000
49.743	0.000
49.753	0.000
49.763	0.000
49.773	0.000
49.783	0.000
49.793	0.000
49.803	0.000
