2.752		471.943		0.342
3.106		472.026		0.383
3.605		400.257		0.186
3.820		398.070		0.192
4.052		373.126		0.412
4.522		298.751		0.151
4.754		373.557		0.348
5.184		298.322		0.157
5.416		494.566		0.406
5.822		494.487		0.418
6.304		396.673		0.203
6.525		397.389		0.192
6.757		372.765		0.377
7.181		370.308		0.168
7.407		295.274		0.267
8.121		472.240		0.435
8.568		468.632		0.389
9.021		396.302		0.203
9.236		395.626		0.209
9.480		372.031		0.372
9.927		295.692		0.163
10.159		373.632		0.377
10.588		300.137		0.163
10.809		495.655		0.389
11.221		492.956		0.395
11.662		395.728		0.203
11.883		394.478		0.197
12.121		373.238		0.372
12.516		370.497		0.174
12.765		295.439		0.261
13.485		399.413		0.360
13.891		317.170		0.337
14.350		299.374		0.151
14.559		267.007		0.145
14.762		297.712		0.145
14.965		298.676		0.082
15.047		314.782		0.081
15.134		351.592		0.186
15.401		299.292		0.157
15.621		301.426		0.078
15.699		316.008		0.079
15.784		353.346		0.197
16.039		398.095		0.389
16.486		315.431		0.360
16.956		296.471		0.145
17.177		264.415		0.139
17.409		299.753		0.139
17.615		294.070		0.082
17.705		261.000		0.122
17.856		238.168		0.151
18.088		298.248		0.134
18.292		287.261		0.069
18.360		261.994		0.065
18.495		235.166		0.168
18.744		399.255		0.337
19.139		314.383		0.226
19.638		300.195		0.116
19.859		263.772		0.139
20.062		297.697		0.180
20.294		300.121		0.075
20.369		318.025		0.151
20.526		355.463		0.180
20.770		300.113		0.151
20.979		303.718		0.084
21.063		319.371		0.102
21.171		354.230		0.180
21.438		398.778		0.354
21.844		314.794		0.389
22.326		299.646		0.134
22.535		264.966		0.157
22.756		298.909		0.151
22.982		297.101		0.068
23.063		264.378		0.134
23.203		235.745		0.192
23.458		300.069		0.157
23.665		295.009		0.090
23.766		257.801		0.134
23.946		239.066		0.110
24.160		467.987		0.412
24.584		466.606		0.389
25.031		394.736		0.203
25.246		392.473		0.203
25.466		370.683		0.250
25.937		296.623		0.128
26.157		371.069		0.325
26.558		297.745		0.151
26.767		497.241		0.424
27.202		494.260		0.430
27.672		396.609		0.197
27.881		394.209		0.215
28.114		372.298		0.401
28.532		372.189		0.174
28.781		297.072		0.296
29.530		471.115		0.428
29.958		471.493		0.408
30.418		399.413		0.209
30.639		396.972		0.209
30.883		371.711		0.331
31.289		298.427		0.163
31.533		372.426		0.354
31.939		298.326		0.168
32.160		495.559		0.459
32.618		494.117		0.435
33.088		394.177		0.209
33.315		394.028		0.209
33.559		370.870		0.395
33.994		372.816		0.174
34.226		297.667		0.290
35.016		299.373		2.508
37.837		220.591		0.134
38.052		302.530		0.174
38.266		299.662		0.168
38.487		299.052		0.180
38.713		298.698		0.186
38.928		296.375		0.186
39.155		299.720		0.180
39.364		332.993		0.174
39.573		372.642		0.232
39.816		392.261		0.215
40.298		199.094		0.145
40.554		298.597		2.171
43.265		219.616		0.122
43.497		302.145		0.151
43.706		298.634		0.168
43.926		299.743		0.151
44.147		300.384		0.163
44.356		299.387		0.163
44.582		299.662		0.168
44.797		334.531		0.157
45.018		370.129		0.209
45.244		393.953		0.232
45.732		203.377		0.110
45.987		622.202		0.383
46.428		443.504		0.401
46.881		441.371		0.168
47.107		441.761		0.197
47.345		469.404		0.244
48.025		680.778		0.099
48.123		599.754		0.110
48.239		591.719		0.114
48.353		635.093		0.095
48.454		712.254		0.238
48.698		628.254		0.441
49.168		445.039		0.418
49.627		443.468		0.180
49.836		445.139		0.221
50.062		472.236		0.255
50.689		593.106		0.203
50.910		588.961		0.110
51.026		518.925		0.099
51.124		472.723		0.186
51.357		629.377		0.389
51.798		445.600		0.430
52.262		444.865		0.223
52.486		444.798		0.218
52.715		469.338		0.261
53.412		597.390		0.203
53.621		595.364		0.092
53.712		638.088		0.106
53.824		712.471		0.197
54.079		629.660		0.406
54.515		447.616		0.422
54.937		445.631		0.205
55.147		444.816		0.238
55.391		470.489		0.250
56.065		600.507		0.197
56.294		590.378		0.093
56.390		523.582		0.110
56.506		477.096		0.209
56.744		476.384		0.435
57.214		473.939		0.377
57.661		398.294		0.209
57.887		397.363		0.203
58.114		374.634		0.337
58.555		299.593		0.157
58.775		371.220		0.348
59.234		299.272		0.174
59.466		496.702		0.418
59.907		495.258		0.406
60.360		397.437		0.192
60.575		395.509		0.215
60.830		372.715		0.342
61.272		371.589		0.180
61.515		297.767		0.302
62.259		472.432		0.459
62.717		471.332		0.394
63.176		399.020		0.197
63.402		397.339		0.215
63.623		374.184		0.360
64.104		299.018		0.157
64.325		371.220		0.331
64.772		299.803		0.168
64.998		496.970		0.377
65.428		495.974		0.389
65.892		396.959		0.174
66.101		395.739		0.197
66.339		374.915		0.354
66.757		372.326		0.186
67.001		297.362		0.273
67.750		374.838		0.192
67.971		374.658		0.221
68.192		372.910		0.156
68.441		299.926		0.261
69.161		445.345		0.174
69.375		498.097		0.186
69.590		446.596		0.192
69.828		396.913		0.261
70.542		451.000		0.163
70.757		501.718		0.197
70.966		447.952		0.192
71.198		402.683		0.174
71.442		600.272		0.203
71.686		596.361		0.186
71.912		449.702		0.197
72.162		496.046		0.192
72.359		446.295		0.197
72.603		402.578		0.157
72.818		600.774		0.209
73.050		593.530		0.186
73.300		448.036		0.180
73.543		497.311		0.197
73.752		446.195		0.180
73.985		401.333		0.192
74.223		594.831		0.197
74.449		593.285		0.192
74.681		446.695		0.186
74.919		497.298		0.192
75.128		443.436		0.174
75.360		398.545		0.180
75.633		302.430		0.145
75.842		301.468		0.139
76.098		266.073		0.151
76.307		254.297		0.157
76.533		266.701		0.151
76.765		301.382		0.163
76.992		300.200		0.186
77.212		298.939		0.192
77.450		315.910		0.151
77.671		297.840		0.151
77.903		266.235		0.163
78.170		494.395		0.435
78.634		493.574		0.447
79.128		394.690		0.203
79.366		395.052		0.232
79.621		373.016		0.447
80.080		371.409		0.215
80.353		297.011		0.377
