0.023	0.000
0.033	0.000
0.043	0.000
0.053	0.000
0.063	0.000
0.073	0.000
0.083	0.000
0.093	0.000
0.103	0.000
0.113	0.000
0.123	0.000
0.133	0.000
0.143	0.000
0.153	0.000
0.163	0.000
0.173	0.000
0.183	0.000
0.193	0.000
0.203	0.000
0.213	0.000
0.223	0.000
0.233	0.000
0.243	0.000
0.253	0.000
0.263	0.000
0.273	0.000
0.283	0.000
0.293	0.000
0.303	0.000
0.313	0.000
0.323	0.000
0.333	0.000
0.343	0.000
0.353	0.000
0.363	0.000
0.373	0.000
0.383	0.000
0.393	0.000
0.403	0.000
0.413	0.000
0.423	0.000
0.433	0.000
0.443	0.000
0.453	0.000
0.463	0.000
0.473	0.000
0.483	0.000
0.493	0.000
0.503	0.000
0.513	0.000
0.523	0.000
0.533	0.000
0.543	0.000
0.553	0.000
0.563	0.000
0.573	0.000
0.583	0.000
0.593	0.000
0.603	0.000
0.613	0.000
0.623	0.000
0.633	0.000
0.643	0.000
0.653	0.000
0.663	0.000
0.673	0.000
0.683	0.000
0.693	0.000
0.703	0.000
0.713	0.000
0.723	0.000
0.733	0.000
0.743	0.000
0.753	0.000
0.763	0.000
0.773	0.000
0.783	0.000
0.793	0.000
0.803	0.000
0.813	0.000
0.823	0.000
0.833	0.000
0.843	0.000
0.853	0.000
0.863	0.000
0.873	0.000
0.883	0.000
0.893	0.000
0.903	0.000
0.913	0.000
0.923	0.000
0.933	0.000
0.943	0.000
0.953	0.000
0.963	0.000
0.973	0.000
0.983	0.000
0.993	0.000
1.003	0.000
1.013	0.000
1.023	0.000
1.033	0.000
1.043	0.000
1.053	0.000
1.063	0.000
1.073	0.000
1.083	0.000
1.093	0.000
1.103	0.000
1.113	0.000
1.123	0.000
1.133	0.000
1.143	0.000
1.153	0.000
1.163	0.000
1.173	0.000
1.183	0.000
1.193	0.000
1.203	0.000
1.213	0.000
1.223	0.000
1.233	0.000
1.243	0.000
1.253	0.000
1.263	0.000
1.273	0.000
1.283	0.000
1.293	0.000
1.303	0.000
1.313	0.000
1.323	0.000
1.333	0.000
1.343	0.000
1.353	0.000
1.363	0.000
1.373	0.000
1.383	0.000
1.393	0.000
1.403	0.000
1.413	0.000
1.423	0.000
1.433	0.000
1.443	0.000
1.453	0.000
1.463	0.000
1.473	0.000
1.483	0.000
1.493	0.000
1.503	0.000
1.513	0.000
1.523	0.000
1.533	0.000
1.543	0.000
1.553	0.000
1.563	0.000
1.573	0.000
1.583	0.000
1.593	0.000
1.603	0.000
1.613	0.000
1.623	0.000
1.633	0.000
1.643	0.000
1.653	0.000
1.663	0.000
1.673	0.000
1.683	0.000
1.693	0.000
1.703	0.000
1.713	0.000
1.723	0.000
1.733	0.000
1.743	0.000
1.753	0.000
1.763	0.000
1.773	0.000
1.783	0.000
1.793	0.000
1.803	0.000
1.813	0.000
1.823	0.000
1.833	0.000
1.843	0.000
1.853	0.000
1.863	0.000
1.873	0.000
1.883	0.000
1.893	0.000
1.903	0.000
1.913	0.000
1.923	0.000
1.933	0.000
1.943	0.000
1.953	0.000
1.963	0.000
1.973	0.000
1.983	0.000
1.993	0.000
2.003	0.000
2.013	0.000
2.023	0.000
2.033	0.000
2.043	0.000
2.053	0.000
2.063	0.000
2.073	0.000
2.083	0.000
2.093	0.000
2.103	0.000
2.113	0.000
2.123	0.000
2.133	0.000
2.143	0.000
2.153	0.000
2.163	0.000
2.173	0.000
2.183	0.000
2.193	0.000
2.203	0.000
2.213	0.000
2.223	0.000
2.233	0.000
2.243	0.000
2.253	0.000
2.263	0.000
2.273	0.000
2.283	0.000
2.293	0.000
2.303	0.000
2.313	0.000
2.323	0.000
2.333	0.000
2.343	0.000
2.353	0.000
2.363	0.000
2.373	0.000
2.383	0.000
2.393	0.000
2.403	0.000
2.413	0.000
2.423	0.000
2.433	0.000
2.443	0.000
2.453	0.000
2.463	0.000
2.473	0.000
2.483	0.000
2.493	0.000
2.503	0.000
2.513	0.000
2.523	0.000
2.533	0.000
2.543	0.000
2.553	0.000
2.563	0.000
2.573	0.000
2.583	0.000
2.593	0.000
2.603	0.000
2.613	0.000
2.623	0.000
2.633	0.000
2.643	0.000
2.653	0.000
2.663	0.000
2.673	0.000
2.683	0.000
2.693	0.000
2.703	0.000
2.713	0.000
2.723	0.000
2.733	0.000
2.743	0.000
2.753	0.000
2.763	0.000
2.773	0.000
2.783	0.000
2.793	0.000
2.803	0.000
2.813	0.000
2.823	0.000
2.833	0.000
2.843	0.000
2.853	0.000
2.863	0.000
2.873	0.000
2.883	0.000
2.893	0.000
2.903	0.000
2.913	0.000
2.923	0.000
2.933	0.000
2.943	0.000
2.953	0.000
2.963	0.000
2.973	0.000
2.983	0.000
2.993	0.000
3.003	0.000
3.013	0.000
3.023	0.000
3.033	0.000
3.043	0.000
3.053	0.000
3.063	0.000
3.073	0.000
3.083	0.000
3.093	0.000
3.103	0.000
3.113	0.000
3.123	0.000
3.133	0.000
3.143	0.000
3.153	0.000
3.163	0.000
3.173	0.000
3.183	0.000
3.193	0.000
3.203	0.000
3.213	0.000
3.223	0.000
3.233	0.000
3.243	0.000
3.253	0.000
3.263	0.000
3.273	0.000
3.283	0.000
3.293	0.000
3.303	0.000
3.313	0.000
3.323	0.000
3.333	0.000
3.343	0.000
3.353	0.000
3.363	0.000
3.373	0.000
3.383	0.000
3.393	0.000
3.403	0.000
3.413	0.000
3.423	0.000
3.433	0.000
3.443	0.000
3.453	0.000
3.463	0.000
3.473	0.000
3.483	294.956
3.493	299.639
3.503	295.056
3.513	290.589
3.523	291.323
3.533	291.849
3.543	292.025
3.553	294.321
3.563	294.047
3.573	294.783
3.583	294.803
3.593	294.618
3.603	293.989
3.613	293.677
3.623	293.426
3.633	293.510
3.643	294.027
3.653	294.070
3.663	294.210
3.673	294.713
3.683	294.680
3.693	294.147
3.703	293.548
3.713	298.307
3.723	297.527
3.733	278.644
3.743	271.406
3.753	264.135
3.763	262.519
3.773	260.534
3.783	259.166
3.793	259.099
3.803	259.371
3.813	259.427
3.823	260.077
3.833	260.208
3.843	260.578
3.853	261.146
3.863	261.351
3.873	261.198
3.883	261.157
3.893	261.226
3.903	261.115
3.913	260.513
3.923	260.384
3.933	260.599
3.943	260.636
3.953	260.780
3.963	261.536
3.973	261.975
3.983	262.310
3.993	262.924
4.003	264.116
4.013	264.686
4.023	265.541
4.033	266.414
4.043	267.070
4.053	267.266
4.063	261.810
4.073	258.735
4.083	0.000
4.093	0.000
4.103	294.093
4.113	302.707
4.123	300.018
4.133	296.923
4.143	297.100
4.153	296.842
4.163	296.458
4.173	296.569
4.183	296.533
4.193	296.423
4.203	296.097
4.213	295.563
4.223	295.187
4.233	294.819
4.243	294.610
4.253	294.374
4.263	294.421
4.273	294.464
4.283	294.460
4.293	294.366
4.303	294.287
4.313	294.168
4.323	294.123
4.333	294.162
4.343	294.369
4.353	294.754
4.363	295.112
4.373	295.027
4.383	294.866
4.393	294.148
4.403	291.731
4.413	285.069
4.423	272.419
4.433	264.983
4.443	266.115
4.453	240.085
4.463	234.568
4.473	230.965
4.483	231.310
4.493	232.941
4.503	233.393
4.513	232.685
4.523	231.595
4.533	232.830
4.543	232.907
4.553	232.725
4.563	233.268
4.573	233.633
4.583	233.414
4.593	233.098
4.603	233.609
4.613	233.222
4.623	233.173
4.633	233.251
4.643	233.476
4.653	233.572
4.663	233.610
4.673	233.740
4.683	233.890
4.693	233.900
4.703	233.749
4.713	233.832
4.723	234.223
4.733	234.476
4.743	234.758
4.753	235.524
4.763	236.461
4.773	240.393
4.783	246.540
4.793	248.838
4.803	260.056
4.813	263.601
4.823	260.694
4.833	263.180
4.843	264.031
4.853	261.854
4.863	261.706
4.873	262.040
4.883	260.963
4.893	262.462
4.903	263.537
4.913	263.106
4.923	263.077
4.933	262.844
4.943	262.142
4.953	262.194
4.963	262.204
4.973	261.821
4.983	261.772
4.993	261.897
5.003	261.772
5.013	261.882
5.023	261.956
5.033	261.885
5.043	261.857
5.053	261.853
5.063	261.817
5.073	262.307
5.083	262.901
5.093	263.198
5.103	263.846
5.113	264.748
5.123	265.371
5.133	264.927
5.143	262.185
5.153	261.594
5.163	265.009
5.173	0.000
5.183	285.442
5.193	292.744
5.203	293.504
5.213	292.086
5.223	294.117
5.233	294.242
5.243	293.607
5.253	293.779
5.263	293.748
5.273	293.680
5.283	293.632
5.293	293.190
5.303	293.193
5.313	293.376
5.323	293.744
5.333	293.684
5.343	293.510
5.353	293.279
5.363	292.922
5.373	292.495
5.383	292.383
5.393	292.640
5.403	293.185
5.413	293.291
5.423	293.369
5.433	293.420
5.443	293.903
5.453	294.359
5.463	294.869
5.473	295.442
5.483	296.652
5.493	297.207
5.503	297.941
5.513	302.170
5.523	305.498
5.533	326.425
5.543	340.139
5.553	340.686
5.563	343.369
5.573	344.118
5.583	344.385
5.593	344.773
5.603	344.936
5.613	345.864
5.623	346.016
5.633	346.187
5.643	346.270
5.653	346.132
5.663	345.524
5.673	345.260
5.683	345.240
5.693	345.122
5.703	345.044
5.713	345.013
5.723	345.102
5.733	345.054
5.743	345.209
5.753	345.695
5.763	345.853
5.773	345.909
5.783	346.179
5.793	346.186
5.803	346.191
5.813	346.155
5.823	346.511
5.833	347.986
5.843	350.423
5.853	351.737
5.863	354.112
5.873	355.404
5.883	357.965
5.893	381.375
5.903	396.856
5.913	398.360
5.923	396.412
5.933	397.545
5.943	397.184
5.953	397.495
5.963	397.212
5.973	397.012
5.983	397.000
5.993	396.785
6.003	396.550
6.013	396.429
6.023	396.097
6.033	395.845
6.043	395.339
6.053	395.453
6.063	395.590
6.073	395.703
6.083	395.893
6.093	396.269
6.103	396.510
6.113	396.442
6.123	396.594
6.133	396.851
6.143	397.054
6.153	397.444
6.163	397.871
6.173	397.851
6.183	398.089
6.193	398.280
6.203	397.562
6.213	396.995
6.223	394.004
6.233	390.556
6.243	403.871
6.253	405.240
6.263	404.969
6.273	382.444
6.283	376.182
6.293	370.105
6.303	360.520
6.313	354.095
6.323	353.706
6.333	352.534
6.343	352.747
6.353	352.651
6.363	352.681
6.373	352.717
6.383	352.698
6.393	352.624
6.403	352.408
6.413	352.220
6.423	352.156
6.433	352.403
6.443	352.569
6.453	352.429
6.463	352.390
6.473	352.396
6.483	352.463
6.493	352.439
6.503	352.416
6.513	352.131
6.523	352.071
6.533	351.980
6.543	351.847
6.553	351.858
6.563	351.868
6.573	351.872
6.583	351.866
6.593	351.931
6.603	351.905
6.613	351.804
6.623	351.716
6.633	351.515
6.643	351.538
6.653	351.708
6.663	351.725
6.673	351.543
6.683	351.624
6.693	351.496
6.703	351.847
6.713	352.030
6.723	352.082
6.733	352.131
6.743	352.192
6.753	352.370
6.763	352.211
6.773	352.195
6.783	352.226
6.793	352.370
6.803	352.381
6.813	352.308
6.823	352.302
6.833	352.273
6.843	351.995
6.853	351.743
6.863	351.637
6.873	351.799
6.883	351.857
6.893	351.954
6.903	352.108
6.913	352.237
6.923	352.337
6.933	352.351
6.943	352.412
6.953	352.540
6.963	352.600
6.973	352.658
6.983	352.613
6.993	352.704
7.003	352.754
7.013	352.814
7.023	352.760
7.033	352.755
7.043	352.753
7.053	352.584
7.063	352.554
7.073	352.566
7.083	352.727
7.093	352.783
7.103	352.521
7.113	352.438
7.123	352.448
7.133	352.673
7.143	352.783
7.153	352.775
7.163	352.827
7.173	353.040
7.183	353.138
7.193	353.404
7.203	353.585
7.213	353.529
7.223	353.349
7.233	353.130
7.243	353.223
7.253	353.413
7.263	353.829
7.273	354.095
7.283	354.288
7.293	354.369
7.303	354.496
7.313	354.587
7.323	354.444
7.333	354.276
7.343	354.124
7.353	353.979
7.363	354.022
7.373	354.261
7.383	354.695
7.393	355.152
7.403	358.814
7.413	362.114
7.423	0.000
7.433	0.000
7.443	0.000
7.453	0.000
7.463	309.732
7.473	308.025
7.483	298.486
7.493	295.257
7.503	296.279
7.513	296.620
7.523	296.767
7.533	296.772
7.543	296.876
7.553	297.589
7.563	297.895
7.573	297.801
7.583	297.613
7.593	297.467
7.603	297.472
7.613	297.390
7.623	296.975
7.633	296.360
7.643	296.041
7.653	295.976
7.663	296.051
7.673	296.014
7.683	295.886
7.693	295.879
7.703	296.059
7.713	296.302
7.723	296.382
7.733	296.229
7.743	295.992
7.753	296.059
7.763	296.174
7.773	296.181
7.783	296.002
7.793	295.910
7.803	295.566
7.813	295.106
7.823	294.962
7.833	295.034
7.843	295.268
7.853	295.304
7.863	295.078
7.873	295.074
7.883	295.274
7.893	295.586
7.903	295.688
7.913	295.867
7.923	295.814
7.933	295.532
7.943	295.524
7.953	296.021
7.963	296.319
7.973	296.310
7.983	296.154
7.993	296.034
8.003	296.008
8.013	295.998
8.023	296.027
8.033	295.880
8.043	295.691
8.053	295.679
8.063	295.678
8.073	295.579
8.083	295.545
8.093	295.372
8.103	295.083
8.113	295.168
8.123	295.249
8.133	295.312
8.143	295.464
8.153	295.606
8.163	295.589
8.173	295.723
8.183	296.060
8.193	296.144
8.203	296.186
8.213	296.109
8.223	295.925
8.233	295.801
8.243	295.903
8.253	296.199
8.263	296.247
8.273	296.232
8.283	296.120
8.293	296.043
8.303	295.931
8.313	295.863
8.323	295.697
8.333	295.536
8.343	295.458
8.353	295.597
8.363	295.618
8.373	295.572
8.383	295.626
8.393	296.003
8.403	296.235
8.413	296.265
8.423	296.387
8.433	296.756
8.443	297.042
8.453	297.587
8.463	297.729
8.473	297.223
8.483	296.726
8.493	295.178
8.503	293.970
8.513	294.440
8.523	297.447
8.533	297.766
8.543	0.000
8.553	0.000
8.563	0.000
8.573	0.000
8.583	0.000
8.593	0.000
8.603	0.000
8.613	0.000
8.623	0.000
8.633	0.000
8.643	0.000
8.653	0.000
8.663	0.000
8.673	0.000
8.683	0.000
8.693	0.000
8.703	0.000
8.713	0.000
8.723	0.000
8.733	0.000
8.743	0.000
8.753	0.000
8.763	0.000
8.773	0.000
8.783	0.000
8.793	0.000
8.803	0.000
8.813	0.000
8.823	0.000
8.833	0.000
8.843	0.000
8.853	0.000
8.863	0.000
8.873	0.000
8.883	0.000
8.893	0.000
8.903	345.925
8.913	352.490
8.923	349.309
8.933	348.190
8.943	348.336
8.953	348.936
8.963	348.303
8.973	348.535
8.983	348.402
8.993	348.831
9.003	348.865
9.013	348.648
9.023	348.339
9.033	348.222
9.043	348.137
9.053	348.521
9.063	348.650
9.073	348.654
9.083	348.806
9.093	349.107
9.103	350.712
9.113	353.076
9.123	355.637
9.133	356.792
9.143	358.999
9.153	368.978
9.163	380.494
9.173	395.881
9.183	395.900
9.193	394.316
9.203	395.645
9.213	395.541
9.223	395.209
9.233	395.154
9.243	395.213
9.253	395.514
9.263	395.217
9.273	394.915
9.283	394.566
9.293	394.459
9.303	394.200
9.313	393.973
9.323	393.911
9.333	394.002
9.343	394.060
9.353	393.933
9.363	393.690
9.373	393.706
9.383	393.764
9.393	393.892
9.403	394.232
9.413	394.399
9.423	394.314
9.433	393.657
9.443	391.997
9.453	391.538
9.463	392.056
9.473	395.459
9.483	0.000
9.493	0.000
9.503	330.392
9.513	312.630
9.523	311.434
9.533	309.683
9.543	309.434
9.553	309.926
9.563	310.482
9.573	310.869
9.583	310.976
9.593	311.052
9.603	310.861
9.613	310.627
9.623	310.408
9.633	310.353
9.643	310.541
9.653	310.857
9.663	311.060
9.673	311.069
9.683	311.137
9.693	311.255
9.703	311.287
9.713	311.381
9.723	311.621
9.733	311.987
9.743	312.121
9.753	312.278
9.763	312.144
9.773	311.638
9.783	311.105
9.793	310.278
9.803	307.462
9.813	305.566
9.823	299.642
9.833	295.983
9.843	294.424
9.853	293.903
9.863	293.569
9.873	293.105
9.883	292.449
9.893	291.920
9.903	291.392
9.913	291.927
9.923	292.153
9.933	292.638
9.943	292.919
9.953	293.277
9.963	293.503
9.973	293.603
9.983	293.409
9.993	293.627
10.003	293.889
10.013	293.840
10.023	293.440
10.033	293.350
10.043	293.632
10.053	294.089
10.063	294.474
10.073	294.438
10.083	294.488
10.093	294.625
10.103	294.714
10.113	295.122
10.123	295.397
10.133	295.967
10.143	296.982
10.153	300.371
10.163	307.621
10.173	309.885
10.183	311.826
10.193	312.803
10.203	312.713
10.213	312.699
10.223	312.968
10.233	312.803
10.243	312.521
10.253	312.356
10.263	312.178
10.273	311.809
10.283	311.632
10.293	311.552
10.303	311.318
10.313	310.981
10.323	310.684
10.333	310.322
10.343	310.355
10.353	310.428
10.363	310.906
10.373	311.320
10.383	311.494
10.393	311.588
10.403	311.757
10.413	311.941
10.423	311.977
10.433	312.041
10.443	312.417
10.453	312.879
10.463	313.038
10.473	313.310
10.483	313.127
10.493	313.013
10.503	312.913
10.513	313.660
10.523	318.069
10.533	0.000
10.543	0.000
10.553	257.729
10.563	256.834
10.573	261.336
10.583	262.961
10.593	258.423
10.603	261.918
10.613	262.663
10.623	261.746
10.633	264.006
10.643	264.141
10.653	262.608
10.663	263.036
10.673	262.435
10.683	262.118
10.693	262.418
10.703	261.976
10.713	261.545
10.723	261.489
10.733	261.728
10.743	261.917
10.753	262.133
10.763	262.581
10.773	262.624
10.783	262.741
10.793	262.913
10.803	263.579
10.813	264.224
10.823	264.504
10.833	264.995
10.843	264.566
10.853	261.114
10.863	260.984
10.873	274.565
10.883	290.689
10.893	291.576
10.903	293.262
10.913	293.959
10.923	293.777
10.933	294.009
10.943	294.072
10.953	294.117
10.963	294.207
10.973	294.079
10.983	294.375
10.993	294.890
11.003	295.133
11.013	295.611
11.023	296.379
11.033	299.331
11.043	301.621
11.053	307.467
11.063	309.855
11.073	309.930
11.083	310.378
11.093	310.625
11.103	310.903
11.113	310.943
11.123	311.058
11.133	310.873
11.143	310.753
11.153	310.765
11.163	311.290
11.173	311.712
11.183	311.894
11.193	312.338
11.203	314.036
11.213	318.579
11.223	322.844
11.233	340.248
11.243	343.471
11.253	345.776
11.263	346.531
11.273	347.698
11.283	348.208
11.293	348.794
11.303	349.122
11.313	349.190
11.323	348.791
11.333	348.413
11.343	347.775
11.353	347.773
11.363	347.674
11.373	347.848
11.383	347.662
11.393	347.649
11.403	347.719
11.413	348.128
11.423	348.626
11.433	348.905
11.443	349.105
11.453	349.446
11.463	349.778
11.473	350.013
11.483	350.172
11.493	350.022
11.503	349.917
11.513	349.651
11.523	350.159
11.533	351.416
11.543	353.106
11.553	354.121
11.563	363.777
11.573	0.000
11.583	0.000
11.593	0.000
11.603	272.611
11.613	261.866
11.623	263.109
11.633	262.214
11.643	260.306
11.653	261.399
11.663	262.873
11.673	261.456
11.683	262.871
11.693	263.078
11.703	261.918
11.713	262.914
11.723	263.060
11.733	262.830
11.743	263.861
11.753	263.817
11.763	263.754
11.773	263.987
11.783	263.286
11.793	263.346
11.803	263.308
11.813	262.906
11.823	262.796
11.833	262.664
11.843	262.481
11.853	262.587
11.863	262.450
11.873	262.299
11.883	262.168
11.893	262.204
11.903	262.254
11.913	262.429
11.923	262.656
11.933	263.022
11.943	263.031
11.953	262.809
11.963	263.037
11.973	262.961
11.983	262.895
11.993	263.115
12.003	263.185
12.013	263.192
12.023	263.134
12.033	263.025
12.043	262.931
12.053	262.824
12.063	262.644
12.073	262.729
12.083	262.717
12.093	262.809
12.103	262.634
12.113	262.671
12.123	262.873
12.133	263.006
12.143	262.902
12.153	263.040
12.163	263.080
12.173	263.158
12.183	263.411
12.193	263.494
12.203	263.720
12.213	263.831
12.223	263.822
12.233	263.836
12.243	263.628
12.253	263.682
12.263	263.697
12.273	263.614
12.283	263.603
12.293	263.431
12.303	263.430
12.313	263.499
12.323	263.552
12.333	263.633
12.343	263.760
12.353	263.863
12.363	264.073
12.373	264.098
12.383	264.190
12.393	264.255
12.403	264.568
12.413	264.635
12.423	264.773
12.433	264.982
12.443	264.595
12.453	264.328
12.463	264.236
12.473	264.183
12.483	263.994
12.493	263.810
12.503	263.604
12.513	263.636
12.523	263.644
12.533	263.724
12.543	264.010
12.553	264.074
12.563	264.035
12.573	264.026
12.583	264.422
12.593	264.294
12.603	264.617
12.613	265.082
12.623	264.703
12.633	264.128
12.643	262.618
12.653	263.874
12.663	264.515
12.673	261.909
12.683	267.444
12.693	0.000
12.703	0.000
12.713	0.000
12.723	0.000
12.733	0.000
12.743	217.320
12.753	215.316
12.763	216.568
12.773	217.434
12.783	217.295
12.793	217.561
12.803	218.523
12.813	218.431
12.823	218.856
12.833	218.855
12.843	218.685
12.853	218.852
12.863	218.551
12.873	218.309
12.883	218.505
12.893	218.430
12.903	218.563
12.913	218.728
12.923	218.441
12.933	218.085
12.943	218.211
12.953	218.250
12.963	218.227
12.973	218.379
12.983	218.677
12.993	218.859
13.003	219.103
13.013	219.060
13.023	219.123
13.033	218.972
13.043	218.832
13.053	218.638
13.063	218.581
13.073	218.483
13.083	218.382
13.093	218.434
13.103	218.438
13.113	218.786
13.123	219.016
13.133	218.942
13.143	218.739
13.153	218.417
13.163	218.200
13.173	218.120
13.183	218.160
13.193	218.169
13.203	218.173
13.213	218.145
13.223	218.303
13.233	218.613
13.243	218.731
13.253	218.921
13.263	219.100
13.273	219.157
13.283	219.186
13.293	219.150
13.303	219.153
13.313	219.155
13.323	219.019
13.333	218.956
13.343	218.812
13.353	218.794
13.363	218.841
13.373	218.982
13.383	218.968
13.393	219.028
13.403	218.892
13.413	218.794
13.423	218.871
13.433	218.918
13.443	218.790
13.453	218.790
13.463	218.951
13.473	219.021
13.483	218.980
13.493	218.971
13.503	219.004
13.513	218.969
13.523	219.023
13.533	218.951
13.543	218.790
13.553	218.735
13.563	218.734
13.573	218.933
13.583	218.836
13.593	218.970
13.603	219.026
13.613	218.899
13.623	218.881
13.633	218.888
13.643	218.811
13.653	218.935
13.663	219.071
13.673	219.067
13.683	219.127
13.693	219.360
13.703	219.683
13.713	219.872
13.723	219.791
13.733	219.447
13.743	218.896
13.753	218.235
13.763	219.932
13.773	220.269
13.783	220.278
13.793	0.000
13.803	0.000
13.813	0.000
13.823	0.000
13.833	0.000
13.843	0.000
13.853	0.000
13.863	0.000
13.873	0.000
13.883	0.000
13.893	0.000
13.903	0.000
13.913	0.000
13.923	0.000
13.933	0.000
13.943	0.000
13.953	0.000
13.963	0.000
13.973	0.000
13.983	0.000
13.993	0.000
14.003	0.000
14.013	0.000
14.023	0.000
14.033	0.000
14.043	0.000
14.053	0.000
14.063	0.000
14.073	0.000
14.083	0.000
14.093	0.000
14.103	0.000
14.113	0.000
14.123	0.000
14.133	292.783
14.143	293.770
14.153	300.247
14.163	297.767
14.173	295.498
14.183	295.413
14.193	295.566
14.203	295.924
14.213	296.124
14.223	295.935
14.233	295.952
14.243	295.456
14.253	295.464
14.263	295.481
14.273	295.479
14.283	295.467
14.293	295.483
14.303	295.703
14.313	295.817
14.323	295.893
14.333	296.304
14.343	296.488
14.353	296.631
14.363	296.571
14.373	296.223
14.383	295.338
14.393	295.021
14.403	294.919
14.413	298.602
14.423	293.383
14.433	286.951
14.443	278.271
14.453	269.078
14.463	267.283
14.473	266.068
14.483	265.081
14.493	264.045
14.503	263.354
14.513	263.392
14.523	263.469
14.533	262.810
14.543	262.373
14.553	262.360
14.563	262.538
14.573	262.588
14.583	262.598
14.593	262.362
14.603	262.704
14.613	262.974
14.623	263.087
14.633	263.055
14.643	262.941
14.653	263.204
14.663	263.616
14.673	263.219
14.683	263.091
14.693	263.279
14.703	263.408
14.713	263.782
14.723	264.042
14.733	264.643
14.743	265.567
14.753	266.340
14.763	267.024
14.773	263.679
14.783	262.251
14.793	0.000
14.803	0.000
14.813	307.810
14.823	310.221
14.833	304.776
14.843	299.063
14.853	297.898
14.863	297.347
14.873	296.531
14.883	296.091
14.893	296.045
14.903	296.270
14.913	296.463
14.923	296.558
14.933	296.646
14.943	296.817
14.953	297.019
14.963	296.861
14.973	296.881
14.983	296.681
14.993	296.446
15.003	295.984
15.013	295.898
15.023	295.874
15.033	296.061
15.043	296.275
15.053	296.561
15.063	296.372
15.073	295.928
15.083	295.948
15.093	295.182
15.103	293.399
15.113	290.348
15.123	286.399
15.133	265.492
15.143	258.434
15.153	249.233
15.163	232.840
15.173	231.031
15.183	229.707
15.193	230.638
15.203	233.306
15.213	233.329
15.223	233.240
15.233	234.338
15.243	234.845
15.253	234.132
15.263	234.019
15.273	233.844
15.283	233.846
15.293	234.134
15.303	234.318
15.313	233.960
15.323	234.241
15.333	234.438
15.343	234.749
15.353	234.778
15.363	234.378
15.373	234.283
15.383	234.911
15.393	235.407
15.403	235.602
15.413	235.921
15.423	236.075
15.433	236.679
15.443	237.337
15.453	238.187
15.463	242.697
15.473	245.798
15.483	252.141
15.493	259.526
15.503	261.883
15.513	260.221
15.523	259.976
15.533	262.901
15.543	260.706
15.553	260.271
15.563	262.235
15.573	261.311
15.583	261.367
15.593	262.671
15.603	262.173
15.613	262.379
15.623	262.513
15.633	261.958
15.643	261.902
15.653	262.093
15.663	262.096
15.673	262.013
15.683	262.241
15.693	262.152
15.703	262.193
15.713	262.570
15.723	262.521
15.733	262.552
15.743	262.972
15.753	263.633
15.763	263.998
15.773	264.812
15.783	265.287
15.793	266.157
15.803	266.563
15.813	265.452
15.823	253.014
15.833	257.128
15.843	259.733
15.853	273.310
15.863	293.823
15.873	292.027
15.883	290.641
15.893	294.365
15.903	295.168
15.913	294.875
15.923	295.648
15.933	295.745
15.943	295.639
15.953	295.402
15.963	295.214
15.973	295.662
15.983	295.571
15.993	295.572
16.003	295.732
16.013	295.710
16.023	295.629
16.033	295.388
16.043	295.192
16.053	295.111
16.063	295.010
16.073	295.030
16.083	295.183
16.093	295.265
16.103	295.532
16.113	295.705
16.123	295.758
16.133	296.215
16.143	296.750
16.153	297.215
16.163	297.654
16.173	298.548
16.183	302.571
16.193	306.054
16.203	325.424
16.213	340.747
16.223	343.606
16.233	346.947
16.243	346.962
16.253	347.396
16.263	346.691
16.273	346.866
16.283	346.948
16.293	347.163
16.303	347.515
16.313	347.641
16.323	348.110
16.333	348.010
16.343	347.995
16.353	347.826
16.363	348.026
16.373	347.987
16.383	347.968
16.393	347.742
16.403	347.200
16.413	347.028
16.423	347.044
16.433	347.194
16.443	347.491
16.453	347.572
16.463	347.682
16.473	347.937
16.483	347.931
16.493	348.680
16.503	350.358
16.513	352.835
16.523	354.161
16.533	354.764
16.543	359.414
16.553	390.750
16.563	394.933
16.573	397.464
16.583	394.749
16.593	394.814
16.603	394.054
16.613	393.554
16.623	392.855
16.633	392.720
16.643	393.060
16.653	393.308
16.663	393.482
16.673	394.203
16.683	394.439
16.693	394.227
16.703	394.058
16.713	393.834
16.723	393.823
16.733	394.076
16.743	394.045
16.753	394.262
16.763	394.991
16.773	395.233
16.783	395.640
16.793	396.266
16.803	396.598
16.813	396.259
16.823	395.942
16.833	396.016
16.843	397.483
16.853	397.776
16.863	410.749
16.873	411.880
16.883	409.995
16.893	413.955
16.903	388.884
16.913	385.847
16.923	387.248
16.933	382.607
16.943	375.786
16.953	375.487
16.963	375.857
16.973	373.513
16.983	374.178
16.993	374.148
17.003	373.557
17.013	373.997
17.023	373.845
17.033	373.438
17.043	373.554
17.053	373.425
17.063	373.542
17.073	373.610
17.083	373.510
17.093	373.456
17.103	373.246
17.113	372.963
17.123	372.868
17.133	372.975
17.143	373.015
17.153	372.938
17.163	373.132
17.173	372.955
17.183	372.903
17.193	372.913
17.203	372.936
17.213	372.820
17.223	372.774
17.233	372.993
17.243	372.893
17.253	372.759
17.263	372.545
17.273	372.573
17.283	372.401
17.293	372.240
17.303	372.520
17.313	372.537
17.323	372.779
17.333	372.848
17.343	372.824
17.353	372.663
17.363	372.839
17.373	372.874
17.383	372.879
17.393	372.777
17.403	372.650
17.413	372.710
17.423	372.532
17.433	372.429
17.443	372.316
17.453	372.274
17.463	372.378
17.473	372.468
17.483	372.709
17.493	372.657
17.503	372.633
17.513	372.428
17.523	372.482
17.533	372.586
17.543	372.724
17.553	373.015
17.563	373.023
17.573	373.199
17.583	373.024
17.593	372.709
17.603	372.628
17.613	372.820
17.623	373.002
17.633	372.939
17.643	372.998
17.653	372.832
17.663	372.695
17.673	372.571
17.683	372.315
17.693	372.085
17.703	372.092
17.713	372.339
17.723	372.367
17.733	372.745
17.743	372.750
17.753	372.861
17.763	372.939
17.773	373.014
17.783	372.926
17.793	372.637
17.803	372.567
17.813	372.249
17.823	372.269
17.833	372.261
17.843	372.655
17.853	372.751
17.863	372.818
17.873	372.996
17.883	373.089
17.893	373.193
17.903	373.087
17.913	372.873
17.923	372.291
17.933	371.553
17.943	370.236
17.953	369.971
17.963	370.423
17.973	371.897
17.983	370.904
17.993	377.852
18.003	0.000
18.013	0.000
18.023	0.000
18.033	0.000
18.043	0.000
18.053	0.000
18.063	0.000
18.073	0.000
18.083	194.657
18.093	187.470
18.103	184.986
18.113	184.386
18.123	184.560
18.133	184.752
18.143	184.649
18.153	185.212
18.163	186.453
18.173	187.189
18.183	187.564
18.193	187.488
18.203	187.191
18.213	187.224
18.223	187.324
18.233	186.831
18.243	186.865
18.253	187.013
18.263	186.991
18.273	187.046
18.283	187.421
18.293	187.547
18.303	187.482
18.313	187.015
18.323	186.863
18.333	186.987
18.343	187.080
18.353	186.960
18.363	186.855
18.373	186.434
18.383	186.311
18.393	186.316
18.403	186.461
18.413	186.553
18.423	186.664
18.433	186.632
18.443	186.383
18.453	186.258
18.463	186.271
18.473	186.354
18.483	186.446
18.493	186.371
18.503	186.273
18.513	186.228
18.523	186.117
18.533	185.830
18.543	185.777
18.553	185.600
18.563	185.684
18.573	185.804
18.583	185.956
18.593	185.904
18.603	185.922
18.613	185.973
18.623	186.023
18.633	185.896
18.643	185.987
18.653	185.966
18.663	185.850
18.673	185.777
18.683	185.733
18.693	185.678
18.703	185.665
18.713	185.842
18.723	185.918
18.733	186.064
18.743	186.415
18.753	186.454
18.763	186.342
18.773	186.146
18.783	186.313
18.793	186.466
18.803	186.557
18.813	186.463
18.823	186.253
18.833	186.227
18.843	186.069
18.853	185.962
18.863	185.858
18.873	185.556
18.883	185.375
18.893	185.350
18.903	185.354
18.913	185.328
18.923	185.266
18.933	185.079
18.943	184.901
18.953	184.712
18.963	184.989
18.973	185.296
18.983	186.218
18.993	187.456
19.003	187.792
19.013	187.591
19.023	186.707
19.033	185.660
19.043	185.021
19.053	184.434
19.063	185.774
19.073	185.192
19.083	185.592
19.093	0.000
19.103	0.000
19.113	0.000
19.123	0.000
19.133	0.000
19.143	0.000
19.153	0.000
19.163	0.000
19.173	0.000
19.183	0.000
19.193	0.000
19.203	0.000
19.213	0.000
19.223	0.000
19.233	0.000
19.243	0.000
19.253	0.000
19.263	0.000
19.273	0.000
19.283	0.000
19.293	0.000
19.303	0.000
19.313	0.000
19.323	0.000
19.333	0.000
19.343	0.000
19.353	0.000
19.363	0.000
19.373	0.000
19.383	0.000
19.393	0.000
19.403	0.000
19.413	0.000
19.423	0.000
19.433	0.000
19.443	0.000
19.453	0.000
19.463	357.558
19.473	366.741
19.483	372.719
19.493	372.929
19.503	370.180
19.513	370.132
19.523	370.457
19.533	369.794
19.543	370.294
19.553	370.208
19.563	369.773
19.573	369.882
19.583	369.782
19.593	370.358
19.603	370.727
19.613	370.888
19.623	370.814
19.633	370.406
19.643	369.987
19.653	369.540
19.663	369.460
19.673	369.437
19.683	369.238
19.693	369.254
19.703	369.484
19.713	370.306
19.723	371.808
19.733	372.608
19.743	374.171
19.753	375.574
19.763	376.828
19.773	379.586
19.783	388.210
19.793	397.176
19.803	397.372
19.813	396.286
19.823	395.986
19.833	395.924
19.843	395.078
19.853	394.320
19.863	393.624
19.873	393.342
19.883	393.653
19.893	393.708
19.903	394.054
19.913	394.156
19.923	394.247
19.933	394.238
19.943	394.162
19.953	394.271
19.963	394.545
19.973	394.618
19.983	394.445
19.993	394.025
20.003	393.729
20.013	393.680
20.023	393.607
20.033	393.758
20.043	393.809
20.053	393.726
20.063	394.028
20.073	394.430
20.083	394.851
20.093	394.856
20.103	395.164
20.113	395.597
20.123	395.477
20.133	395.333
20.143	395.031
20.153	394.714
20.163	394.425
20.173	392.888
20.183	395.762
20.193	409.110
20.203	415.536
20.213	407.003
20.223	388.530
20.233	0.000
20.243	348.602
20.253	347.715
20.263	347.380
20.273	348.107
20.283	348.216
20.293	347.680
20.303	346.944
20.313	346.868
20.323	346.668
20.333	346.234
20.343	346.213
20.353	345.826
20.363	344.371
20.373	341.456
20.383	328.926
20.393	319.284
20.403	310.829
20.413	310.204
20.423	309.855
20.433	310.353
20.443	310.928
20.453	311.315
20.463	311.881
20.473	312.360
20.483	312.511
20.493	312.588
20.503	312.216
20.513	311.834
20.523	311.862
20.533	311.894
20.543	312.162
20.553	312.567
20.563	312.808
20.573	312.836
20.583	311.419
20.593	309.000
20.603	303.428
20.613	295.351
20.623	292.597
20.633	292.341
20.643	291.811
20.653	291.746
20.663	292.866
20.673	293.255
20.683	293.448
20.693	294.004
20.703	294.152
20.713	293.977
20.723	294.119
20.733	294.760
20.743	294.939
20.753	294.953
20.763	294.995
20.773	295.105
20.783	295.019
20.793	294.940
20.803	295.368
20.813	295.732
20.823	296.416
20.833	297.251
20.843	298.445
20.853	299.003
20.863	300.054
20.873	300.673
20.883	302.087
20.893	309.807
20.903	313.176
20.913	313.414
20.923	313.633
20.933	313.692
20.943	313.538
20.953	313.564
20.963	313.343
20.973	313.087
20.983	312.787
20.993	312.719
21.003	312.505
21.013	312.416
21.023	312.140
21.033	312.062
21.043	311.996
21.053	311.999
21.063	312.044
21.073	311.976
21.083	311.941
21.093	311.757
21.103	311.665
21.113	311.629
21.123	311.981
21.133	312.200
21.143	312.928
21.153	313.325
21.163	313.473
21.173	313.495
21.183	312.937
21.193	312.425
21.203	311.876
21.213	312.461
21.223	313.450
21.233	0.000
21.243	0.000
21.253	259.478
21.263	263.519
21.273	261.340
21.283	260.262
21.293	262.071
21.303	261.117
21.313	260.102
21.323	260.905
21.333	260.498
21.343	259.436
21.353	259.825
21.363	260.142
21.373	260.437
21.383	261.937
21.393	262.422
21.403	263.931
21.413	265.599
21.423	266.192
21.433	266.816
21.443	269.655
21.453	297.134
21.463	308.841
21.473	308.723
21.483	308.757
21.493	309.000
21.503	309.068
21.513	308.599
21.523	309.939
21.533	310.568
21.543	312.612
21.553	313.009
21.563	312.422
21.573	310.162
21.583	303.904
21.593	294.918
21.603	293.497
21.613	292.257
21.623	291.613
21.633	291.740
21.643	292.163
21.653	292.689
21.663	293.699
21.673	293.728
21.683	293.773
21.693	293.746
21.703	293.332
21.713	293.224
21.723	292.999
21.733	293.065
21.743	293.368
21.753	293.417
21.763	293.290
21.773	293.245
21.783	293.220
21.793	293.105
21.803	293.342
21.813	293.348
21.823	293.376
21.833	293.499
21.843	293.831
21.853	294.129
21.863	294.330
21.873	294.424
21.883	293.968
21.893	293.954
21.903	294.775
21.913	295.798
21.923	295.870
21.933	295.465
21.943	295.044
21.953	296.385
21.963	297.429
21.973	305.204
21.983	274.092
21.993	258.860
22.003	252.931
22.013	253.371
22.023	255.638
22.033	255.264
22.043	256.087
22.053	259.442
22.063	258.661
22.073	257.903
22.083	259.604
22.093	259.712
22.103	258.609
22.113	259.130
22.123	259.659
22.133	259.323
22.143	259.532
22.153	260.198
22.163	260.150
22.173	259.973
22.183	259.892
22.193	259.370
22.203	260.126
22.213	261.242
22.223	261.577
22.233	262.192
22.243	262.875
22.253	263.170
22.263	264.376
22.273	264.735
22.283	260.910
22.293	262.620
22.303	268.101
22.313	269.494
22.323	0.000
22.333	0.000
22.343	0.000
22.353	282.354
22.363	290.000
22.373	297.149
22.383	294.889
22.393	294.955
22.403	295.590
22.413	294.796
22.423	294.856
22.433	295.327
22.443	295.008
22.453	295.302
22.463	295.329
22.473	295.287
22.483	294.924
22.493	295.447
22.503	295.590
22.513	295.497
22.523	295.368
22.533	295.046
22.543	295.109
22.553	295.099
22.563	295.086
22.573	295.111
22.583	295.108
22.593	295.064
22.603	294.978
22.613	294.900
22.623	294.760
22.633	294.826
22.643	294.877
22.653	294.894
22.663	294.804
22.673	294.930
22.683	294.895
22.693	294.821
22.703	294.630
22.713	294.468
22.723	294.439
22.733	294.206
22.743	293.756
22.753	293.562
22.763	293.796
22.773	293.975
22.783	294.351
22.793	294.728
22.803	295.261
22.813	295.304
22.823	295.452
22.833	295.617
22.843	295.745
22.853	295.450
22.863	295.142
22.873	295.151
22.883	294.998
22.893	294.719
22.903	294.604
22.913	294.462
22.923	294.490
22.933	294.825
22.943	294.937
22.953	295.240
22.963	295.608
22.973	295.731
22.983	295.902
22.993	296.075
23.003	296.122
23.013	296.079
23.023	296.158
23.033	296.311
23.043	296.204
23.053	296.233
23.063	296.328
23.073	296.226
23.083	296.109
23.093	295.785
23.103	295.578
23.113	295.354
23.123	295.402
23.133	295.762
23.143	296.199
23.153	296.520
23.163	296.824
23.173	296.585
23.183	296.512
23.193	296.655
23.203	296.506
23.213	296.848
23.223	297.433
23.233	297.569
23.243	297.405
23.253	297.282
23.263	297.102
23.273	296.788
23.283	296.710
23.293	296.733
23.303	296.632
23.313	296.492
23.323	296.316
23.333	296.325
23.343	296.504
23.353	297.252
23.363	298.370
23.373	298.625
23.383	298.463
23.393	297.267
23.403	295.108
23.413	294.753
23.423	294.720
23.433	292.652
23.443	291.548
23.453	0.000
23.463	0.000
23.473	0.000
23.483	0.000
23.493	0.000
23.503	0.000
23.513	0.000
23.523	233.477
23.533	231.597
23.543	231.954
23.553	232.821
23.563	235.403
23.573	234.601
23.583	234.780
23.593	235.005
23.603	234.993
23.613	234.808
23.623	235.206
23.633	234.478
23.643	233.668
23.653	233.554
23.663	233.223
23.673	232.651
23.683	233.207
23.693	233.212
23.703	232.930
23.713	232.827
23.723	232.982
23.733	233.119
23.743	233.367
23.753	233.772
23.763	234.213
23.773	234.285
23.783	234.496
23.793	234.090
23.803	233.951
23.813	234.010
23.823	234.170
23.833	234.489
23.843	234.413
23.853	234.196
23.863	234.380
23.873	234.273
23.883	233.894
23.893	233.859
23.903	233.921
23.913	234.061
23.923	234.134
23.933	234.141
23.943	234.361
23.953	234.385
23.963	234.463
23.973	234.846
23.983	234.891
23.993	234.815
24.003	234.804
24.013	234.920
24.023	234.857
24.033	234.976
24.043	235.085
24.053	234.912
24.063	235.081
24.073	235.177
24.083	234.965
24.093	234.970
24.103	235.058
24.113	235.199
24.123	235.099
24.133	235.038
24.143	235.232
24.153	235.177
24.163	234.925
24.173	235.044
24.183	234.992
24.193	234.859
24.203	234.844
24.213	234.672
24.223	234.355
24.233	234.451
24.243	234.493
24.253	234.736
24.263	234.509
24.273	234.421
24.283	234.504
24.293	234.355
24.303	234.392
24.313	234.490
24.323	234.575
24.333	234.333
24.343	234.321
24.353	234.267
24.363	234.132
24.373	234.482
24.383	234.592
24.393	234.797
24.403	234.991
24.413	235.132
24.423	235.096
24.433	235.050
24.443	235.113
24.453	235.355
24.463	235.507
24.473	235.634
24.483	235.739
24.493	235.738
24.503	235.550
24.513	235.335
24.523	235.032
24.533	234.361
24.543	234.365
24.553	235.335
24.563	235.951
24.573	0.000
24.583	0.000
24.593	0.000
24.603	0.000
24.613	0.000
24.623	0.000
24.633	0.000
24.643	0.000
24.653	0.000
24.663	0.000
24.673	0.000
24.683	0.000
24.693	0.000
24.703	0.000
24.713	0.000
24.723	0.000
24.733	0.000
24.743	0.000
24.753	0.000
24.763	0.000
24.773	0.000
24.783	0.000
24.793	0.000
24.803	0.000
24.813	0.000
24.823	0.000
24.833	0.000
24.843	0.000
24.853	0.000
24.863	0.000
24.873	0.000
24.883	0.000
24.893	0.000
24.903	0.000
24.913	0.000
24.923	0.000
24.933	0.000
24.943	0.000
24.953	0.000
24.963	0.000
24.973	0.000
24.983	0.000
24.993	0.000
25.003	348.157
25.013	351.551
25.023	350.582
25.033	350.597
25.043	350.614
25.053	350.280
25.063	350.480
25.073	350.677
25.083	351.019
25.093	350.514
25.103	350.353
25.113	349.840
25.123	351.723
25.133	353.037
25.143	352.225
25.153	351.991
25.163	353.257
25.173	350.834
25.183	355.027
25.193	0.000
25.203	0.000
25.213	0.000
25.223	0.000
25.233	0.000
25.243	0.000
25.253	0.000
25.263	0.000
25.273	0.000
25.283	0.000
25.293	0.000
25.303	354.183
25.313	353.613
25.323	351.781
25.333	349.809
25.343	349.716
25.353	350.469
25.363	350.273
25.373	350.619
25.383	350.577
25.393	351.062
25.403	351.280
25.413	351.736
25.423	351.606
25.433	351.595
25.443	351.363
25.453	351.579
25.463	351.768
25.473	351.426
25.483	352.517
25.493	350.864
25.503	350.990
25.513	350.497
25.523	353.624
25.533	354.034
25.543	0.000
25.553	0.000
25.563	0.000
25.573	0.000
25.583	0.000
25.593	0.000
25.603	0.000
25.613	0.000
25.623	0.000
25.633	0.000
25.643	0.000
25.653	0.000
25.663	0.000
25.673	371.026
25.683	362.936
25.693	358.584
25.703	354.570
25.713	352.825
25.723	352.237
25.733	351.698
25.743	351.634
25.753	351.290
25.763	351.173
25.773	351.042
25.783	351.258
25.793	351.308
25.803	351.487
25.813	351.654
25.823	351.723
25.833	351.844
25.843	351.748
25.853	351.602
25.863	351.668
25.873	353.396
25.883	352.121
25.893	354.388
25.903	351.509
25.913	352.825
25.923	353.910
25.933	353.167
25.943	0.000
25.953	0.000
25.963	0.000
25.973	0.000
25.983	0.000
25.993	0.000
26.003	0.000
26.013	297.980
26.023	294.103
26.033	292.861
26.043	293.272
26.053	295.209
26.063	295.399
26.073	295.527
26.083	296.133
26.093	296.336
26.103	296.756
26.113	296.640
26.123	296.754
26.133	297.177
26.143	297.576
26.153	297.831
26.163	298.461
26.173	298.080
26.183	297.694
26.193	297.817
26.203	297.118
26.213	296.928
26.223	298.139
26.233	0.000
26.243	0.000
26.253	0.000
26.263	0.000
26.273	0.000
26.283	0.000
26.293	0.000
26.303	0.000
26.313	0.000
26.323	0.000
26.333	0.000
26.343	0.000
26.353	0.000
26.363	365.345
26.373	360.790
26.383	354.135
26.393	351.356
26.403	350.749
26.413	351.186
26.423	351.306
26.433	351.843
26.443	351.884
26.453	351.882
26.463	351.716
26.473	351.613
26.483	351.681
26.493	351.664
26.503	352.272
26.513	352.358
26.523	352.658
26.533	352.647
26.543	351.812
26.553	351.056
26.563	351.684
26.573	352.607
26.583	353.056
26.593	350.461
26.603	0.000
26.613	0.000
26.623	0.000
26.633	0.000
26.643	0.000
26.653	0.000
26.663	0.000
26.673	0.000
26.683	0.000
26.693	0.000
26.703	380.783
26.713	363.454
26.723	362.246
26.733	354.546
26.743	351.327
26.753	351.214
26.763	350.822
26.773	350.406
26.783	350.241
26.793	350.927
26.803	350.947
26.813	351.061
26.823	351.232
26.833	351.599
26.843	351.922
26.853	352.362
26.863	352.389
26.873	352.370
26.883	351.674
26.893	352.672
26.903	352.875
26.913	354.928
26.923	352.358
26.933	350.766
26.943	353.034
26.953	349.897
26.963	355.720
26.973	0.000
26.983	0.000
26.993	0.000
27.003	0.000
27.013	0.000
27.023	0.000
27.033	476.545
27.043	466.382
27.053	463.770
27.063	464.413
27.073	465.251
27.083	466.214
27.093	466.038
27.103	467.790
27.113	466.784
27.123	467.644
27.133	467.045
27.143	468.249
27.153	467.730
27.163	468.876
27.173	468.003
27.183	468.003
27.193	468.118
27.203	467.853
27.213	467.738
27.223	468.092
27.233	469.911
27.243	468.806
27.253	0.000
27.263	0.000
27.273	0.000
27.283	0.000
27.293	0.000
27.303	0.000
27.313	0.000
27.323	0.000
27.333	0.000
27.343	0.000
27.353	0.000
27.363	0.000
27.373	0.000
27.383	0.000
27.393	467.348
27.403	465.994
27.413	464.854
27.423	466.474
27.433	467.693
27.443	467.560
27.453	467.810
27.463	467.608
27.473	468.364
27.483	468.113
27.493	468.032
27.503	466.815
27.513	466.709
27.523	466.560
27.533	467.099
27.543	467.272
27.553	466.254
27.563	467.600
27.573	470.268
27.583	461.503
27.593	470.207
27.603	0.000
27.613	0.000
27.623	0.000
27.633	0.000
27.643	0.000
27.653	0.000
27.663	0.000
27.673	0.000
27.683	0.000
27.693	0.000
27.703	0.000
27.713	0.000
27.723	0.000
27.733	0.000
27.743	0.000
27.753	0.000
27.763	0.000
27.773	0.000
27.783	0.000
27.793	0.000
27.803	0.000
27.813	0.000
27.823	473.248
27.833	471.635
27.843	465.879
27.853	470.022
27.863	469.574
27.873	469.082
27.883	469.063
27.893	469.110
27.903	468.545
27.913	468.872
27.923	467.795
27.933	467.954
27.943	468.152
27.953	467.646
27.963	467.685
27.973	468.833
27.983	468.693
27.993	466.790
28.003	467.552
28.013	0.000
28.023	0.000
28.033	0.000
28.043	0.000
28.053	0.000
28.063	0.000
28.073	0.000
28.083	0.000
28.093	0.000
28.103	0.000
28.113	0.000
28.123	0.000
28.133	0.000
28.143	0.000
28.153	0.000
28.163	0.000
28.173	0.000
28.183	0.000
28.193	0.000
28.203	0.000
28.213	0.000
28.223	359.606
28.233	361.002
28.243	357.722
28.253	355.493
28.263	354.812
28.273	354.838
28.283	353.973
28.293	353.872
28.303	353.963
28.313	354.017
28.323	353.897
28.333	353.994
28.343	354.273
28.353	354.469
28.363	354.763
28.373	355.013
28.383	355.107
28.393	355.056
28.403	355.198
28.413	355.530
28.423	355.670
28.433	356.338
28.443	356.928
28.453	357.303
28.463	358.348
28.473	360.862
28.483	365.283
28.493	370.671
28.503	405.227
28.513	439.790
28.523	451.606
28.533	455.051
28.543	459.150
28.553	457.149
28.563	456.360
28.573	454.870
28.583	454.329
28.593	456.521
28.603	457.905
28.613	459.184
28.623	460.953
28.633	460.760
28.643	461.488
28.653	461.364
28.663	461.864
28.673	461.844
28.683	462.076
28.693	462.216
28.703	462.658
28.713	462.513
28.723	463.020
28.733	463.334
28.743	463.339
28.753	462.990
28.763	461.511
28.773	464.880
28.783	467.045
28.793	467.067
28.803	471.186
28.813	466.236
28.823	467.090
28.833	464.328
28.843	441.804
28.853	453.671
28.863	455.457
28.873	461.154
28.883	461.065
28.893	463.215
28.903	464.527
28.913	469.249
28.923	464.791
28.933	467.527
28.943	431.958
28.953	439.606
28.963	444.457
28.973	456.339
28.983	460.892
28.993	460.490
29.003	463.663
29.013	468.102
29.023	466.199
29.033	467.938
29.043	447.805
29.053	454.203
29.063	461.009
29.073	463.570
29.083	462.379
29.093	466.131
29.103	465.021
29.113	467.283
29.123	466.072
29.133	466.768
29.143	466.128
29.153	466.599
29.163	468.178
29.173	470.009
29.183	469.773
29.193	466.724
29.203	462.577
29.213	464.265
29.223	467.208
29.233	0.000
29.243	0.000
29.253	0.000
29.263	0.000
29.273	0.000
29.283	0.000
29.293	0.000
29.303	0.000
29.313	0.000
29.323	0.000
29.333	438.677
29.343	450.140
29.353	459.113
29.363	460.152
29.373	462.222
29.383	461.963
29.393	461.747
29.403	461.171
29.413	461.256
29.423	461.174
29.433	461.239
29.443	460.981
29.453	461.080
29.463	461.045
29.473	461.264
29.483	461.413
29.493	461.531
29.503	461.584
29.513	461.667
29.523	462.009
29.533	462.612
29.543	462.701
29.553	462.794
29.563	462.577
29.573	462.525
29.583	462.303
29.593	462.515
29.603	462.958
29.613	463.262
29.623	463.213
29.633	463.121
29.643	463.133
29.653	463.064
29.663	463.369
29.673	463.590
29.683	463.563
29.693	463.457
29.703	463.699
29.713	464.283
29.723	464.490
29.733	464.838
29.743	465.024
29.753	465.067
29.763	465.441
29.773	466.071
29.783	466.667
29.793	466.911
29.803	467.162
29.813	467.143
29.823	467.114
29.833	466.736
29.843	466.211
29.853	464.900
29.863	464.516
29.873	465.388
29.883	472.027
29.893	466.769
29.903	470.058
29.913	464.010
29.923	461.370
29.933	464.733
29.943	481.946
29.953	459.983
29.963	463.665
29.973	465.739
29.983	465.833
29.993	463.474
30.003	464.038
30.013	469.248
30.023	461.900
30.033	468.929
30.043	474.280
30.053	452.035
30.063	461.154
30.073	466.958
30.083	466.999
30.093	465.332
30.103	463.929
30.113	465.020
30.123	467.789
30.133	473.895
30.143	469.549
30.153	468.961
30.163	453.687
30.173	464.452
30.183	466.119
30.193	466.551
30.203	468.115
30.213	467.495
30.223	467.555
30.233	466.503
30.243	466.675
30.253	465.131
30.263	465.666
30.273	464.341
30.283	466.118
30.293	464.144
30.303	468.164
30.313	466.088
30.323	464.363
30.333	470.546
30.343	468.512
30.353	0.000
30.363	0.000
30.373	0.000
30.383	0.000
30.393	0.000
30.403	0.000
30.413	0.000
30.423	0.000
30.433	0.000
30.443	450.989
30.453	451.835
30.463	456.975
30.473	460.481
30.483	462.336
30.493	462.455
30.503	463.246
30.513	463.928
30.523	465.503
30.533	466.494
30.543	466.754
30.553	466.902
30.563	466.228
30.573	466.195
30.583	465.575
30.593	466.634
30.603	467.006
30.613	466.040
30.623	466.232
30.633	465.343
30.643	467.898
30.653	463.630
30.663	0.000
30.673	0.000
30.683	0.000
30.693	0.000
30.703	0.000
30.713	0.000
30.723	0.000
30.733	0.000
30.743	0.000
30.753	0.000
30.763	0.000
30.773	0.000
30.783	465.914
30.793	463.827
30.803	464.221
30.813	463.912
30.823	463.737
30.833	463.878
30.843	464.505
30.853	465.542
30.863	466.168
30.873	466.307
30.883	466.137
30.893	466.016
30.903	470.758
30.913	472.708
30.923	470.840
30.933	472.235
30.943	484.996
30.953	0.000
30.963	0.000
30.973	0.000
30.983	0.000
30.993	0.000
31.003	0.000
31.013	0.000
31.023	0.000
31.033	0.000
31.043	0.000
31.053	0.000
31.063	0.000
31.073	0.000
31.083	0.000
31.093	0.000
31.103	0.000
31.113	0.000
31.123	0.000
31.133	395.298
31.143	383.461
31.153	386.420
31.163	388.786
31.173	393.010
31.183	393.078
31.193	393.177
31.203	393.361
31.213	393.219
31.223	393.208
31.233	392.847
31.243	393.108
31.253	393.698
31.263	392.361
31.273	394.762
31.283	394.323
31.293	394.157
31.303	395.271
31.313	398.318
31.323	0.000
31.333	0.000
31.343	0.000
31.353	0.000
31.363	0.000
31.373	0.000
31.383	0.000
31.393	0.000
31.403	0.000
31.413	0.000
31.423	400.860
31.433	392.391
31.443	391.723
31.453	389.559
31.463	388.397
31.473	389.840
31.483	390.713
31.493	391.701
31.503	393.252
31.513	393.237
31.523	393.139
31.533	393.323
31.543	392.787
31.553	393.202
31.563	393.341
31.573	394.120
31.583	394.681
31.593	395.153
31.603	394.604
31.613	394.410
31.623	393.239
31.633	395.210
31.643	393.335
31.653	399.854
31.663	0.000
31.673	0.000
31.683	0.000
31.693	0.000
31.703	0.000
31.713	0.000
31.723	0.000
31.733	0.000
31.743	0.000
31.753	0.000
31.763	0.000
31.773	0.000
31.783	396.750
31.793	391.592
31.803	392.239
31.813	391.263
31.823	390.519
31.833	391.750
31.843	391.822
31.853	392.471
31.863	393.336
31.873	393.096
31.883	393.153
31.893	393.391
31.903	393.618
31.913	393.987
31.923	393.909
31.933	394.067
31.943	394.461
31.953	394.592
31.963	394.604
31.973	394.701
31.983	394.652
31.993	394.349
32.003	393.492
32.013	393.240
32.023	393.650
32.033	394.900
32.043	393.824
32.053	396.520
32.063	393.318
32.073	397.506
32.083	0.000
32.093	0.000
32.103	0.000
32.113	0.000
32.123	0.000
32.133	0.000
32.143	345.612
32.153	350.046
32.163	347.652
32.173	347.828
32.183	347.166
32.193	348.000
32.203	347.700
32.213	348.330
32.223	348.856
32.233	349.681
32.243	350.045
32.253	350.562
32.263	350.752
32.273	351.743
32.283	352.146
32.293	350.618
32.303	352.002
32.313	351.608
32.323	352.931
32.333	354.701
32.343	0.000
32.353	0.000
32.363	0.000
32.373	0.000
32.383	0.000
32.393	0.000
32.403	0.000
32.413	0.000
32.423	0.000
32.433	0.000
32.443	0.000
32.453	0.000
32.463	0.000
32.473	360.317
32.483	353.990
32.493	351.509
32.503	349.848
32.513	348.146
32.523	348.542
32.533	348.388
32.543	348.865
32.553	349.034
32.563	349.280
32.573	349.359
32.583	349.917
32.593	350.516
32.603	350.815
32.613	350.853
32.623	350.820
32.633	351.366
32.643	351.707
32.653	352.190
32.663	352.312
32.673	351.920
32.683	351.380
32.693	352.209
32.703	352.453
32.713	352.396
32.723	351.494
32.733	0.000
32.743	0.000
32.753	0.000
32.763	0.000
32.773	0.000
32.783	0.000
32.793	0.000
32.803	0.000
32.813	0.000
32.823	0.000
32.833	335.506
32.843	347.577
32.853	346.086
32.863	346.840
32.873	347.907
32.883	348.853
32.893	349.047
32.903	349.806
32.913	350.403
32.923	350.775
32.933	351.130
32.943	352.712
32.953	359.096
32.963	362.619
32.973	360.480
32.983	361.149
32.993	0.000
33.003	0.000
33.013	0.000
33.023	0.000
33.033	0.000
33.043	0.000
33.053	0.000
33.063	0.000
33.073	0.000
33.083	0.000
33.093	0.000
33.103	0.000
33.113	0.000
33.123	0.000
33.133	0.000
33.143	0.000
33.153	0.000
33.163	0.000
33.173	0.000
33.183	0.000
33.193	362.588
33.203	356.878
33.213	354.671
33.223	353.514
33.233	352.933
33.243	352.412
33.253	351.992
33.263	351.858
33.273	351.856
33.283	351.752
33.293	351.594
33.303	351.281
33.313	352.152
33.323	352.095
33.333	352.176
33.343	352.633
33.353	353.928
33.363	352.596
33.373	351.379
33.383	0.000
33.393	0.000
33.403	0.000
33.413	0.000
33.423	0.000
33.433	0.000
33.443	0.000
33.453	0.000
33.463	0.000
33.473	0.000
33.483	0.000
33.493	0.000
33.503	0.000
33.513	0.000
33.523	0.000
33.533	358.942
33.543	355.171
33.553	351.592
33.563	349.239
33.573	347.726
33.583	348.209
33.593	347.672
33.603	348.300
33.613	348.420
33.623	349.115
33.633	349.224
33.643	349.524
33.653	349.599
33.663	350.116
33.673	349.910
33.683	349.559
33.693	348.629
33.703	348.168
33.713	348.333
33.723	348.370
33.733	348.514
33.743	348.676
33.753	348.737
33.763	348.925
33.773	349.387
33.783	349.524
33.793	349.589
33.803	349.844
33.813	350.067
33.823	350.109
33.833	350.274
33.843	350.481
33.853	350.502
33.863	350.416
33.873	350.013
33.883	349.808
33.893	349.939
33.903	350.058
33.913	350.209
33.923	350.568
33.933	350.845
33.943	351.705
33.953	352.339
33.963	352.408
33.973	352.355
33.983	352.552
33.993	353.029
34.003	352.628
34.013	349.629
34.023	351.250
34.033	352.712
34.043	351.160
34.053	352.149
34.063	358.811
34.073	349.703
34.083	350.176
34.093	351.617
34.103	355.208
34.113	356.731
34.123	356.309
34.133	360.778
34.143	363.022
34.153	368.792
34.163	348.652
34.173	347.587
34.183	349.000
34.193	349.687
34.203	352.691
34.213	352.524
34.223	352.608
34.233	360.069
34.243	361.053
34.253	356.607
34.263	354.380
34.273	352.659
34.283	353.249
34.293	351.401
34.303	352.494
34.313	351.393
34.323	351.857
34.333	350.896
34.343	352.032
34.353	351.219
34.363	351.273
34.373	351.245
34.383	354.397
34.393	356.368
34.403	0.000
34.413	0.000
34.423	0.000
34.433	0.000
34.443	0.000
34.453	0.000
34.463	0.000
34.473	0.000
34.483	0.000
34.493	0.000
34.503	0.000
34.513	0.000
34.523	0.000
34.533	0.000
34.543	361.429
34.553	352.195
34.563	349.582
34.573	349.401
34.583	349.747
34.593	350.516
34.603	349.757
34.613	349.979
34.623	350.005
34.633	349.860
34.643	349.322
34.653	349.243
34.663	349.403
34.673	349.699
34.683	349.633
34.693	349.635
34.703	349.492
34.713	349.260
34.723	348.877
34.733	348.732
34.743	348.812
34.753	348.792
34.763	348.840
34.773	349.128
34.783	349.423
34.793	349.335
34.803	349.333
34.813	349.142
34.823	349.196
34.833	349.440
34.843	349.564
34.853	349.957
34.863	350.230
34.873	350.235
34.883	350.242
34.893	350.075
34.903	349.759
34.913	349.649
34.923	349.211
34.933	349.141
34.943	349.235
34.953	349.420
34.963	349.768
34.973	350.148
34.983	350.108
34.993	350.133
35.003	350.315
35.013	350.557
35.023	350.552
35.033	350.554
35.043	350.765
35.053	350.903
35.063	351.239
35.073	351.492
35.083	351.630
35.093	351.612
35.103	351.758
35.113	353.081
35.123	354.447
35.133	350.674
35.143	355.829
35.153	353.703
35.163	355.638
35.173	352.708
35.183	350.934
35.193	354.834
35.203	353.484
35.213	361.976
35.223	392.251
35.233	373.551
35.243	360.659
35.253	354.219
35.263	353.661
35.273	354.540
35.283	354.380
35.293	352.926
35.303	355.787
35.313	350.872
35.323	0.000
35.333	361.714
35.343	361.491
35.353	352.350
35.363	353.318
35.373	354.336
35.383	354.199
35.393	352.181
35.403	366.538
35.413	369.558
35.423	364.370
35.433	356.413
35.443	352.162
35.453	352.238
35.463	351.373
35.473	351.774
35.483	351.170
35.493	352.222
35.503	352.197
35.513	350.253
35.523	351.401
35.533	350.224
35.543	350.462
35.553	352.708
35.563	352.114
35.573	352.461
35.583	0.000
35.593	0.000
35.603	0.000
35.613	0.000
35.623	0.000
35.633	0.000
35.643	0.000
35.653	0.000
35.663	0.000
35.673	0.000
35.683	0.000
35.693	0.000
35.703	0.000
35.713	0.000
35.723	0.000
35.733	0.000
35.743	0.000
35.753	0.000
35.763	0.000
35.773	0.000
35.783	0.000
35.793	0.000
35.803	0.000
35.813	0.000
35.823	0.000
35.833	0.000
35.843	0.000
35.853	0.000
35.863	352.344
35.873	353.287
35.883	351.159
35.893	351.269
35.903	350.789
35.913	350.068
35.923	350.149
35.933	349.871
35.943	350.368
35.953	350.702
35.963	352.121
35.973	352.198
35.983	351.788
35.993	350.633
36.003	352.251
36.013	350.825
36.023	354.610
36.033	351.901
36.043	357.702
36.053	0.000
36.063	0.000
36.073	0.000
36.083	0.000
36.093	0.000
36.103	0.000
36.113	0.000
36.123	0.000
36.133	0.000
36.143	0.000
36.153	0.000
36.163	0.000
36.173	0.000
36.183	0.000
36.193	360.750
36.203	361.441
36.213	358.663
36.223	351.457
36.233	349.823
36.243	350.634
36.253	352.688
36.263	353.272
36.273	352.460
36.283	352.271
36.293	351.582
36.303	351.304
36.313	350.903
36.323	350.764
36.333	350.823
36.343	351.815
36.353	351.032
36.363	351.824
36.373	351.168
36.383	350.603
36.393	350.855
36.403	353.312
36.413	0.000
36.423	0.000
36.433	0.000
36.443	0.000
36.453	0.000
36.463	0.000
36.473	0.000
36.483	0.000
36.493	0.000
36.503	0.000
36.513	0.000
36.523	0.000
36.533	0.000
36.543	0.000
36.553	372.067
36.563	359.604
36.573	355.299
36.583	351.252
36.593	351.037
36.603	351.765
36.613	351.169
36.623	350.907
36.633	350.679
36.643	350.905
36.653	351.056
36.663	351.224
36.673	351.216
36.683	351.148
36.693	351.630
36.703	352.359
36.713	352.379
36.723	351.696
36.733	351.080
36.743	353.633
36.753	353.034
36.763	354.791
36.773	0.000
36.783	0.000
36.793	0.000
36.803	0.000
36.813	0.000
36.823	0.000
36.833	0.000
36.843	0.000
36.853	0.000
36.863	0.000
36.873	297.293
36.883	294.574
36.893	293.491
36.903	293.830
36.913	295.201
36.923	294.281
36.933	294.231
36.943	294.540
36.953	294.134
36.963	294.076
36.973	294.680
36.983	294.921
36.993	295.813
37.003	295.870
37.013	296.820
37.023	296.234
37.033	297.036
37.043	298.563
37.053	297.346
37.063	0.000
37.073	0.000
37.083	0.000
37.093	0.000
37.103	0.000
37.113	0.000
37.123	0.000
37.133	0.000
37.143	0.000
37.153	0.000
37.163	0.000
37.173	0.000
37.183	0.000
37.193	0.000
37.203	359.701
37.213	343.011
37.223	344.498
37.233	341.118
37.243	341.070
37.253	342.110
37.263	343.855
37.273	345.299
37.283	346.213
37.293	346.684
37.303	347.623
37.313	348.066
37.323	348.161
37.333	348.572
37.343	349.382
37.353	349.928
37.363	350.132
37.373	350.342
37.383	350.298
37.393	350.752
37.403	351.654
37.413	354.060
37.423	352.641
37.433	351.530
37.443	351.566
37.453	354.761
37.463	353.239
37.473	357.514
37.483	0.000
37.493	0.000
37.503	0.000
37.513	0.000
37.523	0.000
37.533	0.000
37.543	0.000
37.553	357.320
37.563	353.024
37.573	347.531
37.583	347.829
37.593	347.890
37.603	349.617
37.613	350.142
37.623	350.793
37.633	350.309
37.643	350.833
37.653	352.290
37.663	360.231
37.673	353.743
37.683	353.842
37.693	360.438
37.703	0.000
37.713	0.000
37.723	0.000
37.733	0.000
37.743	0.000
37.753	0.000
37.763	0.000
37.773	0.000
37.783	0.000
37.793	0.000
37.803	0.000
37.813	0.000
37.823	0.000
37.833	0.000
37.843	0.000
37.853	0.000
37.863	0.000
37.873	0.000
37.883	0.000
37.893	0.000
37.903	0.000
37.913	0.000
37.923	504.015
37.933	503.687
37.943	501.926
37.953	480.406
37.963	475.675
37.973	473.489
37.983	471.474
37.993	470.641
38.003	469.824
38.013	469.307
38.023	469.023
38.033	468.265
38.043	467.489
38.053	467.197
38.063	466.573
38.073	466.563
38.083	466.424
38.093	466.898
38.103	466.919
38.113	466.409
38.123	466.700
38.133	466.535
38.143	469.226
38.153	463.536
38.163	465.643
38.173	0.000
38.183	0.000
38.193	0.000
38.203	0.000
38.213	0.000
38.223	0.000
38.233	0.000
38.243	0.000
38.253	0.000
38.263	0.000
38.273	392.036
38.283	394.196
38.293	394.197
38.303	394.484
38.313	395.961
38.323	395.856
38.333	395.417
38.343	395.335
38.353	395.149
38.363	394.991
38.373	395.310
38.383	395.564
38.393	395.652
38.403	395.576
38.413	395.652
38.423	395.512
38.433	395.405
38.443	395.215
38.453	394.510
38.463	393.836
38.473	393.508
38.483	393.778
38.493	394.286
38.503	393.744
38.513	394.947
38.523	393.060
38.533	393.470
38.543	396.578
38.553	0.000
38.563	0.000
38.573	0.000
38.583	0.000
38.593	0.000
38.603	0.000
38.613	0.000
38.623	0.000
38.633	429.447
38.643	434.659
38.653	435.512
38.663	436.435
38.673	437.607
38.683	438.347
38.693	438.441
38.703	438.737
38.713	438.621
38.723	438.787
38.733	438.657
38.743	438.637
38.753	438.503
38.763	438.261
38.773	438.070
38.783	437.544
38.793	437.408
38.803	437.154
38.813	437.698
38.823	437.904
38.833	437.491
38.843	437.620
38.853	437.610
38.863	437.757
38.873	440.308
38.883	443.069
38.893	0.000
38.903	0.000
38.913	0.000
38.923	0.000
38.933	0.000
38.943	0.000
38.953	0.000
38.963	0.000
38.973	0.000
38.983	376.733
38.993	364.657
39.003	371.366
39.013	371.245
39.023	370.356
39.033	370.648
39.043	370.490
39.053	370.604
39.063	371.202
39.073	371.212
39.083	371.271
39.093	371.656
39.103	371.900
39.113	372.044
39.123	371.950
39.133	371.867
39.143	371.949
39.153	371.727
39.163	371.660
39.173	371.087
39.183	370.545
39.193	370.287
39.203	370.614
39.213	371.048
39.223	371.675
39.233	371.746
39.243	372.167
39.253	372.299
39.263	372.529
39.273	372.743
39.283	372.781
39.293	372.863
39.303	372.948
39.313	372.961
39.323	372.645
39.333	372.445
39.343	372.374
39.353	372.520
39.363	372.743
39.373	372.732
39.383	372.711
39.393	372.247
39.403	371.997
39.413	372.283
39.423	372.357
39.433	373.037
39.443	373.716
39.453	374.159
39.463	374.218
39.473	374.164
39.483	373.953
39.493	373.755
39.503	373.057
39.513	373.007
39.523	372.757
39.533	373.120
39.543	372.665
39.553	371.896
39.563	370.016
39.573	373.250
39.583	367.574
39.593	390.045
39.603	383.564
39.613	379.463
39.623	376.122
39.633	375.933
39.643	375.641
39.653	374.324
39.663	375.796
39.673	376.425
39.683	377.415
39.693	369.377
39.703	372.083
39.713	373.971
39.723	372.257
39.733	372.785
39.743	375.093
39.753	372.099
39.763	377.775
39.773	380.391
39.783	375.462
39.793	380.213
39.803	379.300
39.813	377.182
39.823	373.096
39.833	374.818
39.843	372.408
39.853	371.593
39.863	372.420
39.873	371.106
39.883	371.806
39.893	371.393
39.903	371.292
39.913	371.533
39.923	371.785
39.933	372.064
39.943	372.669
39.953	373.868
39.963	375.859
39.973	0.000
39.983	0.000
39.993	0.000
40.003	0.000
40.013	0.000
40.023	0.000
40.033	0.000
40.043	0.000
40.053	0.000
40.063	0.000
40.073	0.000
40.083	0.000
40.093	0.000
40.103	0.000
40.113	0.000
40.123	0.000
40.133	0.000
40.143	0.000
40.153	381.069
40.163	367.217
40.173	368.835
40.183	369.567
40.193	370.267
40.203	370.257
40.213	370.248
40.223	368.998
40.233	368.665
40.243	368.683
40.253	369.766
40.263	370.805
40.273	371.184
40.283	371.029
40.293	370.984
40.303	370.900
40.313	370.167
40.323	369.750
40.333	369.725
40.343	370.577
40.353	370.896
40.363	371.197
40.373	371.035
40.383	371.071
40.393	371.012
40.403	371.217
40.413	371.284
40.423	371.358
40.433	371.474
40.443	371.674
40.453	371.808
40.463	372.133
40.473	372.602
40.483	372.955
40.493	372.858
40.503	372.398
40.513	371.756
40.523	371.115
40.533	370.962
40.543	370.962
40.553	371.691
40.563	372.054
40.573	372.273
40.583	372.319
40.593	372.441
40.603	372.996
40.613	373.179
40.623	373.664
40.633	373.757
40.643	373.701
40.653	373.274
40.663	372.463
40.673	373.079
40.683	373.007
40.693	371.702
40.703	372.434
40.713	373.650
40.723	370.620
40.733	373.762
40.743	370.546
40.753	372.646
40.763	370.552
40.773	372.275
40.783	0.000
40.793	391.449
40.803	383.458
40.813	378.100
40.823	375.444
40.833	374.450
40.843	375.197
40.853	373.467
40.863	372.570
40.873	376.409
40.883	379.843
40.893	382.677
40.903	374.239
40.913	371.113
40.923	370.322
40.933	370.302
40.943	370.513
40.953	372.118
40.963	374.462
40.973	373.129
40.983	373.763
40.993	376.504
41.003	371.347
41.013	374.988
41.023	377.630
41.033	374.023
41.043	372.283
41.053	373.670
41.063	372.119
41.073	372.043
41.083	378.582
41.093	385.653
41.103	385.707
41.113	392.296
41.123	409.258
41.133	0.000
41.143	0.000
41.153	0.000
41.163	0.000
41.173	0.000
41.183	0.000
41.193	0.000
41.203	0.000
41.213	0.000
41.223	0.000
41.233	0.000
41.243	0.000
41.253	0.000
41.263	0.000
41.273	0.000
41.283	0.000
41.293	0.000
41.303	0.000
41.313	0.000
41.323	0.000
41.333	0.000
41.343	0.000
41.353	0.000
41.363	429.630
41.373	437.112
41.383	438.722
41.393	438.728
41.403	438.967
41.413	439.073
41.423	439.000
41.433	439.225
41.443	439.120
41.453	438.931
41.463	438.720
41.473	438.330
41.483	438.700
41.493	438.718
41.503	439.008
41.513	438.844
41.523	438.212
41.533	437.324
41.543	436.887
41.553	436.439
41.563	436.667
41.573	438.977
41.583	435.666
41.593	439.700
41.603	438.030
41.613	441.546
41.623	0.000
41.633	0.000
41.643	0.000
41.653	0.000
41.663	0.000
41.673	0.000
41.683	481.086
41.693	472.745
41.703	498.079
41.713	517.570
41.723	513.258
41.733	501.335
41.743	498.236
41.753	496.477
41.763	495.515
41.773	495.721
41.783	495.127
41.793	495.480
41.803	493.718
41.813	494.259
41.823	493.431
41.833	494.357
41.843	493.850
41.853	494.824
41.863	494.331
41.873	495.781
41.883	495.259
41.893	494.864
41.903	495.427
41.913	499.657
41.923	507.514
41.933	507.314
41.943	516.274
41.953	524.001
41.963	527.611
41.973	525.005
41.983	0.000
41.993	0.000
42.003	0.000
42.013	0.000
42.023	0.000
42.033	374.763
42.043	374.612
42.053	377.943
42.063	389.710
42.073	391.501
42.083	391.284
42.093	392.095
42.103	392.615
42.113	393.049
42.123	393.375
42.133	393.195
42.143	393.548
42.153	393.279
42.163	393.018
42.173	393.480
42.183	392.635
42.193	393.494
42.203	393.684
42.213	394.551
42.223	393.698
42.233	393.341
42.243	391.119
42.253	397.447
42.263	0.000
42.273	0.000
42.283	0.000
42.293	0.000
42.303	0.000
42.313	0.000
42.323	0.000
42.333	0.000
42.343	0.000
42.353	0.000
42.363	398.780
42.373	391.384
42.383	394.031
42.393	394.369
42.403	394.368
42.413	394.637
42.423	394.865
42.433	394.492
42.443	394.612
42.453	394.561
42.463	394.163
42.473	394.200
42.483	393.852
42.493	393.874
42.503	393.514
42.513	393.673
42.523	393.696
42.533	393.985
42.543	393.456
42.553	392.720
42.563	392.899
42.573	393.255
42.583	394.367
42.593	392.824
42.603	395.815
42.613	399.929
42.623	0.000
42.633	0.000
42.643	0.000
42.653	0.000
42.663	0.000
42.673	0.000
42.683	0.000
42.693	0.000
42.703	0.000
42.713	0.000
42.723	400.035
42.733	393.495
42.743	395.220
42.753	395.647
42.763	394.319
42.773	394.167
42.783	394.650
42.793	394.383
42.803	394.541
42.813	395.053
42.823	394.893
42.833	394.729
42.843	394.495
42.853	394.066
42.863	393.935
42.873	394.384
42.883	394.628
42.893	394.588
42.903	394.405
42.913	394.093
42.923	393.546
42.933	393.003
42.943	392.986
42.953	393.346
42.963	393.858
42.973	393.376
42.983	391.660
42.993	394.982
43.003	392.558
43.013	395.108
43.023	395.722
43.033	0.000
43.043	0.000
43.053	0.000
43.063	0.000
43.073	350.361
43.083	335.899
43.093	331.218
43.103	328.847
43.113	328.995
43.123	328.893
43.133	328.355
43.143	327.982
43.153	327.571
43.163	328.620
43.173	328.750
43.183	329.527
43.193	329.721
43.203	329.873
43.213	330.271
43.223	330.438
43.233	330.304
43.243	330.263
43.253	330.326
43.263	330.703
43.273	331.495
43.283	331.078
43.293	329.548
43.303	333.646
43.313	330.809
43.323	334.036
43.333	0.000
43.343	0.000
43.353	0.000
43.363	0.000
43.373	0.000
43.383	0.000
43.393	0.000
43.403	376.148
43.413	372.943
43.423	369.648
43.433	367.513
43.443	366.778
43.453	367.021
43.463	366.707
43.473	367.037
43.483	366.666
43.493	366.579
43.503	366.273
43.513	366.084
43.523	365.918
43.533	365.831
43.543	365.800
43.553	365.789
43.563	365.852
43.573	366.012
43.583	366.055
43.593	366.880
43.603	366.837
43.613	365.999
43.623	366.133
43.633	365.329
43.643	366.062
43.653	0.000
43.663	0.000
43.673	0.000
43.683	0.000
43.693	0.000
43.703	0.000
43.713	0.000
43.723	0.000
43.733	434.037
43.743	429.236
43.753	432.737
43.763	435.191
43.773	436.333
43.783	436.495
43.793	437.519
43.803	438.073
43.813	438.048
43.823	437.659
43.833	437.362
43.843	437.239
43.853	437.237
43.863	437.646
43.873	437.696
43.883	437.781
43.893	437.707
43.903	437.815
43.913	437.461
43.923	437.515
43.933	437.388
43.943	437.094
43.953	436.963
43.963	437.314
43.973	437.037
43.983	436.382
43.993	435.663
44.003	434.740
44.013	0.000
44.023	0.000
44.033	0.000
44.043	0.000
44.053	0.000
44.063	0.000
44.073	0.000
44.083	0.000
44.093	364.160
44.103	353.211
44.113	353.087
44.123	351.430
44.133	350.089
44.143	350.331
44.153	349.558
44.163	350.015
44.173	350.014
44.183	350.655
44.193	350.719
44.203	351.152
44.213	351.033
44.223	352.637
44.233	357.875
44.243	365.414
44.253	364.845
44.263	368.472
44.273	0.000
44.283	0.000
44.293	0.000
44.303	0.000
44.313	0.000
44.323	0.000
44.333	0.000
44.343	0.000
44.353	0.000
44.363	0.000
44.373	0.000
44.383	0.000
44.393	0.000
44.403	0.000
44.413	0.000
44.423	0.000
44.433	0.000
44.443	0.000
44.453	0.000
44.463	0.000
44.473	0.000
44.483	0.000
44.493	358.916
44.503	353.352
44.513	351.657
44.523	350.546
44.533	349.566
44.543	350.190
44.553	349.937
44.563	350.359
44.573	350.258
44.583	350.299
44.593	350.044
44.603	350.381
44.613	350.596
44.623	350.895
44.633	350.844
44.643	350.825
44.653	350.562
44.663	350.302
44.673	350.081
44.683	350.185
44.693	350.559
44.703	350.852
44.713	350.839
44.723	350.883
44.733	351.019
44.743	351.140
44.753	351.085
44.763	351.070
44.773	350.932
44.783	350.621
44.793	350.473
44.803	350.306
44.813	350.239
44.823	350.245
44.833	350.248
44.843	350.576
44.853	350.923
44.863	351.140
44.873	351.390
44.883	351.906
44.893	352.741
44.903	353.142
44.913	353.794
44.923	353.843
44.933	353.787
44.943	353.348
44.953	352.752
44.963	352.082
44.973	352.974
44.983	353.659
44.993	351.441
45.003	352.128
45.013	350.400
45.023	356.313
45.033	350.853
45.043	354.891
45.053	0.000
45.063	364.665
45.073	358.343
45.083	355.735
45.093	353.071
45.103	354.173
45.113	353.917
45.123	355.065
45.133	354.321
45.143	349.952
45.153	350.371
45.163	348.039
45.173	350.292
45.183	350.649
45.193	353.334
45.203	354.865
45.213	353.679
45.223	356.506
45.233	360.283
45.243	348.942
45.253	354.899
45.263	353.999
45.273	352.529
45.283	350.617
45.293	351.126
45.303	350.477
45.313	350.361
45.323	350.750
45.333	349.646
45.343	350.359
45.353	354.587
45.363	352.477
45.373	353.138
45.383	352.975
45.393	351.751
45.403	353.398
45.413	0.000
45.423	0.000
45.433	0.000
45.443	0.000
45.453	0.000
45.463	0.000
45.473	0.000
45.483	0.000
45.493	0.000
45.503	0.000
45.513	0.000
45.523	0.000
45.533	0.000
45.543	0.000
45.553	0.000
45.563	0.000
45.573	0.000
45.583	0.000
45.593	0.000
45.603	0.000
45.613	0.000
45.623	378.890
45.633	361.948
45.643	355.497
45.653	351.855
45.663	351.706
45.673	351.345
45.683	351.273
45.693	351.237
45.703	350.989
45.713	350.601
45.723	350.234
45.733	350.307
45.743	350.676
45.753	351.079
45.763	351.077
45.773	351.092
45.783	350.891
45.793	350.634
45.803	350.510
45.813	350.455
45.823	350.593
45.833	350.552
45.843	350.687
45.853	350.955
45.863	350.999
45.873	350.944
45.883	350.633
45.893	350.555
45.903	350.638
45.913	350.618
45.923	350.463
45.933	350.381
45.943	350.405
45.953	350.783
45.963	351.411
45.973	351.852
45.983	351.950
45.993	351.865
46.003	351.956
46.013	352.024
46.023	352.123
46.033	352.379
46.043	352.915
46.053	353.122
46.063	353.504
46.073	353.454
46.083	353.131
46.093	352.958
46.103	352.543
46.113	352.664
46.123	354.288
46.133	356.704
46.143	350.562
46.153	355.246
46.163	351.698
46.173	354.766
46.183	356.257
46.193	355.626
46.203	355.539
46.213	352.724
46.223	0.000
46.233	0.000
46.243	370.570
46.253	364.052
46.263	356.590
46.273	354.550
46.283	352.856
46.293	353.774
46.303	354.205
46.313	357.373
46.323	354.806
46.333	359.496
46.343	374.593
46.353	364.902
46.363	355.434
46.373	352.686
46.383	349.135
46.393	349.412
46.403	349.723
46.413	350.259
46.423	352.092
46.433	355.247
46.443	352.944
46.453	363.098
46.463	363.238
46.473	358.794
46.483	357.526
46.493	352.024
46.503	352.695
46.513	351.886
46.523	352.407
46.533	351.897
46.543	351.806
46.553	351.828
46.563	354.224
46.573	360.952
46.583	362.157
46.593	363.464
46.603	365.617
46.613	0.000
46.623	0.000
46.633	0.000
46.643	0.000
46.653	0.000
46.663	0.000
46.673	0.000
46.683	0.000
46.693	0.000
46.703	0.000
46.713	0.000
46.723	0.000
46.733	0.000
46.743	0.000
46.753	0.000
46.763	0.000
46.773	0.000
46.783	0.000
46.793	0.000
46.803	0.000
46.813	0.000
46.823	0.000
46.833	0.000
46.843	0.000
46.853	288.461
46.863	296.600
46.873	294.796
46.883	294.247
46.893	295.882
46.903	294.535
46.913	294.514
46.923	294.951
46.933	295.009
46.943	295.775
46.953	295.601
46.963	295.003
46.973	295.045
46.983	295.305
46.993	295.637
47.003	295.562
47.013	295.671
47.023	295.758
47.033	295.753
47.043	296.237
47.053	296.249
47.063	296.199
47.073	296.078
47.083	295.994
47.093	296.200
47.103	296.312
47.113	296.341
47.123	296.185
47.133	295.993
47.143	295.759
47.153	295.685
47.163	295.673
47.173	295.567
47.183	295.906
47.193	296.249
47.203	296.322
47.213	296.344
47.223	296.312
47.233	296.346
47.243	296.243
47.253	296.222
47.263	296.229
47.273	295.933
47.283	295.795
47.293	295.405
47.303	295.262
47.313	295.180
47.323	294.850
47.333	294.736
47.343	294.867
47.353	295.058
47.363	295.165
47.373	295.337
47.383	295.521
47.393	296.090
47.403	296.571
47.413	296.873
47.423	296.976
47.433	297.307
47.443	298.226
47.453	298.434
47.463	306.724
47.473	0.000
47.483	0.000
47.493	0.000
47.503	0.000
47.513	0.000
47.523	0.000
47.533	0.000
47.543	312.444
47.553	297.253
47.563	294.124
47.573	294.071
47.583	296.739
47.593	296.582
47.603	291.773
47.613	0.000
47.623	0.000
47.633	299.839
47.643	307.396
47.653	300.607
47.663	293.766
47.673	294.585
47.683	298.418
47.693	298.198
47.703	291.829
47.713	296.817
47.723	305.821
47.733	290.881
47.743	301.930
47.753	302.185
47.763	296.824
47.773	296.627
47.783	298.302
47.793	294.217
47.803	296.756
47.813	293.686
47.823	292.746
47.833	297.669
47.843	290.752
47.853	290.701
47.863	0.000
47.873	0.000
47.883	0.000
47.893	0.000
47.903	0.000
47.913	0.000
47.923	0.000
47.933	0.000
47.943	0.000
47.953	0.000
47.963	0.000
47.973	0.000
47.983	0.000
47.993	0.000
48.003	0.000
48.013	0.000
48.023	0.000
48.033	0.000
48.043	0.000
48.053	0.000
48.063	0.000
48.073	0.000
48.083	296.634
48.093	292.219
48.103	290.204
48.113	292.686
48.123	294.953
48.133	294.470
48.143	294.606
48.153	294.448
48.163	294.104
48.173	294.189
48.183	294.008
48.193	294.520
48.203	295.236
48.213	295.123
48.223	294.760
48.233	294.162
48.243	294.214
48.253	294.236
48.263	294.205
48.273	294.506
48.283	294.897
48.293	295.131
48.303	295.472
48.313	295.589
48.323	295.734
48.333	295.834
48.343	295.807
48.353	295.867
48.363	295.820
48.373	295.734
48.383	295.403
48.393	295.472
48.403	295.179
48.413	294.931
48.423	294.293
48.433	293.951
48.443	293.328
48.453	293.077
48.463	293.296
48.473	293.529
48.483	294.162
48.493	294.529
48.503	294.496
48.513	294.370
48.523	294.508
48.533	295.118
48.543	295.558
48.553	296.216
48.563	296.492
48.573	296.473
48.583	296.255
48.593	296.332
48.603	296.520
48.613	296.417
48.623	296.423
48.633	298.843
48.643	0.000
48.653	0.000
48.663	0.000
48.673	0.000
48.683	0.000
48.693	0.000
48.703	0.000
48.713	0.000
48.723	0.000
48.733	0.000
48.743	312.599
48.753	306.453
48.763	293.190
48.773	294.878
48.783	298.458
48.793	298.781
48.803	0.000
48.813	0.000
48.823	0.000
48.833	0.000
48.843	299.697
48.853	295.248
48.863	292.923
48.873	293.100
48.883	297.805
48.893	310.476
48.903	310.682
48.913	315.909
48.923	293.282
48.933	290.985
48.943	305.043
48.953	298.953
48.963	295.451
48.973	295.893
48.983	296.112
48.993	293.248
49.003	297.815
49.013	292.265
49.023	298.590
49.033	292.160
49.043	291.324
49.053	288.038
49.063	0.000
49.073	0.000
49.083	0.000
49.093	0.000
49.103	0.000
49.113	0.000
49.123	0.000
49.133	0.000
49.143	0.000
49.153	0.000
49.163	0.000
49.173	0.000
49.183	0.000
49.193	0.000
49.203	0.000
49.213	0.000
49.223	0.000
49.233	0.000
49.243	0.000
49.253	0.000
49.263	0.000
49.273	0.000
49.283	297.566
49.293	297.980
49.303	291.407
49.313	291.461
49.323	293.250
49.333	293.641
49.343	293.298
49.353	293.860
49.363	293.372
49.373	293.957
49.383	294.020
49.393	294.127
49.403	294.369
49.413	294.284
49.423	294.370
49.433	294.329
49.443	294.329
49.453	294.638
49.463	294.566
49.473	294.760
49.483	294.773
49.493	294.668
49.503	294.556
49.513	294.581
49.523	294.704
49.533	294.728
49.543	294.641
49.553	294.710
49.563	294.660
49.573	294.583
49.583	294.689
49.593	294.752
49.603	294.760
49.613	294.802
49.623	294.770
49.633	294.539
49.643	294.290
49.653	294.230
49.663	294.321
49.673	294.723
49.683	294.620
49.693	294.668
49.703	294.378
49.713	294.150
49.723	294.150
49.733	294.099
49.743	293.902
49.753	293.848
49.763	293.880
49.773	293.903
49.783	293.946
49.793	294.098
49.803	294.104
49.813	294.240
49.823	294.251
49.833	294.163
49.843	294.181
49.853	294.245
49.863	294.612
49.873	294.797
49.883	294.761
49.893	294.564
49.903	294.371
49.913	294.289
49.923	294.327
49.933	294.582
49.943	294.662
49.953	294.465
49.963	293.999
49.973	293.810
49.983	293.753
49.993	293.845
50.003	293.951
50.013	294.031
50.023	294.143
50.033	294.471
50.043	294.784
50.053	294.703
50.063	294.800
50.073	295.044
50.083	295.075
50.093	295.009
50.103	294.835
50.113	294.806
50.123	294.821
50.133	294.872
50.143	294.823
50.153	294.853
50.163	294.735
50.173	294.534
50.183	294.230
50.193	294.143
50.203	294.213
50.213	294.077
50.223	294.007
50.233	294.007
50.243	294.159
50.253	294.237
50.263	294.305
50.273	294.288
50.283	294.112
50.293	294.213
50.303	294.148
50.313	293.969
50.323	293.661
50.333	293.621
50.343	293.658
50.353	293.795
50.363	294.015
50.373	294.040
50.383	294.091
50.393	294.205
50.403	294.022
50.413	293.850
50.423	293.716
50.433	293.839
50.443	294.111
50.453	294.130
50.463	294.268
50.473	294.014
50.483	293.851
50.493	293.718
50.503	293.677
50.513	293.698
50.523	293.781
50.533	293.970
50.543	294.277
50.553	294.621
50.563	294.719
50.573	294.776
50.583	294.840
50.593	294.877
50.603	294.712
50.613	294.248
50.623	293.909
50.633	293.909
50.643	293.968
50.653	293.990
50.663	293.989
50.673	294.155
50.683	294.328
50.693	294.384
50.703	294.334
50.713	294.297
50.723	294.414
50.733	294.630
50.743	294.910
50.753	295.112
50.763	295.040
50.773	294.972
50.783	294.974
50.793	294.889
50.803	294.774
50.813	294.740
50.823	294.896
50.833	294.961
50.843	294.780
50.853	294.745
50.863	294.527
50.873	294.368
50.883	294.290
50.893	294.344
50.903	294.669
50.913	294.844
50.923	294.810
50.933	294.721
50.943	294.751
50.953	294.746
50.963	294.890
50.973	295.096
50.983	295.209
50.993	295.188
51.003	295.165
51.013	295.027
51.023	294.779
51.033	294.703
51.043	294.671
51.053	294.619
51.063	294.671
51.073	295.056
51.083	295.368
51.093	295.499
51.103	295.519
51.113	295.388
51.123	295.337
51.133	295.210
51.143	295.068
51.153	295.114
51.163	295.208
51.173	295.155
51.183	295.122
51.193	295.254
51.203	295.353
51.213	295.411
51.223	295.545
51.233	295.427
51.243	295.318
51.253	294.985
51.263	294.722
51.273	294.853
51.283	295.089
51.293	295.389
51.303	295.426
51.313	295.458
51.323	295.384
51.333	295.174
51.343	294.971
51.353	295.088
51.363	295.266
51.373	295.352
51.383	295.248
51.393	295.354
51.403	295.287
51.413	295.214
51.423	295.126
51.433	295.003
51.443	294.905
51.453	294.857
51.463	294.911
51.473	295.116
51.483	295.027
51.493	294.909
51.503	294.498
51.513	294.224
51.523	294.476
51.533	294.619
51.543	295.061
51.553	295.068
51.563	294.902
51.573	294.856
51.583	295.009
51.593	295.198
51.603	295.424
51.613	295.517
51.623	295.577
51.633	295.805
51.643	295.828
51.653	295.906
51.663	295.940
51.673	295.945
51.683	296.104
51.693	296.242
51.703	296.025
51.713	295.902
51.723	295.691
51.733	295.566
51.743	295.660
51.753	295.842
51.763	296.115
51.773	296.442
51.783	296.678
51.793	296.851
51.803	296.741
51.813	296.462
51.823	296.561
51.833	295.983
51.843	295.197
51.853	294.921
51.863	294.775
51.873	294.346
51.883	293.351
51.893	292.856
51.903	0.000
51.913	0.000
51.923	0.000
51.933	0.000
51.943	0.000
51.953	0.000
51.963	0.000
51.973	0.000
51.983	0.000
51.993	0.000
52.003	0.000
52.013	0.000
52.023	0.000
52.033	0.000
52.043	0.000
52.053	0.000
52.063	0.000
52.073	0.000
52.083	0.000
52.093	0.000
52.103	0.000
52.113	0.000
52.123	0.000
52.133	0.000
52.143	0.000
52.153	0.000
52.163	0.000
52.173	0.000
52.183	0.000
52.193	0.000
52.203	0.000
52.213	0.000
52.223	0.000
52.233	0.000
52.243	0.000
52.253	0.000
52.263	0.000
52.273	0.000
52.283	0.000
52.293	0.000
52.303	0.000
52.313	0.000
52.323	0.000
52.333	0.000
52.343	0.000
52.353	0.000
52.363	0.000
52.373	0.000
52.383	0.000
52.393	0.000
52.403	0.000
52.413	0.000
52.423	0.000
52.433	0.000
52.443	0.000
52.453	0.000
52.463	0.000
52.473	0.000
52.483	0.000
52.493	0.000
52.503	0.000
52.513	0.000
52.523	0.000
52.533	0.000
52.543	0.000
52.553	0.000
52.563	0.000
52.573	0.000
52.583	0.000
52.593	0.000
52.603	0.000
52.613	0.000
52.623	0.000
52.633	0.000
52.643	0.000
52.653	0.000
52.663	0.000
52.673	0.000
52.683	0.000
52.693	0.000
52.703	0.000
52.713	0.000
52.723	0.000
52.733	0.000
52.743	0.000
52.753	0.000
52.763	0.000
52.773	0.000
52.783	0.000
52.793	0.000
52.803	0.000
52.813	0.000
52.823	0.000
52.833	0.000
52.843	0.000
52.853	0.000
52.863	0.000
52.873	0.000
52.883	0.000
52.893	0.000
52.903	0.000
52.913	0.000
52.923	0.000
52.933	0.000
52.943	0.000
52.953	0.000
52.963	0.000
52.973	0.000
52.983	0.000
52.993	0.000
53.003	0.000
53.013	0.000
53.023	0.000
53.033	0.000
53.043	0.000
53.053	0.000
53.063	0.000
53.073	0.000
53.083	0.000
53.093	0.000
53.103	0.000
53.113	0.000
53.123	0.000
53.133	0.000
53.143	0.000
53.153	0.000
53.163	0.000
53.173	0.000
53.183	0.000
53.193	0.000
53.203	0.000
53.213	0.000
53.223	0.000
53.233	0.000
53.243	0.000
53.253	0.000
53.263	0.000
53.273	0.000
53.283	0.000
53.293	0.000
53.303	0.000
53.313	0.000
53.323	0.000
53.333	0.000
53.343	0.000
53.353	0.000
53.363	0.000
53.373	0.000
53.383	0.000
53.393	0.000
53.403	0.000
53.413	0.000
53.423	0.000
53.433	0.000
53.443	0.000
