0.023	0.000
0.033	0.000
0.043	0.000
0.053	0.000
0.063	0.000
0.073	0.000
0.083	0.000
0.093	0.000
0.103	0.000
0.113	0.000
0.123	0.000
0.133	0.000
0.143	0.000
0.153	0.000
0.163	0.000
0.173	0.000
0.183	0.000
0.193	0.000
0.203	0.000
0.213	0.000
0.223	0.000
0.233	0.000
0.243	0.000
0.253	0.000
0.263	0.000
0.273	0.000
0.283	0.000
0.293	0.000
0.303	0.000
0.313	0.000
0.323	0.000
0.333	0.000
0.343	0.000
0.353	0.000
0.363	0.000
0.373	0.000
0.383	0.000
0.393	0.000
0.403	0.000
0.413	0.000
0.423	0.000
0.433	0.000
0.443	0.000
0.453	0.000
0.463	0.000
0.473	0.000
0.483	0.000
0.493	0.000
0.503	0.000
0.513	0.000
0.523	0.000
0.533	0.000
0.543	0.000
0.553	0.000
0.563	0.000
0.573	0.000
0.583	0.000
0.593	0.000
0.603	0.000
0.613	0.000
0.623	0.000
0.633	0.000
0.643	0.000
0.653	0.000
0.663	0.000
0.673	0.000
0.683	0.000
0.693	0.000
0.703	0.000
0.713	0.000
0.723	0.000
0.733	0.000
0.743	0.000
0.753	0.000
0.763	0.000
0.773	0.000
0.783	0.000
0.793	0.000
0.803	0.000
0.813	0.000
0.823	0.000
0.833	0.000
0.843	0.000
0.853	0.000
0.863	0.000
0.873	0.000
0.883	0.000
0.893	0.000
0.903	0.000
0.913	0.000
0.923	0.000
0.933	0.000
0.943	0.000
0.953	0.000
0.963	0.000
0.973	0.000
0.983	0.000
0.993	0.000
1.003	0.000
1.013	0.000
1.023	0.000
1.033	0.000
1.043	0.000
1.053	0.000
1.063	0.000
1.073	0.000
1.083	0.000
1.093	0.000
1.103	0.000
1.113	0.000
1.123	0.000
1.133	0.000
1.143	0.000
1.153	0.000
1.163	0.000
1.173	0.000
1.183	0.000
1.193	0.000
1.203	0.000
1.213	0.000
1.223	0.000
1.233	0.000
1.243	0.000
1.253	0.000
1.263	0.000
1.273	0.000
1.283	0.000
1.293	0.000
1.303	0.000
1.313	0.000
1.323	0.000
1.333	0.000
1.343	0.000
1.353	0.000
1.363	0.000
1.373	0.000
1.383	0.000
1.393	0.000
1.403	0.000
1.413	0.000
1.423	0.000
1.433	0.000
1.443	0.000
1.453	0.000
1.463	0.000
1.473	0.000
1.483	0.000
1.493	0.000
1.503	0.000
1.513	0.000
1.523	0.000
1.533	0.000
1.543	0.000
1.553	0.000
1.563	0.000
1.573	0.000
1.583	0.000
1.593	0.000
1.603	0.000
1.613	0.000
1.623	0.000
1.633	0.000
1.643	0.000
1.653	0.000
1.663	0.000
1.673	0.000
1.683	0.000
1.693	0.000
1.703	0.000
1.713	0.000
1.723	0.000
1.733	0.000
1.743	0.000
1.753	0.000
1.763	0.000
1.773	0.000
1.783	0.000
1.793	0.000
1.803	0.000
1.813	0.000
1.823	0.000
1.833	0.000
1.843	0.000
1.853	0.000
1.863	0.000
1.873	0.000
1.883	0.000
1.893	0.000
1.903	0.000
1.913	0.000
1.923	0.000
1.933	0.000
1.943	0.000
1.953	0.000
1.963	0.000
1.973	0.000
1.983	0.000
1.993	0.000
2.003	0.000
2.013	0.000
2.023	0.000
2.033	0.000
2.043	0.000
2.053	0.000
2.063	0.000
2.073	0.000
2.083	0.000
2.093	0.000
2.103	0.000
2.113	0.000
2.123	0.000
2.133	0.000
2.143	0.000
2.153	0.000
2.163	0.000
2.173	0.000
2.183	0.000
2.193	0.000
2.203	0.000
2.213	0.000
2.223	0.000
2.233	0.000
2.243	0.000
2.253	0.000
2.263	0.000
2.273	0.000
2.283	0.000
2.293	0.000
2.303	0.000
2.313	0.000
2.323	0.000
2.333	0.000
2.343	0.000
2.353	0.000
2.363	0.000
2.373	0.000
2.383	0.000
2.393	0.000
2.403	0.000
2.413	0.000
2.423	0.000
2.433	0.000
2.443	0.000
2.453	0.000
2.463	0.000
2.473	0.000
2.483	0.000
2.493	0.000
2.503	0.000
2.513	0.000
2.523	0.000
2.533	0.000
2.543	0.000
2.553	0.000
2.563	0.000
2.573	0.000
2.583	0.000
2.593	0.000
2.603	0.000
2.613	0.000
2.623	0.000
2.633	0.000
2.643	0.000
2.653	0.000
2.663	0.000
2.673	0.000
2.683	0.000
2.693	0.000
2.703	0.000
2.713	0.000
2.723	0.000
2.733	0.000
2.743	0.000
2.753	0.000
2.763	0.000
2.773	0.000
2.783	0.000
2.793	0.000
2.803	0.000
2.813	0.000
2.823	0.000
2.833	0.000
2.843	0.000
2.853	0.000
2.863	0.000
2.873	0.000
2.883	0.000
2.893	0.000
2.903	0.000
2.913	0.000
2.923	0.000
2.933	0.000
2.943	0.000
2.953	0.000
2.963	0.000
2.973	0.000
2.983	0.000
2.993	0.000
3.003	0.000
3.013	0.000
3.023	0.000
3.033	0.000
3.043	0.000
3.053	0.000
3.063	0.000
3.073	0.000
3.083	0.000
3.093	0.000
3.103	0.000
3.113	0.000
3.123	0.000
3.133	0.000
3.143	0.000
3.153	0.000
3.163	0.000
3.173	0.000
3.183	0.000
3.193	0.000
3.203	0.000
3.213	0.000
3.223	0.000
3.233	0.000
3.243	0.000
3.253	0.000
3.263	0.000
3.273	0.000
3.283	0.000
3.293	0.000
3.303	0.000
3.313	0.000
3.323	0.000
3.333	0.000
3.343	0.000
3.353	0.000
3.363	0.000
3.373	0.000
3.383	0.000
3.393	0.000
3.403	0.000
3.413	0.000
3.423	0.000
3.433	0.000
3.443	0.000
3.453	0.000
3.463	0.000
3.473	0.000
3.483	0.000
3.493	0.000
3.503	0.000
3.513	0.000
3.523	0.000
3.533	0.000
3.543	0.000
3.553	116.884
3.563	117.041
3.573	117.114
3.583	117.217
3.593	117.282
3.603	117.468
3.613	117.413
3.623	117.748
3.633	117.834
3.643	118.120
3.653	118.169
3.663	118.342
3.673	118.301
3.683	118.279
3.693	118.197
3.703	118.152
3.713	118.175
3.723	118.196
3.733	118.163
3.743	118.005
3.753	117.644
3.763	117.408
3.773	116.830
3.783	115.920
3.793	115.435
3.803	115.406
3.813	0.000
3.823	0.000
3.833	0.000
3.843	0.000
3.853	0.000
3.863	0.000
3.873	0.000
3.883	0.000
3.893	87.885
3.903	87.601
3.913	86.425
3.923	85.015
3.933	84.566
3.943	84.912
3.953	85.308
3.963	85.599
3.973	85.701
3.983	85.981
3.993	86.161
4.003	86.724
4.013	87.177
4.023	87.587
4.033	88.088
4.043	88.391
4.053	89.196
4.063	89.444
4.073	89.601
4.083	89.737
4.093	90.102
4.103	90.498
4.113	90.901
4.123	91.198
4.133	91.780
4.143	92.632
4.153	93.044
4.163	93.972
4.173	95.655
4.183	99.265
4.193	100.622
4.203	0.000
4.213	0.000
4.223	0.000
4.233	0.000
4.243	0.000
4.253	0.000
4.263	0.000
4.273	114.541
4.283	115.411
4.293	117.605
4.303	118.648
4.313	119.526
4.323	119.709
4.333	119.572
4.343	119.154
4.353	118.277
4.363	117.491
4.373	116.964
4.383	116.543
4.393	116.491
4.403	116.617
4.413	116.809
4.423	116.812
4.433	116.826
4.443	116.881
4.453	116.991
4.463	116.763
4.473	116.566
4.483	116.455
4.493	116.310
4.503	0.000
4.513	0.000
4.523	0.000
4.533	0.000
4.543	0.000
4.553	0.000
4.563	0.000
4.573	0.000
4.583	0.000
4.593	194.021
4.603	187.488
4.613	189.126
4.623	190.317
4.633	191.545
4.643	191.387
4.653	190.812
4.663	190.765
4.673	190.630
4.683	191.109
4.693	191.601
4.703	192.229
4.713	193.168
4.723	193.986
4.733	194.268
4.743	195.017
4.753	195.711
4.763	196.719
4.773	197.312
4.783	198.603
4.793	199.884
4.803	200.596
4.813	201.775
4.823	202.898
4.833	204.751
4.843	206.792
4.853	0.000
4.863	0.000
4.873	0.000
4.883	0.000
4.893	165.596
4.903	167.789
4.913	169.313
4.923	172.300
4.933	175.033
4.943	176.631
4.953	177.265
4.963	178.417
4.973	179.483
4.983	179.935
4.993	180.216
5.003	180.157
5.013	180.005
5.023	179.915
5.033	179.571
5.043	179.366
5.053	179.292
5.063	178.979
5.073	178.254
5.083	177.500
5.093	177.173
5.103	176.276
5.113	175.261
5.123	174.269
5.133	173.624
5.143	173.376
5.153	176.629
5.163	175.786
5.173	0.000
5.183	0.000
5.193	0.000
5.203	0.000
5.213	0.000
5.223	0.000
5.233	0.000
5.243	0.000
5.253	0.000
5.263	0.000
5.273	0.000
5.283	117.331
5.293	116.672
5.303	116.495
5.313	116.445
5.323	116.461
5.333	116.341
5.343	116.194
5.353	115.859
5.363	115.571
5.373	115.795
5.383	115.861
5.393	115.775
5.403	115.559
5.413	115.488
5.423	115.563
5.433	116.187
5.443	116.510
5.453	116.579
5.463	116.625
5.473	116.732
5.483	116.829
5.493	116.944
5.503	117.207
5.513	117.061
5.523	117.919
5.533	0.000
5.543	0.000
5.553	0.000
5.563	115.343
5.573	115.812
5.583	116.157
5.593	116.527
5.603	116.732
5.613	117.112
5.623	117.572
5.633	117.668
5.643	117.811
5.653	117.786
5.663	117.494
5.673	117.322
5.683	116.925
5.693	116.773
5.703	116.788
5.713	116.789
5.723	116.842
5.733	116.901
5.743	116.902
5.753	116.888
5.763	116.909
5.773	116.858
5.783	116.639
5.793	116.129
5.803	115.488
5.813	115.197
5.823	114.731
5.833	114.335
5.843	0.000
5.853	0.000
5.863	0.000
5.873	0.000
5.883	0.000
5.893	0.000
5.903	154.846
5.913	156.668
5.923	157.433
5.933	156.181
5.943	155.973
5.953	155.419
5.963	155.470
5.973	155.559
5.983	155.373
5.993	155.372
6.003	155.249
6.013	155.416
6.023	155.634
6.033	155.587
6.043	155.609
6.053	155.599
6.063	155.593
6.073	155.537
6.083	155.463
6.093	155.429
6.103	155.413
6.113	155.456
6.123	155.741
6.133	156.397
6.143	156.840
6.153	157.707
6.163	158.541
6.173	158.862
6.183	159.621
6.193	160.729
6.203	163.320
6.213	165.640
6.223	0.000
6.233	0.000
6.243	0.000
6.253	0.000
6.263	114.560
6.273	114.673
6.283	115.050
6.293	117.389
6.303	117.902
6.313	118.165
6.323	118.294
6.333	118.555
6.343	118.429
6.353	118.161
6.363	117.861
6.373	117.461
6.383	117.065
6.393	116.985
6.403	116.889
6.413	116.907
6.423	116.989
6.433	117.135
6.443	117.221
6.453	117.258
6.463	117.255
6.473	117.279
6.483	117.273
6.493	117.088
6.503	117.027
6.513	116.857
6.523	116.873
6.533	116.913
6.543	116.925
6.553	116.917
6.563	117.001
6.573	117.010
6.583	116.933
6.593	116.894
6.603	116.903
6.613	116.910
6.623	116.979
6.633	117.165
6.643	117.185
6.653	117.047
6.663	116.914
6.673	116.977
6.683	117.023
6.693	117.148
6.703	117.147
6.713	117.086
6.723	117.058
6.733	117.162
6.743	117.210
6.753	117.229
6.763	117.215
6.773	117.097
6.783	117.076
6.793	117.187
6.803	117.268
6.813	117.203
6.823	117.152
6.833	117.042
6.843	117.048
6.853	117.060
6.863	117.038
6.873	117.033
6.883	117.150
6.893	117.156
6.903	117.138
6.913	117.106
6.923	117.241
6.933	117.268
6.943	117.195
6.953	117.086
6.963	117.081
6.973	117.117
6.983	117.210
6.993	117.278
7.003	117.321
7.013	117.315
7.023	117.247
7.033	117.143
7.043	117.126
7.053	117.177
7.063	117.331
7.073	117.404
7.083	117.360
7.093	117.345
7.103	117.316
7.113	117.255
7.123	117.201
7.133	117.146
7.143	117.169
7.153	117.130
7.163	117.072
7.173	117.041
7.183	117.020
7.193	117.058
7.203	117.107
7.213	117.140
7.223	117.151
7.233	117.173
7.243	117.279
7.253	117.315
7.263	117.281
7.273	117.178
7.283	117.117
7.293	117.091
7.303	117.053
7.313	116.960
7.323	117.004
7.333	117.029
7.343	116.920
7.353	116.861
7.363	116.870
7.373	116.952
7.383	116.833
7.393	116.718
7.403	116.665
7.413	116.673
7.423	116.709
7.433	116.751
7.443	116.891
7.453	116.887
7.463	116.850
7.473	116.851
7.483	116.761
7.493	116.740
7.503	116.865
7.513	116.909
7.523	116.889
7.533	116.977
7.543	117.046
7.553	117.030
7.563	117.008
7.573	117.104
7.583	117.135
7.593	117.149
7.603	117.053
7.613	116.998
7.623	116.871
7.633	116.892
7.643	116.834
7.653	116.789
7.663	116.756
7.673	116.796
7.683	116.852
7.693	116.883
7.703	116.899
7.713	116.929
7.723	116.899
7.733	116.766
7.743	116.682
7.753	116.614
7.763	116.667
7.773	116.855
7.783	117.096
7.793	117.080
7.803	117.025
7.813	116.971
7.823	116.992
7.833	116.977
7.843	116.967
7.853	116.954
7.863	116.952
7.873	116.935
7.883	116.861
7.893	116.774
7.903	116.770
7.913	116.736
7.923	116.720
7.933	116.737
7.943	116.727
7.953	116.718
7.963	116.702
7.973	116.807
7.983	116.963
7.993	116.958
8.003	116.940
8.013	116.910
8.023	116.738
8.033	116.654
8.043	116.637
8.053	116.561
8.063	116.616
8.073	116.713
8.083	116.787
8.093	116.946
8.103	117.020
8.113	117.114
8.123	117.214
8.133	117.210
8.143	117.053
8.153	117.081
8.163	117.190
8.173	117.393
8.183	117.389
8.193	117.284
8.203	117.165
8.213	117.238
8.223	117.457
8.233	117.678
8.243	118.076
8.253	118.384
8.263	118.586
8.273	0.000
8.283	0.000
8.293	0.000
8.303	0.000
8.313	0.000
8.323	0.000
8.333	0.000
8.343	0.000
8.353	0.000
8.363	0.000
8.373	0.000
8.383	0.000
8.393	0.000
8.403	0.000
8.413	0.000
8.423	0.000
8.433	0.000
8.443	0.000
8.453	0.000
8.463	0.000
8.473	0.000
8.483	0.000
8.493	0.000
8.503	0.000
8.513	0.000
8.523	0.000
8.533	0.000
8.543	0.000
8.553	0.000
8.563	0.000
8.573	0.000
8.583	0.000
8.593	0.000
8.603	0.000
8.613	0.000
8.623	0.000
8.633	0.000
8.643	0.000
8.653	0.000
8.663	0.000
8.673	0.000
8.683	0.000
8.693	0.000
8.703	0.000
8.713	0.000
8.723	0.000
8.733	0.000
8.743	0.000
8.753	0.000
8.763	0.000
8.773	0.000
8.783	0.000
8.793	0.000
8.803	0.000
8.813	0.000
8.823	0.000
8.833	0.000
8.843	0.000
8.853	0.000
8.863	116.141
8.873	115.961
8.883	116.084
8.893	116.536
8.903	116.636
8.913	116.845
8.923	116.907
8.933	116.990
8.943	116.982
8.953	116.964
8.963	116.919
8.973	116.916
8.983	116.863
8.993	116.930
9.003	117.060
9.013	117.356
9.023	117.485
9.033	117.761
9.043	117.778
9.053	117.439
9.063	117.300
9.073	116.456
9.083	115.792
9.093	115.419
9.103	114.775
9.113	0.000
9.123	0.000
9.133	0.000
9.143	0.000
9.153	0.000
9.163	100.956
9.173	99.530
9.183	97.685
9.193	97.430
9.203	97.455
9.213	97.609
9.223	97.749
9.233	97.820
9.243	97.780
9.253	97.858
9.263	98.051
9.273	98.126
9.283	98.072
9.293	98.001
9.303	98.138
9.313	98.268
9.323	98.442
9.333	98.567
9.343	98.604
9.353	98.585
9.363	98.462
9.373	98.357
9.383	98.341
9.393	98.335
9.403	98.084
9.413	97.758
9.423	97.541
9.433	96.778
9.443	95.552
9.453	95.174
9.463	96.146
9.473	0.000
9.483	0.000
9.493	0.000
9.503	0.000
9.513	0.000
9.523	0.000
9.533	131.217
9.543	131.829
9.553	131.480
9.563	131.547
9.573	131.377
9.583	131.109
9.593	131.502
9.603	131.581
9.613	131.908
9.623	132.360
9.633	132.469
9.643	132.701
9.653	132.967
9.663	133.043
9.673	133.089
9.683	133.158
9.693	133.087
9.703	133.125
9.713	133.411
9.723	134.043
9.733	134.815
9.743	135.113
9.753	135.024
9.763	133.665
9.773	131.843
9.783	0.000
9.793	0.000
9.803	0.000
9.813	0.000
9.823	0.000
9.833	0.000
9.843	93.343
9.853	92.991
9.863	93.130
9.873	94.673
9.883	96.660
9.893	97.434
9.903	98.132
9.913	98.205
9.923	98.223
9.933	98.165
9.943	98.106
9.953	98.039
9.963	98.061
9.973	98.176
9.983	98.274
9.993	98.291
10.003	98.300
10.013	98.351
10.023	98.364
10.033	98.313
10.043	98.106
10.053	98.015
10.063	97.908
10.073	97.846
10.083	97.424
10.093	97.085
10.103	96.724
10.113	0.000
10.123	0.000
10.133	0.000
10.143	0.000
10.153	0.000
10.163	0.000
10.173	0.000
10.183	0.000
10.193	127.862
10.203	130.126
10.213	131.174
10.223	131.670
10.233	131.544
10.243	131.319
10.253	131.001
10.263	130.613
10.273	130.017
10.283	129.786
10.293	129.590
10.303	129.818
10.313	129.835
10.323	129.906
10.333	130.480
10.343	131.597
10.353	131.690
10.363	131.745
10.373	131.839
10.383	132.101
10.393	132.111
10.403	131.913
10.413	131.670
10.423	131.030
10.433	130.541
10.443	0.000
10.453	0.000
10.463	0.000
10.473	0.000
10.483	0.000
10.493	0.000
10.503	0.000
10.513	0.000
10.523	90.928
10.533	90.267
10.543	89.678
10.553	89.456
10.563	89.541
10.573	89.577
10.583	89.610
10.593	89.699
10.603	89.838
10.613	89.919
10.623	90.082
10.633	90.221
10.643	90.328
10.653	90.569
10.663	90.820
10.673	91.144
10.683	91.204
10.693	91.414
10.703	91.770
10.713	92.014
10.723	92.464
10.733	93.169
10.743	93.857
10.753	94.209
10.763	94.900
10.773	95.986
10.783	97.797
10.793	99.270
10.803	103.089
10.813	0.000
10.823	0.000
10.833	0.000
10.843	0.000
10.853	117.680
10.863	117.935
10.873	118.355
10.883	118.237
10.893	118.313
10.903	118.737
10.913	119.262
10.923	118.836
10.933	118.600
10.943	118.750
10.953	118.772
10.963	118.677
10.973	118.651
10.983	118.911
10.993	118.807
11.003	118.618
11.013	118.459
11.023	117.961
11.033	117.746
11.043	117.677
11.053	117.790
11.063	117.945
11.073	117.992
11.083	118.024
11.093	117.926
11.103	117.733
11.113	117.529
11.123	117.096
11.133	116.468
11.143	116.120
11.153	0.000
11.163	0.000
11.173	0.000
11.183	0.000
11.193	0.000
11.203	0.000
11.213	146.117
11.223	146.968
11.233	150.854
11.243	149.154
11.253	148.650
11.263	148.878
11.273	148.277
11.283	147.992
11.293	147.954
11.303	147.558
11.313	147.389
11.323	147.173
11.333	147.189
11.343	147.292
11.353	147.601
11.363	147.680
11.373	147.776
11.383	147.946
11.393	148.175
11.403	148.326
11.413	148.622
11.423	148.823
11.433	148.896
11.443	149.033
11.453	149.405
11.463	149.996
11.473	150.259
11.483	151.333
11.493	152.473
11.503	153.909
11.513	154.656
11.523	157.657
11.533	160.880
11.543	161.353
11.553	164.634
11.563	170.753
11.573	173.428
11.583	173.635
11.593	174.071
11.603	174.947
11.613	175.397
11.623	175.684
11.633	175.717
11.643	175.796
11.653	175.803
11.663	176.051
11.673	176.203
11.683	175.979
11.693	175.878
11.703	175.797
11.713	175.879
11.723	175.913
11.733	176.010
11.743	176.077
11.753	176.231
11.763	176.351
11.773	176.603
11.783	176.894
11.793	177.052
11.803	177.145
11.813	177.156
11.823	176.948
11.833	176.803
11.843	176.629
11.853	176.469
11.863	176.461
11.873	176.540
11.883	176.633
11.893	176.892
11.903	177.039
11.913	177.125
11.923	177.136
11.933	177.197
11.943	177.201
11.953	177.152
11.963	177.278
11.973	177.353
11.983	177.351
11.993	177.401
12.003	177.225
12.013	177.056
12.023	176.888
12.033	176.909
12.043	176.934
12.053	176.802
12.063	176.671
12.073	176.849
12.083	176.983
12.093	176.793
12.103	176.204
12.113	176.036
12.123	176.067
12.133	176.266
12.143	176.216
12.153	176.061
12.163	175.949
12.173	175.824
12.183	176.235
12.193	176.541
12.203	176.888
12.213	176.818
12.223	176.575
12.233	176.361
12.243	176.092
12.253	176.551
12.263	176.707
12.273	176.785
12.283	176.725
12.293	176.855
12.303	176.887
12.313	176.787
12.323	176.627
12.333	176.496
12.343	176.445
12.353	176.351
12.363	176.123
12.373	176.118
12.383	176.190
12.393	176.369
12.403	176.635
12.413	176.734
12.423	176.855
12.433	176.896
12.443	176.876
12.453	176.876
12.463	176.959
12.473	177.001
12.483	177.026
12.493	177.084
12.503	177.099
12.513	177.150
12.523	177.179
12.533	177.138
12.543	177.340
12.553	177.503
12.563	177.577
12.573	177.673
12.583	177.890
12.593	178.016
12.603	178.126
12.613	178.035
12.623	177.958
12.633	178.001
12.643	178.118
12.653	178.251
12.663	178.254
12.673	178.244
12.683	178.257
12.693	178.208
12.703	178.265
12.713	178.395
12.723	178.373
12.733	178.054
12.743	178.206
12.753	178.466
12.763	178.423
12.773	178.265
12.783	178.331
12.793	178.386
12.803	178.194
12.813	178.179
12.823	177.669
12.833	177.673
12.843	177.560
12.853	177.532
12.863	177.781
12.873	177.798
12.883	177.728
12.893	177.648
12.903	177.607
12.913	177.720
12.923	177.592
12.933	177.628
12.943	177.694
12.953	177.690
12.963	177.630
12.973	177.613
12.983	177.520
12.993	177.578
13.003	177.789
13.013	177.960
13.023	177.803
13.033	177.832
13.043	178.048
13.053	177.946
13.063	177.947
13.073	177.979
13.083	177.858
13.093	177.717
13.103	177.565
13.113	177.292
13.123	177.052
13.133	176.931
13.143	176.691
13.153	176.721
13.163	177.120
13.173	177.282
13.183	177.377
13.193	177.341
13.203	177.363
13.213	177.470
13.223	177.522
13.233	177.459
13.243	177.393
13.253	177.599
13.263	177.321
13.273	177.107
13.283	176.865
13.293	176.961
13.303	177.028
13.313	177.017
13.323	177.217
13.333	177.300
13.343	177.061
13.353	176.819
13.363	176.825
13.373	176.946
13.383	176.716
13.393	176.634
13.403	176.532
13.413	176.296
13.423	176.243
13.433	176.457
13.443	176.593
13.453	176.415
13.463	176.608
13.473	176.638
13.483	176.491
13.493	176.537
13.503	176.822
13.513	177.525
13.523	177.579
13.533	177.661
13.543	177.807
13.553	176.721
13.563	176.698
13.573	175.600
13.583	0.000
13.593	0.000
13.603	0.000
13.613	0.000
13.623	0.000
13.633	0.000
13.643	0.000
13.653	0.000
13.663	0.000
13.673	0.000
13.683	0.000
13.693	0.000
13.703	0.000
13.713	0.000
13.723	0.000
13.733	0.000
13.743	0.000
13.753	0.000
13.763	0.000
13.773	0.000
13.783	0.000
13.793	0.000
13.803	0.000
13.813	0.000
13.823	0.000
13.833	0.000
13.843	0.000
13.853	0.000
13.863	0.000
13.873	0.000
13.883	0.000
13.893	0.000
13.903	0.000
13.913	0.000
13.923	0.000
13.933	0.000
13.943	0.000
13.953	0.000
13.963	0.000
13.973	0.000
13.983	0.000
13.993	0.000
14.003	0.000
14.013	0.000
14.023	0.000
14.033	0.000
14.043	0.000
14.053	0.000
14.063	0.000
14.073	0.000
14.083	0.000
14.093	0.000
14.103	0.000
14.113	0.000
14.123	0.000
14.133	0.000
14.143	0.000
14.153	0.000
14.163	0.000
14.173	0.000
14.183	0.000
14.193	0.000
14.203	118.041
14.213	117.662
14.223	117.941
14.233	118.064
14.243	118.192
14.253	118.275
14.263	118.263
14.273	118.173
14.283	118.186
14.293	118.126
14.303	118.044
14.313	117.971
14.323	117.955
14.333	117.991
14.343	118.066
14.353	118.110
14.363	118.133
14.373	118.095
14.383	117.883
14.393	117.613
14.403	117.120
14.413	116.419
14.423	115.807
14.433	115.525
14.443	115.484
14.453	0.000
14.463	0.000
14.473	0.000
14.483	0.000
14.493	100.223
14.503	98.452
14.513	96.140
14.523	94.265
14.533	94.099
14.543	94.669
14.553	96.224
14.563	97.569
14.573	98.139
14.583	98.804
14.593	98.987
14.603	98.872
14.613	98.794
14.623	98.633
14.633	98.487
14.643	98.503
14.653	98.714
14.663	98.844
14.673	98.830
14.683	98.877
14.693	99.223
14.703	99.843
14.713	100.543
14.723	100.898
14.733	101.449
14.743	102.258
14.753	102.605
14.763	103.305
14.773	104.352
14.783	106.702
14.793	108.310
14.803	0.000
14.813	0.000
14.823	0.000
14.833	0.000
14.843	0.000
14.853	119.411
14.863	119.115
14.873	118.880
14.883	118.499
14.893	118.192
14.903	118.060
14.913	117.893
14.923	117.697
14.933	117.581
14.943	117.328
14.953	117.167
14.963	117.071
14.973	117.046
14.983	117.169
14.993	117.502
15.003	117.882
15.013	117.990
15.023	118.111
15.033	118.313
15.043	118.403
15.053	118.506
15.063	118.265
15.073	117.997
15.083	117.759
15.093	117.299
15.103	116.455
15.113	116.153
15.123	115.993
15.133	0.000
15.143	0.000
15.153	0.000
15.163	0.000
15.173	0.000
15.183	0.000
15.193	0.000
15.203	0.000
15.213	151.838
15.223	152.225
15.233	151.102
15.243	149.712
15.253	148.674
15.263	148.206
15.273	147.652
15.283	147.417
15.293	147.332
15.303	147.527
15.313	148.120
15.323	149.042
15.333	149.364
15.343	149.666
15.353	149.888
15.363	149.768
15.373	149.577
15.383	149.397
15.393	149.252
15.403	149.234
15.413	149.873
15.423	150.750
15.433	152.223
15.443	153.116
15.453	154.845
15.463	155.965
15.473	156.438
15.483	158.715
15.493	160.294
15.503	163.260
15.513	161.050
15.523	0.000
15.533	0.000
15.543	0.000
15.553	0.000
15.563	115.131
15.573	117.292
15.583	117.483
15.593	117.877
15.603	118.322
15.613	118.535
15.623	118.547
15.633	118.287
15.643	117.971
15.653	117.733
15.663	117.464
15.673	117.161
15.683	117.017
15.693	117.029
15.703	117.055
15.713	117.072
15.723	117.140
15.733	117.264
15.743	117.480
15.753	117.480
15.763	117.435
15.773	117.416
15.783	117.481
15.793	117.571
15.803	117.624
15.813	117.800
15.823	117.935
15.833	117.937
15.843	117.951
15.853	117.794
15.863	119.500
15.873	0.000
15.883	0.000
15.893	118.833
15.903	118.566
15.913	118.583
15.923	118.446
15.933	118.047
15.943	117.894
15.953	117.811
15.963	117.819
15.973	117.844
15.983	117.847
15.993	117.618
16.003	117.456
16.013	117.344
16.023	117.286
16.033	117.400
16.043	117.536
16.053	117.548
16.063	117.374
16.073	117.103
16.083	117.090
16.093	117.157
16.103	117.279
16.113	117.434
16.123	117.531
16.133	117.697
16.143	117.670
16.153	117.471
16.163	117.306
16.173	117.260
16.183	119.338
16.193	0.000
16.203	0.000
16.213	120.526
16.223	120.922
16.233	120.764
16.243	120.656
16.253	120.636
16.263	120.245
16.273	119.943
16.283	119.515
16.293	119.238
16.303	119.106
16.313	118.793
16.323	118.474
16.333	118.317
16.343	118.231
16.353	118.061
16.363	117.791
16.373	117.696
16.383	117.729
16.393	117.894
16.403	118.261
16.413	118.244
16.423	118.160
16.433	117.754
16.443	117.332
16.453	117.084
16.463	116.969
16.473	116.895
16.483	116.980
16.493	0.000
16.503	0.000
16.513	0.000
16.523	0.000
16.533	0.000
16.543	153.331
16.553	154.065
16.563	154.363
16.573	153.606
16.583	153.539
16.593	154.193
16.603	154.286
16.613	154.570
16.623	154.590
16.633	154.484
16.643	154.712
16.653	154.755
16.663	154.945
16.673	155.042
16.683	155.164
16.693	155.154
16.703	155.115
16.713	155.276
16.723	155.629
16.733	156.077
16.743	156.252
16.753	156.467
16.763	156.549
16.773	156.602
16.783	156.699
16.793	156.729
16.803	156.656
16.813	156.522
16.823	155.995
16.833	155.679
16.843	155.681
16.853	154.686
16.863	157.828
16.873	155.554
16.883	153.405
16.893	153.709
16.903	153.831
16.913	152.629
16.923	151.726
16.933	151.760
16.943	150.861
16.953	151.048
16.963	150.283
16.973	149.563
16.983	149.325
16.993	149.037
17.003	148.356
17.013	148.037
17.023	147.870
17.033	147.763
17.043	147.552
17.053	147.550
17.063	147.632
17.073	147.714
17.083	147.644
17.093	147.881
17.103	148.140
17.113	148.241
17.123	148.283
17.133	148.200
17.143	148.131
17.153	148.194
17.163	148.058
17.173	148.154
17.183	147.946
17.193	147.543
17.203	147.337
17.213	147.447
17.223	147.548
17.233	147.454
17.243	147.415
17.253	147.457
17.263	147.532
17.273	147.552
17.283	147.475
17.293	147.701
17.303	147.924
17.313	147.925
17.323	147.749
17.333	147.741
17.343	148.066
17.353	148.184
17.363	148.284
17.373	148.294
17.383	148.205
17.393	148.014
17.403	147.970
17.413	147.785
17.423	147.624
17.433	147.628
17.443	147.515
17.453	147.471
17.463	147.479
17.473	147.401
17.483	147.511
17.493	147.570
17.503	147.633
17.513	147.532
17.523	147.626
17.533	147.752
17.543	147.962
17.553	148.021
17.563	148.022
17.573	147.960
17.583	147.720
17.593	147.648
17.603	147.678
17.613	147.842
17.623	147.962
17.633	147.930
17.643	147.764
17.653	147.920
17.663	147.812
17.673	147.705
17.683	147.761
17.693	147.795
17.703	147.831
17.713	147.816
17.723	147.681
17.733	147.446
17.743	147.697
17.753	147.835
17.763	148.014
17.773	148.073
17.783	148.029
17.793	148.153
17.803	148.212
17.813	148.121
17.823	148.184
17.833	147.966
17.843	147.746
17.853	147.754
17.863	147.512
17.873	147.455
17.883	147.600
17.893	147.917
17.903	147.994
17.913	147.854
17.923	147.763
17.933	147.630
17.943	147.518
17.953	147.451
17.963	147.494
17.973	147.699
17.983	147.571
17.993	147.212
18.003	147.129
18.013	146.875
18.023	146.809
18.033	146.960
18.043	147.013
18.053	146.949
18.063	146.841
18.073	146.844
18.083	146.984
18.093	147.072
18.103	146.947
18.113	146.843
18.123	146.736
18.133	146.979
18.143	146.967
18.153	146.969
18.163	146.943
18.173	147.123
18.183	146.994
18.193	147.189
18.203	147.621
18.213	147.713
18.223	147.663
18.233	147.310
18.243	147.082
18.253	146.994
18.263	147.132
18.273	147.033
18.283	147.021
18.293	147.516
18.303	147.597
18.313	147.429
18.323	147.293
18.333	147.192
18.343	146.986
18.353	146.996
18.363	146.976
18.373	147.387
18.383	147.188
18.393	146.988
18.403	147.085
18.413	146.935
18.423	146.761
18.433	146.938
18.443	147.016
18.453	148.003
18.463	148.249
18.473	148.377
18.483	148.181
18.493	147.910
18.503	148.006
18.513	147.909
18.523	147.575
18.533	147.767
18.543	147.188
18.553	146.868
18.563	147.038
18.573	146.601
18.583	146.741
18.593	147.077
18.603	146.651
18.613	147.260
18.623	147.268
18.633	148.069
18.643	147.614
18.653	147.643
18.663	147.187
18.673	0.000
18.683	0.000
18.693	0.000
18.703	0.000
18.713	0.000
18.723	0.000
18.733	0.000
18.743	0.000
18.753	0.000
18.763	0.000
18.773	0.000
18.783	0.000
18.793	0.000
18.803	0.000
18.813	0.000
18.823	0.000
18.833	0.000
18.843	0.000
18.853	0.000
18.863	0.000
18.873	0.000
18.883	0.000
18.893	0.000
18.903	0.000
18.913	0.000
18.923	0.000
18.933	0.000
18.943	0.000
18.953	0.000
18.963	0.000
18.973	0.000
18.983	0.000
18.993	0.000
19.003	0.000
19.013	0.000
19.023	0.000
19.033	0.000
19.043	0.000
19.053	0.000
19.063	0.000
19.073	0.000
19.083	0.000
19.093	0.000
19.103	0.000
19.113	0.000
19.123	0.000
19.133	0.000
19.143	0.000
19.153	0.000
19.163	0.000
19.173	0.000
19.183	0.000
19.193	0.000
19.203	0.000
19.213	0.000
19.223	0.000
19.233	0.000
19.243	0.000
19.253	0.000
19.263	0.000
19.273	0.000
19.283	0.000
19.293	0.000
19.303	0.000
19.313	0.000
19.323	0.000
19.333	0.000
19.343	0.000
19.353	0.000
19.363	0.000
19.373	0.000
19.383	0.000
19.393	0.000
19.403	0.000
19.413	0.000
19.423	0.000
19.433	0.000
19.443	0.000
19.453	0.000
19.463	0.000
19.473	151.629
19.483	150.320
19.493	147.252
19.503	147.483
19.513	147.282
19.523	146.582
19.533	145.937
19.543	145.982
19.553	146.044
19.563	146.161
19.573	146.160
19.583	146.145
19.593	146.183
19.603	146.390
19.613	146.629
19.623	146.628
19.633	146.531
19.643	146.462
19.653	146.506
19.663	146.549
19.673	146.513
19.683	146.591
19.693	146.673
19.703	146.715
19.713	146.751
19.723	146.959
19.733	147.115
19.743	147.509
19.753	147.702
19.763	147.718
19.773	147.681
19.783	148.415
19.793	0.000
19.803	0.000
19.813	0.000
19.823	190.823
19.833	190.625
19.843	191.044
19.853	190.412
19.863	191.528
19.873	192.130
19.883	192.952
19.893	194.165
19.903	194.693
19.913	194.929
19.923	195.174
19.933	195.489
19.943	195.516
19.953	195.447
19.963	195.531
19.973	195.838
19.983	195.930
19.993	196.040
20.003	195.963
20.013	196.000
20.023	196.110
20.033	196.529
20.043	196.953
20.053	196.995
20.063	197.485
20.073	198.385
20.083	199.789
20.093	200.621
20.103	201.256
20.113	202.215
20.123	204.279
20.133	205.624
20.143	212.486
20.153	0.000
20.163	247.160
20.173	253.725
20.183	259.243
20.193	261.055
20.203	262.293
20.213	263.331
20.223	263.622
20.233	263.682
20.243	263.807
20.253	263.798
20.263	263.667
20.273	263.888
20.283	264.114
20.293	264.534
20.303	264.980
20.313	265.052
20.323	265.039
20.333	265.069
20.343	265.135
20.353	265.301
20.363	265.647
20.373	266.036
20.383	266.108
20.393	266.289
20.403	266.446
20.413	266.262
20.423	265.202
20.433	262.480
20.443	260.228
20.453	259.536
20.463	257.372
20.473	250.458
20.483	233.958
20.493	0.000
20.503	197.720
20.513	194.344
20.523	193.267
20.533	192.860
20.543	194.118
20.553	194.987
20.563	195.258
20.573	195.770
20.583	196.018
20.593	196.026
20.603	195.911
20.613	195.932
20.623	196.039
20.633	196.059
20.643	195.885
20.653	195.961
20.663	196.197
20.673	196.423
20.683	196.797
20.693	197.089
20.703	197.160
20.713	197.237
20.723	197.547
20.733	197.915
20.743	198.090
20.753	198.479
20.763	198.931
20.773	199.257
20.783	200.166
20.793	201.515
20.803	203.110
20.813	203.525
20.823	204.191
20.833	204.487
20.843	208.386
20.853	211.034
20.863	231.665
20.873	247.540
20.883	248.644
20.893	255.107
20.903	258.789
20.913	260.617
20.923	261.097
20.933	261.481
20.943	262.028
20.953	262.081
20.963	262.774
20.973	262.956
20.983	263.409
20.993	263.451
21.003	263.535
21.013	263.699
21.023	263.920
21.033	263.909
21.043	264.052
21.053	264.184
21.063	264.403
21.073	264.877
21.083	265.327
21.093	265.780
21.103	265.997
21.113	266.737
21.123	267.195
21.133	267.203
21.143	265.893
21.153	263.767
21.163	262.739
21.173	262.189
21.183	261.385
21.193	0.000
21.203	0.000
21.213	0.000
21.223	0.000
21.233	161.188
21.243	159.153
21.253	157.695
21.263	157.187
21.273	157.015
21.283	156.989
21.293	157.126
21.303	157.129
21.313	157.066
21.323	156.893
21.333	156.647
21.343	156.528
21.353	156.569
21.363	156.472
21.373	156.430
21.383	156.537
21.393	156.643
21.403	156.931
21.413	157.090
21.423	157.064
21.433	157.112
21.443	157.205
21.453	157.439
21.463	157.532
21.473	157.869
21.483	158.128
21.493	158.518
21.503	158.836
21.513	159.565
21.523	160.378
21.533	160.688
21.543	161.362
21.553	162.731
21.563	165.321
21.573	165.124
21.583	169.048
21.593	171.995
21.603	172.292
21.613	173.101
21.623	173.756
21.633	174.203
21.643	174.488
21.653	174.921
21.663	175.416
21.673	175.763
21.683	175.896
21.693	176.041
21.703	175.983
21.713	175.859
21.723	175.722
21.733	175.720
21.743	175.733
21.753	175.715
21.763	175.725
21.773	175.751
21.783	175.724
21.793	175.905
21.803	176.238
21.813	176.441
21.823	176.529
21.833	176.579
21.843	176.615
21.853	176.340
21.863	176.314
21.873	176.484
21.883	176.613
21.893	176.535
21.903	176.275
21.913	176.131
21.923	176.390
21.933	176.515
21.943	176.785
21.953	176.776
21.963	176.738
21.973	176.811
21.983	176.910
21.993	176.957
22.003	177.058
22.013	177.233
22.023	177.459
22.033	177.624
22.043	177.643
22.053	177.631
22.063	177.800
22.073	177.839
22.083	177.812
22.093	177.774
22.103	177.865
22.113	177.875
22.123	177.866
22.133	177.826
22.143	177.782
22.153	177.782
22.163	177.812
22.173	177.854
22.183	177.844
22.193	177.979
22.203	178.042
22.213	177.873
22.223	177.742
22.233	177.807
22.243	177.537
22.253	177.136
22.263	176.586
22.273	176.202
22.283	176.314
22.293	0.000
22.303	0.000
22.313	0.000
22.323	0.000
22.333	0.000
22.343	111.122
22.353	110.138
22.363	110.150
22.373	114.198
22.383	116.988
22.393	118.209
22.403	118.264
22.413	118.057
22.423	117.752
22.433	117.572
22.443	117.234
22.453	116.944
22.463	116.797
22.473	116.742
22.483	116.760
22.493	116.889
22.503	116.908
22.513	116.863
22.523	116.884
22.533	117.084
22.543	117.138
22.553	117.113
22.563	117.039
22.573	116.929
22.583	116.928
22.593	117.003
22.603	117.019
22.613	117.009
22.623	117.083
22.633	117.195
22.643	117.264
22.653	117.335
22.663	117.397
22.673	117.317
22.683	117.351
22.693	117.393
22.703	117.435
22.713	117.392
22.723	117.448
22.733	117.612
22.743	117.679
22.753	117.510
22.763	117.481
22.773	117.759
22.783	117.918
22.793	117.872
22.803	117.724
22.813	117.447
22.823	117.210
22.833	117.109
22.843	116.968
22.853	116.949
22.863	117.125
22.873	117.156
22.883	117.088
22.893	117.152
22.903	117.311
22.913	117.527
22.923	117.515
22.933	117.434
22.943	117.448
22.953	117.424
22.963	117.296
22.973	117.206
22.983	117.177
22.993	117.211
23.003	117.201
23.013	117.248
23.023	117.447
23.033	117.672
23.043	117.543
23.053	117.469
23.063	117.376
23.073	117.338
23.083	117.352
23.093	117.458
23.103	117.671
23.113	117.693
23.123	117.677
23.133	117.661
23.143	117.565
23.153	117.502
23.163	117.361
23.173	117.291
23.183	117.402
23.193	117.547
23.203	117.719
23.213	117.782
23.223	117.791
23.233	117.783
23.243	117.720
23.253	117.751
23.263	117.796
23.273	117.726
23.283	117.593
23.293	117.515
23.303	117.474
23.313	117.482
23.323	117.591
23.333	117.567
23.343	117.546
23.353	117.485
23.363	117.416
23.373	117.390
23.383	117.377
23.393	117.344
23.403	117.427
23.413	117.528
23.423	117.578
23.433	117.563
23.443	117.553
23.453	117.518
23.463	117.524
23.473	117.668
23.483	117.755
23.493	117.812
23.503	117.862
23.513	117.933
23.523	118.060
23.533	118.114
23.543	118.124
23.553	118.084
23.563	117.955
23.573	117.978
23.583	118.025
23.593	118.031
23.603	118.107
23.613	118.118
23.623	118.106
23.633	118.024
23.643	117.937
23.653	117.805
23.663	117.782
23.673	117.775
23.683	117.798
23.693	117.845
23.703	117.888
23.713	117.871
23.723	117.784
23.733	117.779
23.743	117.712
23.753	117.671
23.763	117.763
23.773	117.845
23.783	117.903
23.793	117.921
23.803	117.997
23.813	118.027
23.823	117.925
23.833	117.860
23.843	117.860
23.853	117.788
23.863	117.675
23.873	117.660
23.883	117.861
23.893	118.207
23.903	118.217
23.913	118.178
23.923	118.140
23.933	118.120
23.943	118.103
23.953	118.119
23.963	118.196
23.973	118.152
23.983	118.084
23.993	118.034
24.003	117.860
24.013	117.849
24.023	117.901
24.033	118.037
24.043	118.002
24.053	117.748
24.063	117.663
24.073	117.493
24.083	117.408
24.093	117.398
24.103	117.404
24.113	117.435
24.123	117.394
24.133	117.427
24.143	117.381
24.153	117.336
24.163	117.372
24.173	117.414
24.183	117.372
24.193	117.313
24.203	117.305
24.213	117.379
24.223	117.498
24.233	117.443
24.243	117.435
24.253	117.440
24.263	117.372
24.273	117.330
24.283	117.167
24.293	117.095
24.303	117.180
24.313	117.301
24.323	117.469
24.333	117.930
24.343	118.032
24.353	118.389
24.363	118.503
24.373	118.353
24.383	118.235
24.393	0.000
24.403	0.000
24.413	0.000
24.423	0.000
24.433	0.000
24.443	0.000
24.453	0.000
24.463	0.000
24.473	0.000
24.483	0.000
24.493	0.000
24.503	0.000
24.513	0.000
24.523	0.000
24.533	0.000
24.543	0.000
24.553	0.000
24.563	0.000
24.573	0.000
24.583	0.000
24.593	0.000
24.603	0.000
24.613	0.000
24.623	0.000
24.633	0.000
24.643	0.000
24.653	0.000
24.663	0.000
24.673	0.000
24.683	0.000
24.693	0.000
24.703	0.000
24.713	0.000
24.723	0.000
24.733	0.000
24.743	0.000
24.753	0.000
24.763	0.000
24.773	0.000
24.783	0.000
24.793	0.000
24.803	0.000
24.813	0.000
24.823	0.000
24.833	0.000
24.843	0.000
24.853	0.000
24.863	0.000
24.873	0.000
24.883	0.000
24.893	0.000
24.903	0.000
24.913	0.000
24.923	0.000
24.933	0.000
24.943	0.000
24.953	0.000
24.963	0.000
24.973	0.000
24.983	115.938
24.993	115.719
25.003	116.448
25.013	116.853
25.023	117.282
25.033	117.341
25.043	117.454
25.053	117.336
25.063	117.297
25.073	117.286
25.083	117.389
25.093	117.541
25.103	117.619
25.113	117.928
25.123	118.130
25.133	118.186
25.143	118.183
25.153	118.181
25.163	118.190
25.173	118.176
25.183	118.043
25.193	117.682
25.203	117.083
25.213	116.730
25.223	115.815
25.233	114.657
25.243	111.366
25.253	109.937
25.263	108.699
25.273	107.700
25.283	107.126
25.293	0.000
25.303	0.000
25.313	92.135
25.323	91.883
25.333	88.634
25.343	87.638
25.353	87.443
25.363	87.299
25.373	87.521
25.383	87.984
25.393	88.189
25.403	88.371
25.413	88.454
25.423	88.508
25.433	88.535
25.443	88.659
25.453	88.928
25.463	89.127
25.473	89.461
25.483	89.683
25.493	89.999
25.503	90.233
25.513	90.674
25.523	91.119
25.533	91.336
25.543	92.116
25.553	92.677
25.563	92.984
25.573	93.293
25.583	94.071
25.593	95.075
25.603	96.499
25.613	96.930
25.623	0.000
25.633	0.000
25.643	0.000
25.653	0.000
25.663	0.000
25.673	0.000
25.683	118.012
25.693	117.634
25.703	117.610
25.713	117.693
25.723	117.795
25.733	117.910
25.743	118.059
25.753	118.135
25.763	118.290
25.773	118.334
25.783	118.098
25.793	117.990
25.803	117.722
25.813	117.486
25.823	117.382
25.833	117.410
25.843	117.627
25.853	117.763
25.863	117.849
25.873	117.939
25.883	117.806
25.893	117.675
25.903	117.358
25.913	116.770
25.923	116.024
25.933	115.519
25.943	114.563
25.953	0.000
25.963	0.000
25.973	0.000
25.983	0.000
25.993	0.000
26.003	0.000
26.013	0.000
26.023	192.212
26.033	190.133
26.043	188.864
26.053	189.322
26.063	191.705
26.073	191.915
26.083	192.305
26.093	192.661
26.103	192.851
26.113	192.859
26.123	193.677
26.133	194.114
26.143	194.413
26.153	194.327
26.163	194.713
26.173	194.912
26.183	195.026
26.193	195.213
26.203	195.886
26.213	196.760
26.223	197.289
26.233	198.523
26.243	199.721
26.253	200.306
26.263	201.642
26.273	202.842
26.283	203.747
26.293	204.036
26.303	205.615
26.313	209.767
26.323	0.000
26.333	0.000
26.343	0.000
26.353	172.678
26.363	172.392
26.373	173.044
26.383	173.663
26.393	174.161
26.403	174.433
26.413	174.855
26.423	174.969
26.433	175.025
26.443	175.071
26.453	175.145
26.463	175.235
26.473	175.277
26.483	175.378
26.493	175.536
26.503	175.845
26.513	176.015
26.523	176.410
26.533	176.984
26.543	177.379
26.553	177.536
26.563	177.513
26.573	177.672
26.583	177.906
26.593	178.358
26.603	178.538
26.613	178.349
26.623	178.082
26.633	176.517
26.643	174.896
26.653	174.293
26.663	175.203
26.673	175.440
26.683	0.000
26.693	0.000
26.703	0.000
26.713	0.000
26.723	0.000
26.733	0.000
26.743	114.660
26.753	117.054
26.763	117.704
26.773	117.573
26.783	117.225
26.793	117.137
26.803	117.148
26.813	117.098
26.823	116.869
26.833	116.760
26.843	116.775
26.853	116.951
26.863	117.167
26.873	117.292
26.883	117.393
26.893	117.340
26.903	117.383
26.913	117.624
26.923	117.720
26.933	117.689
26.943	117.640
26.953	117.526
26.963	117.561
26.973	117.618
26.983	117.610
26.993	117.520
27.003	117.572
27.013	117.410
27.023	117.527
27.033	0.000
27.043	0.000
27.053	0.000
27.063	118.839
27.073	118.816
27.083	118.713
27.093	118.660
27.103	118.699
27.113	118.695
27.123	118.780
27.133	118.818
27.143	118.739
27.153	118.689
27.163	118.630
27.173	118.484
27.183	118.399
27.193	118.406
27.203	118.415
27.213	118.410
27.223	118.456
27.233	118.479
27.243	118.447
27.253	118.300
27.263	118.199
27.273	118.096
27.283	117.865
27.293	117.391
27.303	117.185
27.313	116.553
27.323	116.540
27.333	0.000
27.343	0.000
27.353	0.000
27.363	0.000
27.373	0.000
27.383	0.000
27.393	0.000
27.403	154.329
27.413	153.850
27.423	154.967
27.433	155.420
27.443	155.286
27.453	155.594
27.463	155.476
27.473	154.974
27.483	155.051
27.493	154.853
27.503	154.777
27.513	154.923
27.523	155.126
27.533	155.330
27.543	155.516
27.553	155.647
27.563	155.866
27.573	156.130
27.583	156.332
27.593	156.360
27.603	156.657
27.613	157.112
27.623	157.309
27.633	157.851
27.643	158.797
27.653	160.116
27.663	160.809
27.673	161.619
27.683	161.490
27.693	161.533
27.703	162.060
27.713	165.904
27.723	167.674
27.733	163.644
27.743	0.000
27.753	0.000
27.763	117.218
27.773	117.405
27.783	117.639
27.793	118.131
27.803	118.750
27.813	118.839
27.823	118.989
27.833	119.033
27.843	118.981
27.853	118.807
27.863	118.554
27.873	118.351
27.883	118.300
27.893	118.256
27.903	118.328
27.913	118.323
27.923	118.262
27.933	118.101
27.943	118.082
27.953	118.091
27.963	118.080
27.973	118.001
27.983	117.920
27.993	117.821
28.003	117.681
28.013	117.584
28.023	117.581
28.033	117.538
28.043	117.474
28.053	117.425
28.063	117.367
28.073	117.427
28.083	117.802
28.093	117.947
28.103	117.983
28.113	117.808
28.123	117.906
28.133	118.030
28.143	118.170
28.153	117.907
28.163	117.694
28.173	117.619
28.183	117.658
28.193	117.616
28.203	117.539
28.213	117.477
28.223	117.362
28.233	117.207
28.243	117.152
28.253	117.124
28.263	117.247
28.273	117.339
28.283	117.437
28.293	117.421
28.303	117.327
28.313	117.243
28.323	117.238
28.333	117.510
28.343	117.651
28.353	117.633
28.363	117.541
28.373	117.448
28.383	117.469
28.393	117.427
28.403	117.309
28.413	117.142
28.423	117.195
28.433	117.294
28.443	117.239
28.453	117.179
28.463	117.279
28.473	117.382
28.483	117.416
28.493	117.396
28.503	117.384
28.513	117.373
28.523	117.406
28.533	117.397
28.543	117.336
28.553	117.389
28.563	117.485
28.573	117.570
28.583	117.593
28.593	117.896
28.603	117.960
28.613	118.045
28.623	118.124
28.633	118.142
28.643	118.071
28.653	117.884
28.663	117.667
28.673	117.619
28.683	117.500
28.693	117.393
28.703	117.294
28.713	117.466
28.723	117.696
28.733	117.721
28.743	117.766
28.753	117.866
28.763	117.822
28.773	117.634
28.783	117.551
28.793	117.585
28.803	117.592
28.813	117.511
28.823	117.336
28.833	117.261
28.843	117.426
28.853	117.468
28.863	117.568
28.873	117.710
28.883	117.656
28.893	117.592
28.903	117.608
28.913	117.553
28.923	117.476
28.933	117.414
28.943	117.310
28.953	117.298
28.963	117.295
28.973	117.162
28.983	117.136
28.993	117.371
29.003	117.782
29.013	117.882
29.023	117.838
29.033	117.805
29.043	117.659
29.053	117.468
29.063	117.490
29.073	117.551
29.083	117.707
29.093	117.630
29.103	117.548
29.113	117.481
29.123	117.409
29.133	117.428
29.143	117.482
29.153	117.475
29.163	117.522
29.173	117.645
29.183	117.633
29.193	117.598
29.203	117.547
29.213	117.500
29.223	117.526
29.233	117.530
29.243	117.438
29.253	117.452
29.263	117.599
29.273	117.636
29.283	117.624
29.293	117.626
29.303	117.623
29.313	117.526
29.323	117.517
29.333	117.428
29.343	117.479
29.353	117.471
29.363	117.403
29.373	117.315
29.383	117.223
29.393	117.233
29.403	117.269
29.413	117.151
29.423	116.982
29.433	116.984
29.443	116.854
29.453	116.798
29.463	116.845
29.473	116.838
29.483	116.934
29.493	116.995
29.503	116.942
29.513	117.067
29.523	117.264
29.533	117.332
29.543	117.357
29.553	117.263
29.563	117.251
29.573	117.211
29.583	117.248
29.593	117.156
29.603	117.157
29.613	117.176
29.623	117.031
29.633	116.996
29.643	117.041
29.653	117.153
29.663	117.215
29.673	117.152
29.683	117.157
29.693	117.117
29.703	117.549
29.713	117.670
29.723	117.420
29.733	117.160
29.743	116.990
29.753	116.961
29.763	117.052
29.773	117.187
29.783	117.071
29.793	116.973
29.803	0.000
29.813	0.000
29.823	0.000
29.833	0.000
29.843	0.000
29.853	0.000
29.863	0.000
29.873	0.000
29.883	0.000
29.893	0.000
29.903	0.000
29.913	0.000
29.923	0.000
29.933	0.000
29.943	0.000
29.953	0.000
29.963	0.000
29.973	0.000
29.983	0.000
29.993	0.000
30.003	0.000
30.013	0.000
30.023	0.000
30.033	0.000
30.043	0.000
30.053	0.000
30.063	0.000
30.073	0.000
30.083	0.000
30.093	0.000
30.103	0.000
30.113	0.000
30.123	0.000
30.133	0.000
30.143	0.000
30.153	0.000
30.163	0.000
30.173	0.000
30.183	0.000
30.193	0.000
30.203	0.000
30.213	0.000
30.223	0.000
30.233	0.000
30.243	0.000
30.253	0.000
30.263	0.000
30.273	0.000
30.283	0.000
30.293	0.000
30.303	0.000
30.313	0.000
30.323	0.000
30.333	0.000
30.343	0.000
30.353	0.000
30.363	0.000
30.373	0.000
30.383	0.000
30.393	0.000
30.403	0.000
30.413	0.000
30.423	0.000
30.433	0.000
30.443	117.390
30.453	115.782
30.463	116.334
30.473	116.490
30.483	116.878
30.493	117.014
30.503	117.036
30.513	116.995
30.523	117.034
30.533	117.067
30.543	117.032
30.553	116.976
30.563	116.892
30.573	116.867
30.583	116.872
30.593	117.038
30.603	117.185
30.613	117.373
30.623	117.406
30.633	117.413
30.643	117.360
30.653	117.336
30.663	117.179
30.673	116.890
30.683	116.141
30.693	115.686
30.703	114.565
30.713	0.000
30.723	0.000
30.733	0.000
30.743	0.000
30.753	0.000
30.763	0.000
30.773	100.094
30.783	99.462
30.793	99.202
30.803	99.084
30.813	98.656
30.823	98.232
30.833	98.186
30.843	98.033
30.853	98.105
30.863	98.315
30.873	98.402
30.883	98.416
30.893	98.529
30.903	98.678
30.913	98.791
30.923	99.059
30.933	99.168
30.943	99.165
30.953	99.228
30.963	99.392
30.973	99.582
30.983	99.664
30.993	99.751
31.003	99.557
31.013	99.453
31.023	99.344
31.033	98.883
31.043	97.817
31.053	96.794
31.063	96.184
31.073	0.000
31.083	0.000
31.093	0.000
31.103	0.000
31.113	0.000
31.123	137.063
31.133	135.044
31.143	134.654
31.153	134.883
31.163	134.877
31.173	134.681
31.183	134.608
31.193	134.507
31.203	134.387
31.213	134.430
31.223	134.500
31.233	134.712
31.243	135.149
31.253	135.333
31.263	135.198
31.273	135.177
31.283	135.229
31.293	135.305
31.303	135.346
31.313	135.462
31.323	135.662
31.333	136.042
31.343	136.299
31.353	136.657
31.363	137.152
31.373	137.693
31.383	137.792
31.393	137.015
31.403	137.478
31.413	0.000
31.423	0.000
31.433	0.000
31.443	0.000
31.453	0.000
31.463	0.000
31.473	95.807
31.483	95.819
31.493	95.676
31.503	96.204
31.513	97.951
31.523	98.625
31.533	98.671
31.543	98.758
31.553	98.843
31.563	98.959
31.573	99.033
31.583	99.142
31.593	99.164
31.603	99.242
31.613	99.415
31.623	99.539
31.633	99.509
31.643	99.475
31.653	99.380
31.663	99.321
31.673	99.153
31.683	98.936
31.693	98.825
31.703	98.859
31.713	98.876
31.723	98.774
31.733	98.472
31.743	98.371
31.753	0.000
31.763	0.000
31.773	0.000
31.783	0.000
31.793	0.000
31.803	0.000
31.813	0.000
31.823	0.000
31.833	133.848
31.843	133.854
31.853	133.100
31.863	133.086
31.873	133.176
31.883	133.158
31.893	133.261
31.903	133.283
31.913	133.228
31.923	133.252
31.933	133.430
31.943	133.639
31.953	133.626
31.963	133.635
31.973	133.612
31.983	133.544
31.993	133.614
32.003	133.873
32.013	134.257
32.023	134.467
32.033	134.893
32.043	135.148
32.053	135.080
32.063	134.698
32.073	134.099
32.083	133.591
32.093	134.451
32.103	134.498
32.113	0.000
32.123	0.000
32.133	0.000
32.143	0.000
32.153	0.000
32.163	88.591
32.173	88.523
32.183	88.629
32.193	88.758
32.203	88.846
32.213	89.032
32.223	89.348
32.233	89.739
32.243	89.840
32.253	90.101
32.263	90.319
32.273	90.399
32.283	90.458
32.293	90.704
32.303	91.053
32.313	91.257
32.323	91.374
32.333	91.450
32.343	91.597
32.353	91.657
32.363	92.177
32.373	92.849
32.383	93.020
32.393	93.764
32.403	94.633
32.413	95.336
32.423	95.826
32.433	96.339
32.443	97.055
32.453	99.267
32.463	0.000
32.473	0.000
32.483	0.000
32.493	114.916
32.503	116.831
32.513	116.630
32.523	117.605
32.533	118.023
32.543	118.767
32.553	119.170
32.563	119.224
32.573	119.142
32.583	119.010
32.593	118.678
32.603	118.443
32.613	117.878
32.623	117.771
32.633	117.639
32.643	117.590
32.653	117.611
32.663	117.985
32.673	118.168
32.683	118.319
32.693	118.242
32.703	117.883
32.713	117.769
32.723	117.470
32.733	117.358
32.743	117.213
32.753	116.983
32.763	116.755
32.773	116.427
32.783	116.229
32.793	116.364
32.803	117.422
32.813	0.000
32.823	0.000
32.833	0.000
32.843	0.000
32.853	0.000
32.863	0.000
32.873	0.000
32.883	179.040
32.893	177.683
32.903	189.425
32.913	189.310
32.923	187.457
32.933	185.892
32.943	184.814
32.953	177.385
32.963	177.160
32.973	173.576
32.983	171.180
32.993	171.176
33.003	172.920
33.013	173.436
33.023	174.140
33.033	175.475
33.043	173.189
33.053	167.634
33.063	155.165
33.073	150.276
33.083	146.436
33.093	145.438
33.103	145.852
33.113	146.285
33.123	147.657
33.133	150.139
33.143	151.432
33.153	153.415
33.163	154.961
33.173	156.149
33.183	157.045
33.193	159.319
33.203	164.215
33.213	163.852
33.223	171.238
33.233	177.244
33.243	177.812
33.253	177.717
33.263	178.443
33.273	179.680
33.283	179.623
33.293	179.379
33.303	178.878
33.313	179.002
33.323	178.725
33.333	178.719
33.343	178.396
33.353	177.921
33.363	177.787
33.373	177.357
33.383	177.216
33.393	177.233
33.403	177.433
33.413	177.675
33.423	177.721
33.433	177.667
33.443	177.602
33.453	177.627
33.463	177.700
33.473	177.751
33.483	177.945
33.493	178.126
33.503	178.147
33.513	178.141
33.523	178.197
33.533	178.236
33.543	178.272
33.553	178.130
33.563	177.829
33.573	177.828
33.583	178.089
33.593	178.309
33.603	178.491
33.613	178.574
33.623	178.706
33.633	178.836
33.643	178.674
33.653	178.576
33.663	178.366
33.673	178.175
33.683	178.025
33.693	177.870
33.703	177.845
33.713	177.618
33.723	177.562
33.733	177.432
33.743	177.258
33.753	177.125
33.763	177.119
33.773	177.349
33.783	177.472
33.793	177.488
33.803	177.450
33.813	177.370
33.823	177.330
33.833	177.348
33.843	177.457
33.853	177.529
33.863	177.590
33.873	177.598
33.883	177.312
33.893	177.511
33.903	177.683
33.913	177.841
33.923	177.644
33.933	177.583
33.943	177.725
33.953	177.925
33.963	177.628
33.973	177.363
33.983	177.236
33.993	177.270
34.003	177.426
34.013	177.474
34.023	177.194
34.033	176.950
34.043	176.782
34.053	176.735
34.063	176.774
34.073	176.691
34.083	176.637
34.093	176.709
34.103	176.814
34.113	176.658
34.123	176.603
34.133	176.821
34.143	177.093
34.153	177.150
34.163	177.184
34.173	177.132
34.183	177.328
34.193	177.368
34.203	177.269
34.213	177.172
34.223	177.145
34.233	176.966
34.243	176.975
34.253	176.936
34.263	176.860
34.273	176.891
34.283	177.015
34.293	176.780
34.303	176.715
34.313	176.585
34.323	176.467
34.333	176.455
34.343	176.509
34.353	176.576
34.363	176.668
34.373	176.654
34.383	176.517
34.393	176.282
34.403	176.102
34.413	176.107
34.423	176.288
34.433	176.617
34.443	176.791
34.453	176.790
34.463	176.849
34.473	177.106
34.483	177.053
34.493	176.612
34.503	176.171
34.513	176.197
34.523	176.515
34.533	176.931
34.543	177.036
34.553	176.949
34.563	176.528
34.573	176.318
34.583	176.288
34.593	176.505
34.603	176.493
34.613	176.142
34.623	175.938
34.633	175.837
34.643	176.072
34.653	176.373
34.663	176.479
34.673	176.448
34.683	176.602
34.693	176.739
34.703	177.073
34.713	177.056
34.723	176.852
34.733	176.823
34.743	176.771
34.753	176.693
34.763	176.630
34.773	176.666
34.783	176.686
34.793	176.662
34.803	176.612
34.813	176.607
34.823	176.380
34.833	176.242
34.843	176.125
34.853	175.856
34.863	175.705
34.873	175.740
34.883	176.079
34.893	176.307
34.903	176.363
34.913	176.394
34.923	176.387
34.933	176.178
34.943	176.081
34.953	175.888
34.963	175.793
34.973	175.938
34.983	176.118
34.993	176.123
35.003	175.816
35.013	175.688
35.023	175.616
35.033	175.814
35.043	176.042
35.053	176.180
35.063	175.817
35.073	175.552
35.083	175.528
35.093	175.548
35.103	175.848
35.113	175.983
35.123	175.926
35.133	175.908
35.143	175.990
35.153	176.058
35.163	176.246
35.173	176.338
35.183	176.417
35.193	176.668
35.203	176.590
35.213	176.792
35.223	176.713
35.233	176.454
35.243	176.282
35.253	176.451
35.263	177.262
35.273	0.000
35.283	0.000
35.293	0.000
35.303	0.000
35.313	0.000
35.323	0.000
35.333	0.000
35.343	0.000
35.353	0.000
35.363	0.000
35.373	0.000
35.383	0.000
35.393	0.000
35.403	0.000
35.413	0.000
35.423	0.000
35.433	0.000
35.443	0.000
35.453	0.000
35.463	0.000
35.473	0.000
35.483	0.000
35.493	0.000
35.503	0.000
35.513	0.000
35.523	0.000
35.533	0.000
35.543	0.000
35.553	0.000
35.563	0.000
35.573	0.000
35.583	0.000
35.593	0.000
35.603	0.000
35.613	0.000
35.623	0.000
35.633	0.000
35.643	0.000
35.653	0.000
35.663	0.000
35.673	0.000
35.683	0.000
35.693	0.000
35.703	0.000
35.713	0.000
35.723	0.000
35.733	0.000
35.743	0.000
35.753	0.000
35.763	0.000
35.773	0.000
35.783	0.000
35.793	0.000
35.803	0.000
35.813	0.000
35.823	0.000
35.833	0.000
35.843	0.000
35.853	0.000
35.863	0.000
35.873	0.000
35.883	0.000
35.893	0.000
35.903	110.125
35.913	113.596
35.923	116.147
35.933	117.121
35.943	117.283
35.953	117.321
35.963	117.187
35.973	117.099
35.983	116.957
35.993	117.000
36.003	117.118
36.013	117.286
36.023	117.388
36.033	117.494
36.043	117.638
36.053	117.888
36.063	117.951
36.073	118.257
36.083	118.407
36.093	118.431
36.103	118.398
36.113	118.153
36.123	117.714
36.133	117.534
36.143	116.884
36.153	116.376
36.163	115.307
36.173	114.724
36.183	113.461
36.193	0.000
36.203	0.000
36.213	0.000
36.223	0.000
36.233	0.000
36.243	0.000
36.253	0.000
36.263	0.000
36.273	89.552
36.283	89.277
36.293	88.339
36.303	88.165
36.313	88.167
36.323	88.625
36.333	88.890
36.343	88.851
36.353	88.793
36.363	88.894
36.373	88.843
36.383	88.825
36.393	88.965
36.403	89.132
36.413	89.358
36.423	89.500
36.433	89.860
36.443	90.160
36.453	90.597
36.463	90.698
36.473	90.990
36.483	91.464
36.493	92.148
36.503	93.264
36.513	93.946
36.523	94.568
36.533	94.816
36.543	95.369
36.553	97.101
36.563	101.792
36.573	0.000
36.583	0.000
36.593	0.000
36.603	0.000
36.613	114.550
36.623	114.275
36.633	114.785
36.643	115.027
36.653	115.338
36.663	115.649
36.673	115.850
36.683	116.198
36.693	116.468
36.703	116.607
36.713	116.651
36.723	116.691
36.733	116.668
36.743	116.593
36.753	116.573
36.763	116.937
36.773	117.163
36.783	117.288
36.793	117.420
36.803	117.519
36.813	117.397
36.823	117.355
36.833	117.085
36.843	116.501
36.853	115.626
36.863	115.324
36.873	114.476
36.883	113.846
36.893	0.000
36.903	0.000
36.913	0.000
36.923	0.000
36.933	0.000
36.943	0.000
36.953	148.182
36.963	148.502
36.973	148.238
36.983	147.676
36.993	147.985
37.003	148.188
37.013	148.063
37.023	147.867
37.033	147.616
37.043	147.623
37.053	147.815
37.063	148.151
37.073	148.340
37.083	148.653
37.093	148.986
37.103	149.288
37.113	149.457
37.123	149.685
37.133	149.734
37.143	149.797
37.153	149.911
37.163	149.888
37.173	149.836
37.183	149.826
37.193	149.468
37.203	149.027
37.213	148.218
37.223	147.838
37.233	146.627
37.243	145.949
37.253	145.662
37.263	145.755
37.273	142.558
37.283	136.373
37.293	134.001
37.303	130.913
37.313	129.541
37.323	130.354
37.333	132.701
37.343	133.937
37.353	134.132
37.363	134.109
37.373	133.928
37.383	133.790
37.393	133.612
37.403	133.462
37.413	133.100
37.423	132.935
37.433	132.959
37.443	133.481
37.453	134.006
37.463	134.313
37.473	134.468
37.483	134.867
37.493	135.410
37.503	135.825
37.513	136.492
37.523	137.249
37.533	137.854
37.543	138.273
37.553	137.938
37.563	138.611
37.573	0.000
37.583	0.000
37.593	0.000
37.603	0.000
37.613	0.000
37.623	0.000
37.633	106.577
37.643	107.351
37.653	107.834
37.663	114.838
37.673	116.555
37.683	117.142
37.693	117.815
37.703	118.277
37.713	118.384
37.723	118.308
37.733	117.989
37.743	117.586
37.753	117.161
37.763	117.060
37.773	116.647
37.783	116.745
37.793	117.019
37.803	117.350
37.813	117.344
37.823	117.268
37.833	117.308
37.843	117.723
37.853	117.971
37.863	118.064
37.873	118.044
37.883	117.826
37.893	117.556
37.903	117.407
37.913	117.297
37.923	117.285
37.933	117.562
37.943	0.000
37.953	0.000
37.963	0.000
37.973	120.803
37.983	121.081
37.993	120.596
38.003	120.359
38.013	120.275
38.023	120.349
38.033	120.252
38.043	119.962
38.053	119.734
38.063	119.448
38.073	119.088
38.083	118.954
38.093	118.776
38.103	118.630
38.113	118.572
38.123	118.546
38.133	118.532
38.143	118.550
38.153	118.590
38.163	118.721
38.173	118.618
38.183	118.403
38.193	118.327
38.203	118.046
38.213	117.577
38.223	117.119
38.233	116.767
38.243	116.551
38.253	0.000
38.263	0.000
38.273	0.000
38.283	0.000
38.293	0.000
38.303	153.955
38.313	154.981
38.323	154.644
38.333	154.723
38.343	155.257
38.353	155.274
38.363	154.950
38.373	155.242
38.383	154.915
38.393	154.819
38.403	154.855
38.413	154.912
38.423	154.781
38.433	154.783
38.443	154.765
38.453	154.920
38.463	155.066
38.473	155.187
38.483	155.288
38.493	155.351
38.503	155.566
38.513	155.686
38.523	155.830
38.533	156.154
38.543	156.575
38.553	156.741
38.563	157.063
38.573	157.259
38.583	157.096
38.593	156.830
38.603	156.276
38.613	155.491
38.623	155.709
38.633	157.019
38.643	153.688
38.653	150.237
38.663	150.055
38.673	149.839
38.683	148.715
38.693	148.425
38.703	147.980
38.713	147.675
38.723	147.380
38.733	147.247
38.743	146.943
38.753	146.708
38.763	146.452
38.773	146.389
38.783	146.418
38.793	146.728
38.803	146.847
38.813	147.111
38.823	147.353
38.833	147.437
38.843	147.515
38.853	147.555
38.863	147.496
38.873	147.660
38.883	147.798
38.893	147.740
38.903	147.783
38.913	147.773
38.923	147.736
38.933	147.614
38.943	147.549
38.953	147.546
38.963	147.402
38.973	147.475
38.983	147.579
38.993	147.992
39.003	147.938
39.013	147.985
39.023	148.080
39.033	148.151
39.043	148.047
39.053	148.227
39.063	148.399
39.073	148.402
39.083	148.556
39.093	148.610
39.103	148.809
39.113	148.964
39.123	148.906
39.133	148.984
39.143	148.914
39.153	148.609
39.163	148.418
39.173	148.015
39.183	147.815
39.193	147.572
39.203	147.416
39.213	147.396
39.223	147.875
39.233	148.010
39.243	148.040
39.253	147.828
39.263	147.960
39.273	148.063
39.283	148.375
39.293	148.353
39.303	148.407
39.313	148.384
39.323	148.186
39.333	148.184
39.343	148.228
39.353	148.170
39.363	148.061
39.373	147.976
39.383	147.891
39.393	147.643
39.403	147.617
39.413	147.517
39.423	147.532
39.433	147.671
39.443	147.692
39.453	147.660
39.463	147.982
39.473	148.291
39.483	148.146
39.493	148.071
39.503	148.405
39.513	148.618
39.523	148.635
39.533	148.322
39.543	148.357
39.553	148.804
39.563	148.915
39.573	148.741
39.583	148.823
39.593	148.929
39.603	148.859
39.613	148.787
39.623	148.748
39.633	148.669
39.643	148.488
39.653	148.313
39.663	148.280
39.673	148.342
39.683	148.329
39.693	148.141
39.703	147.779
39.713	147.776
39.723	148.143
39.733	148.152
39.743	148.076
39.753	147.783
39.763	147.914
39.773	147.886
39.783	147.795
39.793	147.452
39.803	147.505
39.813	147.642
39.823	147.972
39.833	147.859
39.843	148.078
39.853	148.265
39.863	148.448
39.873	148.342
39.883	148.283
39.893	148.350
39.903	148.220
39.913	148.144
39.923	148.020
39.933	148.051
39.943	148.048
39.953	147.773
39.963	147.814
39.973	148.009
39.983	148.019
39.993	147.935
40.003	148.106
40.013	148.472
40.023	148.714
40.033	148.695
40.043	148.569
40.053	148.220
40.063	148.148
40.073	147.750
40.083	147.785
40.093	147.966
40.103	148.037
40.113	148.119
40.123	148.265
40.133	148.291
40.143	148.090
40.153	148.087
40.163	148.091
40.173	148.040
40.183	147.964
40.193	147.847
40.203	148.276
40.213	148.339
40.223	148.646
40.233	148.626
40.243	148.472
40.253	148.396
40.263	148.500
40.273	148.647
40.283	148.539
40.293	148.719
40.303	148.862
40.313	148.652
40.323	148.730
40.333	148.524
40.343	148.683
40.353	148.797
40.363	149.200
40.373	149.128
40.383	148.991
40.393	149.098
40.403	148.988
40.413	148.594
40.423	148.938
40.433	149.282
40.443	149.366
40.453	149.048
40.463	149.150
40.473	149.203
40.483	149.393
40.493	149.340
40.503	149.713
40.513	149.414
40.523	148.796
40.533	149.409
40.543	149.388
40.553	149.133
40.563	148.764
40.573	149.076
40.583	149.130
40.593	148.818
40.603	148.689
40.613	148.594
40.623	148.421
40.633	148.226
40.643	148.076
40.653	147.941
40.663	148.017
40.673	148.430
40.683	148.588
40.693	148.443
40.703	148.790
40.713	148.799
40.723	148.842
40.733	148.585
40.743	0.000
40.753	0.000
40.763	0.000
40.773	0.000
40.783	0.000
40.793	0.000
40.803	0.000
40.813	0.000
40.823	0.000
40.833	0.000
40.843	0.000
40.853	0.000
40.863	0.000
40.873	0.000
40.883	0.000
40.893	0.000
40.903	0.000
40.913	0.000
40.923	0.000
40.933	0.000
40.943	0.000
40.953	0.000
40.963	0.000
40.973	0.000
40.983	0.000
40.993	0.000
41.003	0.000
41.013	0.000
41.023	0.000
41.033	0.000
41.043	0.000
41.053	0.000
41.063	0.000
41.073	0.000
41.083	0.000
41.093	0.000
41.103	0.000
41.113	0.000
41.123	0.000
41.133	0.000
41.143	0.000
41.153	0.000
41.163	0.000
41.173	0.000
41.183	0.000
41.193	0.000
41.203	0.000
41.213	0.000
41.223	0.000
41.233	0.000
41.243	0.000
41.253	0.000
41.263	0.000
41.273	0.000
41.283	0.000
41.293	0.000
41.303	0.000
41.313	0.000
41.323	0.000
41.333	0.000
41.343	148.643
41.353	147.956
41.363	147.732
41.373	147.155
41.383	147.083
41.393	147.084
41.403	146.919
41.413	146.694
41.423	146.686
41.433	146.710
41.443	146.762
41.453	147.040
41.463	147.169
41.473	147.173
41.483	147.154
41.493	147.197
41.503	147.394
41.513	147.455
41.523	147.489
41.533	147.444
41.543	147.518
41.553	147.724
41.563	147.841
41.573	147.872
41.583	147.899
41.593	148.033
41.603	148.172
41.613	148.177
41.623	148.229
41.633	148.437
41.643	148.555
41.653	148.549
41.663	148.463
41.673	151.255
41.683	0.000
41.693	0.000
41.703	193.331
41.713	194.279
41.723	193.587
41.733	193.291
41.743	193.995
41.753	195.312
41.763	195.700
41.773	196.633
41.783	197.072
41.793	197.064
41.803	197.263
41.813	197.210
41.823	196.862
41.833	196.680
41.843	196.514
41.853	196.529
41.863	196.715
41.873	196.890
41.883	197.239
41.893	197.573
41.903	197.540
41.913	197.364
41.923	197.299
41.933	197.447
41.943	197.625
41.953	198.016
41.963	198.694
41.973	199.560
41.983	200.268
41.993	201.423
42.003	203.377
42.013	203.288
42.023	209.757
42.033	229.778
42.043	246.784
42.053	248.278
42.063	255.019
42.073	259.606
42.083	261.264
42.093	261.578
42.103	262.366
42.113	262.850
42.123	263.125
42.133	263.056
42.143	263.306
42.153	263.352
42.163	263.444
42.173	263.529
42.183	263.718
42.193	263.716
42.203	263.612
42.213	263.742
42.223	263.965
42.233	264.149
42.243	264.643
42.253	265.054
42.263	265.300
42.273	265.375
42.283	265.092
42.293	263.902
42.303	262.678
42.313	260.644
42.323	259.800
42.333	257.180
42.343	254.451
42.353	237.186
42.363	0.000
42.373	0.000
42.383	190.702
42.393	190.159
42.403	191.348
42.413	192.484
42.423	194.615
42.433	194.918
42.443	194.915
42.453	194.555
42.463	193.906
42.473	193.554
42.483	193.488
42.493	193.643
42.503	194.210
42.513	195.128
42.523	195.485
42.533	196.029
42.543	196.334
42.553	196.332
42.563	196.339
42.573	196.402
42.583	196.430
42.593	196.365
42.603	196.326
42.613	196.723
42.623	197.135
42.633	197.966
42.643	198.643
42.653	199.430
42.663	199.829
42.673	201.001
42.683	202.091
42.693	202.783
42.703	206.326
42.713	210.171
42.723	0.000
42.733	241.410
42.743	245.305
42.753	250.649
42.763	255.093
42.773	257.706
42.783	260.546
42.793	262.708
42.803	262.989
42.813	264.055
42.823	263.878
42.833	263.850
42.843	263.843
42.853	263.935
42.863	263.820
42.873	263.785
42.883	264.121
42.893	264.589
42.903	264.786
42.913	264.820
42.923	264.969
42.933	265.290
42.943	265.659
42.953	265.907
42.963	265.958
42.973	265.815
42.983	265.640
42.993	265.216
43.003	263.776
43.013	262.072
43.023	261.488
43.033	0.000
43.043	0.000
43.053	0.000
43.063	0.000
43.073	172.301
43.083	168.759
43.093	166.522
43.103	163.213
43.113	163.098
43.123	162.902
43.133	162.983
43.143	163.035
43.153	163.301
43.163	164.077
43.173	164.184
43.183	164.639
43.193	164.763
43.203	164.698
43.213	165.024
43.223	161.182
43.233	158.737
43.243	157.443
43.253	157.124
43.263	156.829
43.273	156.789
43.283	157.393
43.293	157.805
43.303	158.252
43.313	158.618
43.323	159.308
43.333	159.631
43.343	159.932
43.353	159.985
43.363	159.740
43.373	160.434
43.383	161.393
43.393	165.451
43.403	167.873
43.413	171.122
43.423	171.832
43.433	171.839
43.443	172.281
43.453	172.350
43.463	172.698
43.473	173.053
43.483	173.590
43.493	173.945
43.503	174.685
43.513	175.157
43.523	175.314
43.533	175.447
43.543	175.528
43.553	175.576
43.563	175.727
43.573	176.144
43.583	176.441
43.593	176.630
43.603	176.707
43.613	176.646
43.623	176.619
43.633	176.725
43.643	176.988
43.653	177.137
43.663	176.932
43.673	176.916
43.683	177.219
43.693	177.629
43.703	177.629
43.713	177.529
43.723	177.403
43.733	177.402
43.743	177.304
43.753	176.728
43.763	176.161
43.773	176.142
43.783	176.379
43.793	177.080
43.803	177.435
43.813	177.444
43.823	177.566
43.833	178.020
43.843	178.161
43.853	177.969
43.863	177.908
43.873	177.995
43.883	178.021
43.893	178.005
43.903	178.060
43.913	178.022
43.923	177.934
43.933	177.923
43.943	178.201
43.953	178.333
43.963	178.396
43.973	178.582
43.983	178.568
43.993	178.596
44.003	178.569
44.013	178.536
44.023	178.518
44.033	178.628
44.043	179.011
44.053	179.391
44.063	179.533
44.073	179.088
44.083	177.838
44.093	0.000
44.103	0.000
44.113	0.000
44.123	0.000
44.133	0.000
44.143	0.000
44.153	0.000
44.163	0.000
44.173	118.984
44.183	118.670
44.193	118.707
44.203	118.906
44.213	118.774
44.223	118.651
44.233	118.386
44.243	118.227
44.253	118.130
44.263	118.050
44.273	117.799
44.283	117.713
44.293	117.545
44.303	117.605
44.313	117.590
44.323	117.472
44.333	117.292
44.343	117.351
44.353	117.363
44.363	117.323
44.373	117.321
44.383	117.257
44.393	117.214
44.403	117.132
44.413	117.022
44.423	116.827
44.433	116.859
44.443	116.986
44.453	117.067
44.463	117.063
44.473	117.109
44.483	117.275
44.493	117.448
44.503	117.397
44.513	117.211
44.523	117.226
44.533	117.335
44.543	117.285
44.553	117.134
44.563	117.167
44.573	117.224
44.583	117.459
44.593	117.584
44.603	117.569
44.613	117.522
44.623	117.456
44.633	117.463
44.643	117.484
44.653	117.432
44.663	117.418
44.673	117.395
44.683	117.453
44.693	117.584
44.703	117.603
44.713	117.553
44.723	117.529
44.733	117.430
44.743	117.355
44.753	117.345
44.763	117.317
44.773	117.270
44.783	117.287
44.793	117.295
44.803	117.218
44.813	117.249
44.823	117.358
44.833	117.467
44.843	117.498
44.853	117.629
44.863	117.668
44.873	117.690
44.883	117.721
44.893	117.818
44.903	117.881
44.913	118.008
44.923	118.058
44.933	118.088
44.943	118.102
44.953	118.091
44.963	118.170
44.973	118.202
44.983	118.208
44.993	118.298
45.003	118.331
45.013	118.329
45.023	118.122
45.033	118.116
45.043	118.109
45.053	118.049
45.063	117.918
45.073	118.117
45.083	118.245
45.093	118.346
45.103	118.266
45.113	118.250
45.123	118.405
45.133	118.496
45.143	118.362
45.153	118.323
45.163	118.311
45.173	118.329
45.183	118.303
45.193	118.127
45.203	118.022
45.213	118.044
45.223	117.982
45.233	117.854
45.243	117.771
45.253	117.883
45.263	117.944
45.273	117.900
45.283	117.965
45.293	117.999
45.303	117.973
45.313	117.897
45.323	117.984
45.333	118.021
45.343	118.077
45.353	117.979
45.363	117.941
45.373	117.778
45.383	117.764
45.393	117.975
45.403	118.002
45.413	117.993
45.423	118.108
45.433	118.342
45.443	118.466
45.453	118.548
45.463	118.523
45.473	118.529
45.483	118.320
45.493	118.094
45.503	118.001
45.513	118.012
45.523	117.970
45.533	117.853
45.543	117.875
45.553	118.007
45.563	118.132
45.573	118.202
45.583	118.225
45.593	118.185
45.603	118.204
45.613	118.217
45.623	118.213
45.633	118.142
45.643	118.187
45.653	118.264
45.663	118.334
45.673	118.336
45.683	118.480
45.693	118.591
45.703	118.589
45.713	118.561
45.723	118.559
45.733	118.510
45.743	118.398
45.753	118.329
45.763	118.304
45.773	118.404
45.783	118.480
45.793	118.421
45.803	118.395
45.813	118.333
45.823	118.319
45.833	118.394
45.843	118.461
45.853	118.502
45.863	118.524
45.873	118.549
45.883	118.463
45.893	118.288
45.903	118.184
45.913	118.087
45.923	118.059
45.933	118.135
45.943	118.145
45.953	118.188
45.963	118.124
45.973	118.161
45.983	118.211
45.993	118.229
46.003	118.064
46.013	118.001
46.023	117.686
46.033	117.520
46.043	117.450
46.053	117.463
46.063	0.000
46.073	0.000
46.083	0.000
46.093	0.000
46.103	0.000
46.113	0.000
46.123	0.000
46.133	0.000
46.143	0.000
46.153	0.000
46.163	0.000
46.173	0.000
46.183	0.000
46.193	0.000
46.203	0.000
46.213	0.000
46.223	0.000
46.233	0.000
46.243	0.000
46.253	0.000
46.263	0.000
46.273	0.000
46.283	0.000
46.293	0.000
46.303	0.000
46.313	0.000
46.323	0.000
46.333	0.000
46.343	0.000
46.353	0.000
46.363	0.000
46.373	0.000
46.383	0.000
46.393	0.000
46.403	0.000
46.413	0.000
46.423	0.000
46.433	0.000
46.443	0.000
46.453	0.000
46.463	0.000
46.473	0.000
46.483	0.000
46.493	0.000
46.503	0.000
46.513	116.566
46.523	116.711
46.533	116.666
46.543	116.859
46.553	116.863
46.563	117.111
46.573	117.174
46.583	117.301
46.593	117.262
46.603	117.155
46.613	117.011
46.623	116.837
46.633	116.720
46.643	116.678
46.653	116.963
46.663	117.098
46.673	117.276
46.683	117.270
46.693	117.146
46.703	117.170
46.713	117.174
46.723	117.204
46.733	117.245
46.743	117.240
46.753	117.165
46.763	117.079
46.773	117.109
46.783	117.343
46.793	117.345
46.803	117.270
46.813	117.326
46.823	117.366
46.833	117.155
46.843	117.011
46.853	116.860
46.863	116.888
46.873	116.915
46.883	116.862
46.893	116.790
46.903	116.783
46.913	116.790
46.923	116.826
46.933	117.063
46.943	117.288
46.953	117.345
46.963	117.274
46.973	117.164
46.983	117.142
46.993	117.172
47.003	117.245
47.013	117.146
47.023	117.107
47.033	117.178
47.043	117.321
47.053	117.297
47.063	117.290
47.073	117.504
47.083	117.701
47.093	117.701
47.103	117.622
47.113	117.451
47.123	117.375
47.133	117.312
47.143	117.151
47.153	116.987
47.163	117.120
47.173	117.227
47.183	117.378
47.193	117.336
47.203	117.417
47.213	117.566
47.223	117.607
47.233	117.462
47.243	117.431
47.253	117.552
47.263	117.656
47.273	117.538
47.283	117.506
47.293	117.488
47.303	117.536
47.313	117.543
47.323	117.570
47.333	117.715
47.343	117.915
47.353	117.964
47.363	117.966
47.373	117.966
47.383	118.038
47.393	118.198
47.403	118.266
47.413	118.183
47.423	118.122
47.433	118.081
47.443	118.094
47.453	117.977
47.463	117.931
47.473	117.856
47.483	117.822
47.493	117.785
47.503	117.720
47.513	117.633
47.523	117.652
47.533	117.665
47.543	117.672
47.553	117.742
47.563	117.730
47.573	117.672
47.583	117.637
47.593	117.640
47.603	117.629
47.613	117.548
47.623	117.559
47.633	117.578
47.643	117.608
47.653	117.762
47.663	117.976
47.673	118.002
47.683	117.907
47.693	117.762
47.703	117.682
47.713	117.725
47.723	117.752
47.733	117.720
47.743	117.680
47.753	117.580
47.763	117.545
47.773	117.502
47.783	117.515
47.793	117.577
47.803	117.610
47.813	117.617
47.823	117.599
47.833	117.576
47.843	117.485
47.853	117.451
47.863	117.438
47.873	117.484
47.883	117.551
47.893	117.604
47.903	117.682
47.913	117.609
47.923	117.541
47.933	117.557
47.943	117.683
47.953	117.729
47.963	117.631
47.973	117.411
47.983	117.525
47.993	117.723
48.003	117.755
48.013	117.695
48.023	117.666
48.033	117.682
48.043	117.617
48.053	117.494
48.063	117.363
48.073	117.400
48.083	117.702
48.093	117.827
48.103	117.766
48.113	117.575
48.123	117.570
48.133	117.654
48.143	117.662
48.153	117.445
48.163	117.241
48.173	117.122
48.183	117.150
48.193	117.179
48.203	117.037
48.213	116.969
48.223	116.892
48.233	116.922
48.243	116.897
48.253	116.858
48.263	116.798
48.273	117.059
48.283	117.408
48.293	117.475
48.303	117.491
48.313	117.500
48.323	117.503
48.333	117.429
48.343	117.281
48.353	117.169
48.363	117.194
48.373	117.230
48.383	117.169
48.393	117.201
48.403	117.366
48.413	117.416
48.423	117.258
48.433	117.172
48.443	117.176
48.453	117.304
48.463	117.335
48.473	117.309
48.483	117.370
48.493	117.535
48.503	117.564
48.513	117.507
48.523	117.482
48.533	117.711
48.543	117.774
48.553	117.730
48.563	117.668
48.573	117.678
48.583	117.734
48.593	117.715
48.603	117.585
48.613	117.550
48.623	117.610
48.633	117.677
48.643	117.665
48.653	117.659
48.663	117.684
48.673	117.649
48.683	117.608
48.693	117.578
48.703	117.595
48.713	117.563
48.723	117.565
48.733	117.600
48.743	117.664
48.753	117.729
48.763	117.841
48.773	117.718
48.783	117.622
48.793	117.556
48.803	117.446
48.813	117.366
48.823	117.315
48.833	117.252
48.843	117.209
48.853	117.241
48.863	117.280
48.873	117.359
48.883	117.279
48.893	117.081
48.903	117.018
48.913	116.855
48.923	116.702
48.933	116.627
48.943	0.000
48.953	0.000
48.963	0.000
48.973	0.000
48.983	0.000
48.993	0.000
49.003	0.000
49.013	0.000
49.023	0.000
49.033	0.000
49.043	0.000
49.053	0.000
49.063	0.000
49.073	0.000
49.083	0.000
49.093	0.000
49.103	0.000
49.113	0.000
49.123	0.000
49.133	0.000
49.143	0.000
49.153	0.000
49.163	0.000
49.173	0.000
49.183	0.000
49.193	0.000
49.203	0.000
49.213	0.000
49.223	0.000
49.233	0.000
49.243	0.000
49.253	0.000
49.263	0.000
49.273	0.000
49.283	0.000
49.293	0.000
49.303	0.000
49.313	0.000
49.323	0.000
49.333	0.000
49.343	0.000
49.353	118.776
49.363	117.409
49.373	117.074
49.383	116.614
49.393	116.549
49.403	116.519
49.413	116.667
49.423	116.787
49.433	116.873
49.443	116.884
49.453	116.990
49.463	117.111
49.473	117.223
49.483	117.319
49.493	117.491
49.503	117.576
49.513	117.561
49.523	117.610
49.533	117.744
49.543	117.795
49.553	117.798
49.563	117.885
49.573	117.948
49.583	117.924
49.593	117.820
49.603	117.669
49.613	117.761
49.623	117.805
49.633	117.837
49.643	117.746
49.653	117.671
49.663	117.686
49.673	117.754
49.683	117.749
49.693	117.795
49.703	117.883
49.713	117.984
49.723	118.003
49.733	118.011
49.743	118.044
49.753	117.998
49.763	117.950
49.773	117.853
49.783	117.770
49.793	117.655
49.803	117.646
49.813	117.815
49.823	118.049
49.833	117.991
49.843	117.920
49.853	117.900
49.863	118.155
49.873	118.242
49.883	118.240
49.893	118.063
49.903	117.981
49.913	117.949
49.923	117.892
49.933	117.914
49.943	117.961
49.953	117.990
49.963	117.940
49.973	117.877
49.983	117.883
49.993	117.929
50.003	117.954
50.013	117.944
50.023	117.921
50.033	117.914
50.043	117.790
50.053	117.718
50.063	117.585
50.073	117.576
50.083	117.512
50.093	117.493
50.103	117.418
50.113	117.458
50.123	117.491
50.133	117.609
50.143	117.624
50.153	117.561
50.163	117.520
50.173	117.491
50.183	117.446
50.193	117.435
50.203	117.462
50.213	117.446
50.223	117.391
50.233	117.387
50.243	117.454
50.253	117.488
50.263	117.529
50.273	117.502
50.283	117.440
50.293	117.459
50.303	117.500
50.313	117.502
50.323	117.488
50.333	117.454
50.343	117.446
50.353	117.386
50.363	117.380
50.373	117.420
50.383	117.425
50.393	117.411
50.403	117.370
50.413	117.354
50.423	117.364
50.433	117.361
50.443	117.367
50.453	117.394
50.463	117.506
50.473	117.513
50.483	117.503
50.493	117.482
50.503	117.428
50.513	117.405
50.523	117.416
50.533	117.421
50.543	117.366
50.553	117.305
50.563	117.266
50.573	117.228
50.583	117.225
50.593	117.234
50.603	117.234
50.613	117.182
50.623	117.207
50.633	117.214
50.643	117.142
50.653	117.076
50.663	117.023
50.673	116.961
50.683	116.865
50.693	116.754
50.703	116.719
50.713	116.758
50.723	116.775
50.733	116.840
50.743	116.932
50.753	117.167
50.763	117.267
50.773	117.303
50.783	117.307
50.793	117.186
50.803	117.119
50.813	117.113
50.823	117.109
50.833	117.058
50.843	116.968
50.853	117.003
50.863	117.032
50.873	117.027
50.883	117.057
50.893	117.152
50.903	117.187
50.913	117.135
50.923	117.113
50.933	117.025
50.943	117.005
50.953	116.999
50.963	117.014
50.973	117.083
50.983	117.165
50.993	117.126
51.003	117.004
51.013	116.935
51.023	116.956
51.033	116.990
51.043	117.144
51.053	117.211
51.063	117.224
51.073	117.247
51.083	117.225
51.093	117.159
51.103	117.159
51.113	117.253
51.123	117.325
51.133	117.315
51.143	117.178
51.153	117.153
51.163	117.194
51.173	117.204
51.183	117.133
51.193	117.028
51.203	117.005
51.213	117.045
51.223	117.157
51.233	117.209
51.243	117.195
51.253	117.128
51.263	117.085
51.273	117.094
51.283	117.141
51.293	117.222
51.303	117.227
51.313	117.228
51.323	117.160
51.333	117.061
51.343	117.074
51.353	117.094
51.363	117.118
51.373	117.078
51.383	117.046
51.393	117.000
51.403	116.978
51.413	116.996
51.423	117.024
51.433	117.069
51.443	117.032
51.453	117.089
51.463	117.141
51.473	117.125
51.483	117.033
51.493	117.043
51.503	116.973
51.513	116.818
51.523	116.814
51.533	116.816
51.543	116.764
51.553	116.810
51.563	116.890
51.573	116.943
51.583	117.038
51.593	116.989
51.603	116.864
51.613	116.767
51.623	116.829
51.633	116.850
51.643	116.791
51.653	116.796
51.663	116.857
51.673	116.852
51.683	117.075
51.693	117.252
51.703	117.105
51.713	117.046
51.723	117.059
51.733	116.998
51.743	116.950
51.753	116.943
51.763	116.974
51.773	117.144
51.783	117.226
51.793	117.218
51.803	117.138
51.813	117.131
51.823	117.089
51.833	117.172
51.843	117.448
51.853	117.435
51.863	117.393
51.873	0.000
51.883	0.000
51.893	0.000
51.903	0.000
51.913	0.000
51.923	0.000
51.933	0.000
51.943	0.000
51.953	0.000
51.963	0.000
51.973	0.000
51.983	0.000
51.993	0.000
52.003	0.000
52.013	0.000
52.023	0.000
52.033	0.000
52.043	0.000
52.053	0.000
52.063	0.000
52.073	0.000
52.083	0.000
52.093	0.000
52.103	0.000
52.113	0.000
52.123	0.000
52.133	0.000
52.143	0.000
52.153	0.000
52.163	0.000
52.173	0.000
52.183	0.000
52.193	0.000
52.203	0.000
52.213	0.000
52.223	0.000
52.233	0.000
52.243	0.000
52.253	0.000
52.263	0.000
52.273	0.000
52.283	0.000
52.293	0.000
52.303	0.000
52.313	0.000
52.323	0.000
52.333	0.000
52.343	0.000
52.353	0.000
52.363	0.000
52.373	0.000
52.383	0.000
52.393	0.000
52.403	0.000
52.413	0.000
52.423	0.000
52.433	0.000
52.443	0.000
52.453	0.000
52.463	0.000
52.473	0.000
52.483	0.000
52.493	0.000
52.503	0.000
52.513	0.000
52.523	0.000
52.533	0.000
52.543	0.000
52.553	0.000
52.563	0.000
52.573	0.000
52.583	0.000
52.593	0.000
52.603	0.000
52.613	0.000
52.623	0.000
52.633	0.000
52.643	0.000
52.653	0.000
52.663	0.000
52.673	0.000
52.683	0.000
52.693	0.000
52.703	0.000
52.713	0.000
52.723	0.000
52.733	0.000
52.743	0.000
52.753	0.000
52.763	0.000
52.773	0.000
52.783	0.000
52.793	0.000
52.803	0.000
52.813	0.000
52.823	0.000
52.833	0.000
52.843	0.000
52.853	0.000
52.863	0.000
52.873	0.000
52.883	0.000
52.893	0.000
52.903	0.000
52.913	0.000
52.923	0.000
52.933	0.000
52.943	0.000
52.953	0.000
52.963	0.000
52.973	0.000
52.983	0.000
52.993	0.000
53.003	0.000
53.013	0.000
53.023	0.000
53.033	0.000
53.043	0.000
53.053	0.000
53.063	0.000
53.073	0.000
53.083	0.000
53.093	0.000
53.103	0.000
53.113	0.000
53.123	0.000
53.133	0.000
53.143	0.000
53.153	0.000
53.163	0.000
53.173	0.000
53.183	0.000
53.193	0.000
53.203	0.000
53.213	0.000
53.223	0.000
53.233	0.000
53.243	0.000
53.253	0.000
53.263	0.000
53.273	0.000
53.283	0.000
53.293	0.000
53.303	0.000
53.313	0.000
53.323	0.000
53.333	0.000
53.343	0.000
53.353	0.000
53.363	0.000
53.373	0.000
53.383	0.000
53.393	0.000
53.403	0.000
53.413	0.000
53.423	0.000
53.433	0.000
53.443	0.000
