0.023	0.000
0.033	0.000
0.043	0.000
0.053	0.000
0.063	0.000
0.073	0.000
0.083	0.000
0.093	0.000
0.103	0.000
0.113	0.000
0.123	0.000
0.133	0.000
0.143	0.000
0.153	0.000
0.163	0.000
0.173	0.000
0.183	0.000
0.193	0.000
0.203	0.000
0.213	0.000
0.223	0.000
0.233	0.000
0.243	0.000
0.253	0.000
0.263	0.000
0.273	0.000
0.283	0.000
0.293	0.000
0.303	0.000
0.313	0.000
0.323	0.000
0.333	0.000
0.343	0.000
0.353	0.000
0.363	0.000
0.373	0.000
0.383	0.000
0.393	0.000
0.403	0.000
0.413	0.000
0.423	0.000
0.433	0.000
0.443	0.000
0.453	0.000
0.463	0.000
0.473	0.000
0.483	0.000
0.493	0.000
0.503	0.000
0.513	0.000
0.523	0.000
0.533	0.000
0.543	0.000
0.553	0.000
0.563	0.000
0.573	0.000
0.583	0.000
0.593	0.000
0.603	0.000
0.613	0.000
0.623	0.000
0.633	0.000
0.643	0.000
0.653	0.000
0.663	0.000
0.673	0.000
0.683	0.000
0.693	0.000
0.703	0.000
0.713	0.000
0.723	0.000
0.733	0.000
0.743	0.000
0.753	0.000
0.763	0.000
0.773	0.000
0.783	0.000
0.793	0.000
0.803	0.000
0.813	0.000
0.823	0.000
0.833	0.000
0.843	0.000
0.853	0.000
0.863	0.000
0.873	0.000
0.883	0.000
0.893	0.000
0.903	0.000
0.913	0.000
0.923	0.000
0.933	0.000
0.943	0.000
0.953	0.000
0.963	0.000
0.973	0.000
0.983	0.000
0.993	0.000
1.003	0.000
1.013	0.000
1.023	0.000
1.033	0.000
1.043	0.000
1.053	0.000
1.063	0.000
1.073	0.000
1.083	0.000
1.093	0.000
1.103	0.000
1.113	0.000
1.123	0.000
1.133	0.000
1.143	0.000
1.153	0.000
1.163	0.000
1.173	0.000
1.183	0.000
1.193	0.000
1.203	0.000
1.213	0.000
1.223	0.000
1.233	0.000
1.243	0.000
1.253	0.000
1.263	0.000
1.273	0.000
1.283	0.000
1.293	0.000
1.303	0.000
1.313	0.000
1.323	0.000
1.333	0.000
1.343	0.000
1.353	0.000
1.363	0.000
1.373	0.000
1.383	0.000
1.393	0.000
1.403	0.000
1.413	0.000
1.423	0.000
1.433	0.000
1.443	0.000
1.453	0.000
1.463	0.000
1.473	0.000
1.483	0.000
1.493	0.000
1.503	0.000
1.513	0.000
1.523	0.000
1.533	0.000
1.543	0.000
1.553	0.000
1.563	0.000
1.573	0.000
1.583	0.000
1.593	0.000
1.603	0.000
1.613	0.000
1.623	0.000
1.633	0.000
1.643	0.000
1.653	0.000
1.663	0.000
1.673	0.000
1.683	0.000
1.693	0.000
1.703	0.000
1.713	0.000
1.723	0.000
1.733	0.000
1.743	0.000
1.753	0.000
1.763	0.000
1.773	0.000
1.783	0.000
1.793	0.000
1.803	0.000
1.813	0.000
1.823	0.000
1.833	0.000
1.843	0.000
1.853	0.000
1.863	0.000
1.873	0.000
1.883	0.000
1.893	0.000
1.903	0.000
1.913	0.000
1.923	0.000
1.933	0.000
1.943	0.000
1.953	0.000
1.963	0.000
1.973	0.000
1.983	0.000
1.993	0.000
2.003	0.000
2.013	0.000
2.023	0.000
2.033	0.000
2.043	0.000
2.053	0.000
2.063	0.000
2.073	0.000
2.083	0.000
2.093	0.000
2.103	0.000
2.113	0.000
2.123	0.000
2.133	0.000
2.143	0.000
2.153	0.000
2.163	0.000
2.173	0.000
2.183	0.000
2.193	0.000
2.203	0.000
2.213	0.000
2.223	0.000
2.233	0.000
2.243	0.000
2.253	0.000
2.263	0.000
2.273	0.000
2.283	0.000
2.293	0.000
2.303	0.000
2.313	0.000
2.323	0.000
2.333	0.000
2.343	0.000
2.353	0.000
2.363	0.000
2.373	0.000
2.383	0.000
2.393	0.000
2.403	0.000
2.413	0.000
2.423	0.000
2.433	0.000
2.443	0.000
2.453	0.000
2.463	0.000
2.473	0.000
2.483	0.000
2.493	0.000
2.503	0.000
2.513	0.000
2.523	0.000
2.533	0.000
2.543	0.000
2.553	0.000
2.563	0.000
2.573	0.000
2.583	0.000
2.593	0.000
2.603	0.000
2.613	0.000
2.623	0.000
2.633	0.000
2.643	0.000
2.653	0.000
2.663	0.000
2.673	0.000
2.683	0.000
2.693	0.000
2.703	0.000
2.713	0.000
2.723	0.000
2.733	0.000
2.743	0.000
2.753	0.000
2.763	0.000
2.773	0.000
2.783	0.000
2.793	0.000
2.803	0.000
2.813	0.000
2.823	0.000
2.833	0.000
2.843	0.000
2.853	0.000
2.863	0.000
2.873	0.000
2.883	0.000
2.893	0.000
2.903	0.000
2.913	0.000
2.923	0.000
2.933	0.000
2.943	0.000
2.953	0.000
2.963	0.000
2.973	0.000
2.983	0.000
2.993	0.000
3.003	0.000
3.013	0.000
3.023	0.000
3.033	0.000
3.043	0.000
3.053	0.000
3.063	0.000
3.073	0.000
3.083	0.000
3.093	0.000
3.103	0.000
3.113	0.000
3.123	0.000
3.133	0.000
3.143	0.000
3.153	0.000
3.163	0.000
3.173	0.000
3.183	0.000
3.193	0.000
3.203	0.000
3.213	0.000
3.223	0.000
3.233	0.000
3.243	0.000
3.253	0.000
3.263	0.000
3.273	0.000
3.283	0.000
3.293	0.000
3.303	0.000
3.313	0.000
3.323	0.000
3.333	0.000
3.343	0.000
3.353	0.000
3.363	0.000
3.373	0.000
3.383	0.000
3.393	0.000
3.403	0.000
3.413	0.000
3.423	0.000
3.433	0.000
3.443	0.000
3.453	0.000
3.463	0.000
3.473	0.000
3.483	0.000
3.493	0.000
3.503	0.000
3.513	0.000
3.523	0.000
3.533	0.000
3.543	0.000
3.553	0.000
3.563	0.000
3.573	0.000
3.583	554.825
3.593	567.517
3.603	577.861
3.613	583.482
3.623	588.625
3.633	590.871
3.643	591.581
3.653	591.408
3.663	591.807
3.673	591.854
3.683	591.673
3.693	590.900
3.703	589.797
3.713	588.898
3.723	588.422
3.733	587.852
3.743	587.500
3.753	587.192
3.763	587.132
3.773	586.780
3.783	586.145
3.793	585.972
3.803	585.877
3.813	585.755
3.823	586.059
3.833	586.304
3.843	586.743
3.853	587.163
3.863	587.269
3.873	586.843
3.883	586.775
3.893	581.940
3.903	578.378
3.913	555.688
3.923	529.340
3.933	524.926
3.943	525.215
3.953	523.421
3.963	523.307
3.973	523.706
3.983	524.187
3.993	524.953
4.003	525.333
4.013	525.542
4.023	525.698
4.033	525.446
4.043	525.372
4.053	525.400
4.063	524.976
4.073	524.596
4.083	524.272
4.093	523.714
4.103	523.140
4.113	522.818
4.123	522.767
4.133	522.663
4.143	522.518
4.153	522.548
4.163	523.395
4.173	525.966
4.183	528.836
4.193	529.682
4.203	532.266
4.213	531.923
4.223	528.566
4.233	584.126
4.243	597.171
4.253	595.427
4.263	593.884
4.273	594.002
4.283	593.879
4.293	594.376
4.303	594.627
4.313	594.586
4.323	594.432
4.333	594.224
4.343	594.077
4.353	593.574
4.363	593.201
4.373	592.871
4.383	592.492
4.393	592.307
4.403	592.110
4.413	592.005
4.423	591.846
4.433	591.828
4.443	591.931
4.453	592.354
4.463	592.714
4.473	593.001
4.483	593.281
4.493	593.155
4.503	590.748
4.513	586.772
4.523	580.629
4.533	0.000
4.543	0.000
4.553	465.180
4.563	469.073
4.573	471.707
4.583	472.593
4.593	475.290
4.603	476.594
4.613	476.684
4.623	476.766
4.633	476.637
4.643	476.238
4.653	475.889
4.663	475.559
4.673	474.982
4.683	474.598
4.693	474.416
4.703	474.079
4.713	473.896
4.723	473.614
4.733	473.479
4.743	473.057
4.753	472.703
4.763	472.371
4.773	472.189
4.783	471.651
4.793	471.057
4.803	470.667
4.813	469.852
4.823	468.840
4.833	468.148
4.843	467.971
4.853	467.586
4.863	466.577
4.873	466.053
4.883	481.346
4.893	519.732
4.903	523.300
4.913	523.454
4.923	526.445
4.933	528.320
4.943	528.707
4.953	528.453
4.963	528.441
4.973	528.018
4.983	527.751
4.993	527.231
5.003	526.775
5.013	526.508
5.023	526.590
5.033	526.255
5.043	525.983
5.053	525.820
5.063	525.545
5.073	525.483
5.083	525.462
5.093	525.204
5.103	524.855
5.113	524.600
5.123	524.445
5.133	524.462
5.143	525.310
5.153	527.095
5.163	528.556
5.173	530.472
5.183	531.919
5.193	535.573
5.203	530.690
5.213	0.000
5.223	587.846
5.233	588.568
5.243	589.412
5.253	590.863
5.263	591.186
5.273	591.332
5.283	591.864
5.293	591.693
5.303	591.616
5.313	591.450
5.323	591.313
5.333	591.266
5.343	591.061
5.353	590.788
5.363	590.582
5.373	590.391
5.383	590.188
5.393	589.967
5.403	589.790
5.413	589.654
5.423	589.370
5.433	589.049
5.443	588.808
5.453	588.632
5.463	588.146
5.473	587.938
5.483	588.278
5.493	588.764
5.503	590.544
5.513	593.729
5.523	596.477
5.533	0.000
5.543	682.310
5.553	691.463
5.563	698.426
5.573	703.866
5.583	706.798
5.593	709.957
5.603	710.654
5.613	710.797
5.623	710.912
5.633	710.920
5.643	710.960
5.653	710.307
5.663	709.481
5.673	708.990
5.683	708.793
5.693	708.566
5.703	708.049
5.713	707.749
5.723	707.458
5.733	707.433
5.743	707.539
5.753	707.682
5.763	707.884
5.773	707.982
5.783	707.999
5.793	708.297
5.803	708.349
5.813	708.222
5.823	708.421
5.833	708.695
5.843	708.909
5.853	709.343
5.863	709.798
5.873	711.042
5.883	711.842
5.893	713.392
5.903	715.083
5.913	720.460
5.923	743.278
5.933	796.969
5.943	802.493
5.953	803.549
5.963	805.108
5.973	807.188
5.983	810.018
5.993	810.868
6.003	812.014
6.013	812.796
6.023	812.894
6.033	812.720
6.043	812.279
6.053	811.661
6.063	811.162
6.073	809.193
6.083	807.540
6.093	805.483
6.103	804.451
6.113	802.242
6.123	800.631
6.133	799.943
6.143	799.844
6.153	799.814
6.163	799.522
6.173	799.144
6.183	798.750
6.193	799.016
6.203	800.367
6.213	803.564
6.223	806.145
6.233	806.797
6.243	816.769
6.253	0.000
6.263	0.000
6.273	698.457
6.283	698.905
6.293	701.319
6.303	703.534
6.313	705.188
6.323	706.291
6.333	708.175
6.343	709.540
6.353	710.127
6.363	710.482
6.373	710.503
6.383	710.449
6.393	710.633
6.403	710.559
6.413	709.870
6.423	709.717
6.433	709.501
6.443	709.109
6.453	708.976
6.463	708.502
6.473	708.137
6.483	707.328
6.493	706.780
6.503	706.468
6.513	706.568
6.523	706.878
6.533	707.034
6.543	707.191
6.553	707.862
6.563	708.394
6.573	708.284
6.583	709.003
6.593	709.712
6.603	710.152
6.613	711.141
6.623	711.432
6.633	711.241
6.643	711.253
6.653	711.002
6.663	710.387
6.673	710.256
6.683	710.271
6.693	710.168
6.703	709.970
6.713	709.641
6.723	709.765
6.733	709.648
6.743	709.637
6.753	709.550
6.763	709.428
6.773	709.788
6.783	709.952
6.793	710.580
6.803	711.140
6.813	711.300
6.823	711.388
6.833	711.652
6.843	712.044
6.853	711.704
6.863	711.270
6.873	710.753
6.883	710.251
6.893	710.015
6.903	709.881
6.913	709.460
6.923	708.574
6.933	708.329
6.943	707.503
6.953	706.566
6.963	706.264
6.973	706.122
6.983	706.170
6.993	706.041
7.003	706.066
7.013	705.324
7.023	705.105
7.033	705.017
7.043	705.223
7.053	705.480
7.063	705.770
7.073	705.506
7.083	705.636
7.093	706.106
7.103	706.828
7.113	706.965
7.123	706.741
7.133	706.097
7.143	705.991
7.153	706.155
7.163	706.327
7.173	706.460
7.183	706.851
7.193	706.521
7.203	706.491
7.213	706.624
7.223	706.368
7.233	705.989
7.243	705.910
7.253	706.164
7.263	706.539
7.273	706.562
7.283	706.629
7.293	706.636
7.303	706.884
7.313	707.435
7.323	708.151
7.333	708.688
7.343	709.579
7.353	710.531
7.363	711.187
7.373	712.696
7.383	714.998
7.393	717.218
7.403	717.514
7.413	718.733
7.423	720.495
7.433	721.072
7.443	721.279
7.453	725.494
7.463	0.000
7.473	0.000
7.483	0.000
7.493	0.000
7.503	0.000
7.513	0.000
7.523	0.000
7.533	0.000
7.543	0.000
7.553	0.000
7.563	0.000
7.573	0.000
7.583	0.000
7.593	0.000
7.603	0.000
7.613	0.000
7.623	0.000
7.633	0.000
7.643	0.000
7.653	0.000
7.663	0.000
7.673	0.000
7.683	0.000
7.693	0.000
7.703	0.000
7.713	0.000
7.723	0.000
7.733	0.000
7.743	0.000
7.753	0.000
7.763	0.000
7.773	0.000
7.783	0.000
7.793	0.000
7.803	0.000
7.813	0.000
7.823	0.000
7.833	0.000
7.843	0.000
7.853	0.000
7.863	0.000
7.873	0.000
7.883	0.000
7.893	0.000
7.903	0.000
7.913	0.000
7.923	0.000
7.933	0.000
7.943	0.000
7.953	0.000
7.963	0.000
7.973	0.000
7.983	0.000
7.993	0.000
8.003	0.000
8.013	0.000
8.023	0.000
8.033	0.000
8.043	0.000
8.053	0.000
8.063	0.000
8.073	0.000
8.083	0.000
8.093	0.000
8.103	0.000
8.113	0.000
8.123	0.000
8.133	0.000
8.143	0.000
8.153	0.000
8.163	0.000
8.173	0.000
8.183	0.000
8.193	0.000
8.203	0.000
8.213	0.000
8.223	0.000
8.233	0.000
8.243	0.000
8.253	0.000
8.263	0.000
8.273	0.000
8.283	0.000
8.293	0.000
8.303	0.000
8.313	0.000
8.323	0.000
8.333	0.000
8.343	0.000
8.353	0.000
8.363	0.000
8.373	0.000
8.383	0.000
8.393	0.000
8.403	0.000
8.413	0.000
8.423	0.000
8.433	0.000
8.443	0.000
8.453	0.000
8.463	0.000
8.473	0.000
8.483	0.000
8.493	0.000
8.503	0.000
8.513	0.000
8.523	0.000
8.533	0.000
8.543	0.000
8.553	0.000
8.563	0.000
8.573	0.000
8.583	0.000
8.593	0.000
8.603	0.000
8.613	0.000
8.623	0.000
8.633	0.000
8.643	0.000
8.653	0.000
8.663	0.000
8.673	0.000
8.683	0.000
8.693	0.000
8.703	0.000
8.713	0.000
8.723	0.000
8.733	0.000
8.743	0.000
8.753	0.000
8.763	0.000
8.773	0.000
8.783	0.000
8.793	0.000
8.803	0.000
8.813	0.000
8.823	0.000
8.833	0.000
8.843	0.000
8.853	0.000
8.863	0.000
8.873	656.662
8.883	660.814
8.893	677.292
8.903	686.641
8.913	689.720
8.923	695.044
8.933	699.650
8.943	703.478
8.953	704.850
8.963	705.328
8.973	705.563
8.983	705.919
8.993	705.034
9.003	704.128
9.013	703.210
9.023	702.914
9.033	702.371
9.043	701.979
9.053	701.667
9.063	701.287
9.073	701.456
9.083	701.905
9.093	701.984
9.103	702.181
9.113	701.336
9.123	701.192
9.133	702.185
9.143	705.915
9.153	711.664
9.163	714.246
9.173	718.032
9.183	723.890
9.193	776.597
9.203	802.306
9.213	808.478
9.223	808.530
9.233	809.198
9.243	809.830
9.253	809.303
9.263	808.166
9.273	807.899
9.283	807.400
9.293	807.333
9.303	807.329
9.313	807.021
9.323	806.515
9.333	805.718
9.343	805.248
9.353	804.112
9.363	803.168
9.373	802.980
9.383	802.921
9.393	803.382
9.403	803.511
9.413	802.575
9.423	801.766
9.433	800.285
9.443	800.636
9.453	801.107
9.463	809.445
9.473	814.933
9.483	827.815
9.493	819.626
9.503	0.000
9.513	681.040
9.523	659.818
9.533	647.670
9.543	641.314
9.553	638.300
9.563	636.614
9.573	637.660
9.583	637.433
9.593	636.668
9.603	636.225
9.613	635.661
9.623	635.376
9.633	635.217
9.643	634.466
9.653	633.515
9.663	632.638
9.673	632.196
9.683	631.687
9.693	631.336
9.703	631.322
9.713	630.930
9.723	630.540
9.733	630.406
9.743	630.347
9.753	630.381
9.763	630.759
9.773	631.181
9.783	631.277
9.793	631.352
9.803	631.615
9.813	631.882
9.823	632.031
9.833	631.802
9.843	630.233
9.853	628.829
9.863	621.248
9.873	609.556
9.883	595.535
9.893	594.824
9.903	594.591
9.913	594.821
9.923	594.574
9.933	594.262
9.943	594.073
9.953	593.823
9.963	593.908
9.973	593.839
9.983	593.992
9.993	593.970
10.003	594.075
10.013	593.703
10.023	593.420
10.033	593.470
10.043	593.113
10.053	592.826
10.063	592.488
10.073	592.169
10.083	591.759
10.093	590.987
10.103	590.543
10.113	589.813
10.123	589.154
10.133	588.779
10.143	588.809
10.153	588.958
10.163	589.302
10.173	589.716
10.183	590.542
10.193	591.900
10.203	624.263
10.213	632.474
10.223	637.201
10.233	638.270
10.243	638.114
10.253	637.735
10.263	636.447
10.273	635.623
10.283	635.673
10.293	634.949
10.303	634.527
10.313	634.403
10.323	634.501
10.333	634.542
10.343	634.727
10.353	634.860
10.363	634.625
10.373	634.046
10.383	633.965
10.393	633.900
10.403	633.839
10.413	633.655
10.423	633.496
10.433	633.337
10.443	633.174
10.453	632.848
10.463	632.754
10.473	633.485
10.483	635.506
10.493	638.288
10.503	638.907
10.513	639.525
10.523	639.362
10.533	640.098
10.543	640.133
10.553	0.000
10.563	0.000
10.573	523.178
10.583	523.848
10.593	522.793
10.603	521.754
10.613	522.387
10.623	522.804
10.633	523.381
10.643	523.832
10.653	524.569
10.663	525.005
10.673	525.119
10.683	525.231
10.693	524.968
10.703	524.539
10.713	524.506
10.723	524.724
10.733	525.118
10.743	525.455
10.753	525.461
10.763	525.349
10.773	524.958
10.783	524.491
10.793	523.986
10.803	522.963
10.813	522.083
10.823	521.844
10.833	522.182
10.843	523.014
10.853	523.899
10.863	524.123
10.873	525.081
10.883	526.290
10.893	526.644
10.903	528.218
10.913	536.305
10.923	574.525
10.933	584.216
10.943	590.439
10.953	591.656
10.963	591.861
10.973	591.615
10.983	591.061
10.993	590.324
11.003	590.014
11.013	590.205
11.023	590.672
11.033	591.216
11.043	591.589
11.053	592.770
11.063	594.230
11.073	593.870
11.083	597.734
11.093	619.971
11.103	630.049
11.113	629.739
11.123	630.450
11.133	630.691
11.143	631.155
11.153	631.456
11.163	631.295
11.173	631.355
11.183	631.498
11.193	632.094
11.203	633.335
11.213	634.611
11.223	635.092
11.233	635.796
11.243	634.891
11.253	632.428
11.263	640.062
11.273	689.857
11.283	705.166
11.293	710.353
11.303	711.628
11.313	713.235
11.323	713.558
11.333	713.123
11.343	713.093
11.353	712.508
11.363	712.359
11.373	711.663
11.383	710.940
11.393	710.712
11.403	710.243
11.413	710.503
11.423	710.455
11.433	710.387
11.443	710.522
11.453	710.599
11.463	711.711
11.473	712.644
11.483	714.929
11.493	718.603
11.503	714.595
11.513	716.228
11.523	718.376
11.533	730.043
11.543	0.000
11.553	0.000
11.563	0.000
11.573	0.000
11.583	0.000
11.593	522.199
11.603	524.142
11.613	523.979
11.623	524.966
11.633	525.117
11.643	526.841
11.653	528.102
11.663	529.459
11.673	530.179
11.683	530.199
11.693	530.023
11.703	529.504
11.713	529.114
11.723	529.027
11.733	529.028
11.743	528.558
11.753	528.340
11.763	528.230
11.773	527.920
11.783	527.583
11.793	527.121
11.803	526.869
11.813	526.327
11.823	525.757
11.833	525.480
11.843	524.825
11.853	524.537
11.863	524.150
11.873	524.021
11.883	523.965
11.893	523.997
11.903	524.069
11.913	524.246
11.923	524.298
11.933	524.252
11.943	524.305
11.953	523.786
11.963	523.520
11.973	523.188
11.983	522.778
11.993	522.318
12.003	522.126
12.013	522.153
12.023	522.371
12.033	522.528
12.043	522.646
12.053	522.748
12.063	522.686
12.073	522.800
12.083	522.979
12.093	523.282
12.103	523.311
12.113	523.339
12.123	523.362
12.133	523.648
12.143	523.632
12.153	523.721
12.163	523.961
12.173	524.174
12.183	524.293
12.193	524.441
12.203	524.668
12.213	524.994
12.223	525.240
12.233	525.262
12.243	525.593
12.253	525.825
12.263	526.076
12.273	525.713
12.283	525.578
12.293	525.577
12.303	525.490
12.313	525.484
12.323	525.621
12.333	525.626
12.343	525.544
12.353	525.181
12.363	524.988
12.373	524.791
12.383	524.625
12.393	523.982
12.403	523.380
12.413	522.986
12.423	522.381
12.433	521.805
12.443	521.868
12.453	521.872
12.463	522.159
12.473	522.482
12.483	522.488
12.493	522.781
12.503	522.844
12.513	522.895
12.523	522.935
12.533	523.071
12.543	523.522
12.553	523.669
12.563	523.933
12.573	524.520
12.583	524.735
12.593	524.895
12.603	525.230
12.613	525.470
12.623	525.859
12.633	526.306
12.643	527.360
12.653	528.401
12.663	529.020
12.673	529.527
12.683	529.333
12.693	528.525
12.703	528.387
12.713	0.000
12.723	0.000
12.733	0.000
12.743	0.000
12.753	0.000
12.763	0.000
12.773	0.000
12.783	0.000
12.793	0.000
12.803	0.000
12.813	0.000
12.823	0.000
12.833	0.000
12.843	0.000
12.853	0.000
12.863	0.000
12.873	0.000
12.883	0.000
12.893	0.000
12.903	0.000
12.913	0.000
12.923	0.000
12.933	0.000
12.943	0.000
12.953	0.000
12.963	0.000
12.973	0.000
12.983	0.000
12.993	0.000
13.003	0.000
13.013	0.000
13.023	0.000
13.033	0.000
13.043	0.000
13.053	0.000
13.063	0.000
13.073	0.000
13.083	0.000
13.093	0.000
13.103	0.000
13.113	0.000
13.123	0.000
13.133	0.000
13.143	0.000
13.153	0.000
13.163	0.000
13.173	0.000
13.183	0.000
13.193	0.000
13.203	0.000
13.213	0.000
13.223	0.000
13.233	0.000
13.243	0.000
13.253	0.000
13.263	0.000
13.273	0.000
13.283	0.000
13.293	0.000
13.303	0.000
13.313	0.000
13.323	0.000
13.333	0.000
13.343	0.000
13.353	0.000
13.363	0.000
13.373	0.000
13.383	0.000
13.393	0.000
13.403	0.000
13.413	0.000
13.423	0.000
13.433	0.000
13.443	0.000
13.453	0.000
13.463	0.000
13.473	0.000
13.483	0.000
13.493	0.000
13.503	0.000
13.513	0.000
13.523	0.000
13.533	0.000
13.543	0.000
13.553	0.000
13.563	0.000
13.573	0.000
13.583	0.000
13.593	0.000
13.603	0.000
13.613	0.000
13.623	0.000
13.633	0.000
13.643	0.000
13.653	0.000
13.663	0.000
13.673	0.000
13.683	0.000
13.693	0.000
13.703	0.000
13.713	0.000
13.723	0.000
13.733	0.000
13.743	0.000
13.753	0.000
13.763	0.000
13.773	0.000
13.783	0.000
13.793	0.000
13.803	0.000
13.813	0.000
13.823	0.000
13.833	0.000
13.843	0.000
13.853	0.000
13.863	0.000
13.873	0.000
13.883	0.000
13.893	0.000
13.903	0.000
13.913	0.000
13.923	0.000
13.933	0.000
13.943	0.000
13.953	0.000
13.963	0.000
13.973	0.000
13.983	0.000
13.993	0.000
14.003	0.000
14.013	0.000
14.023	0.000
14.033	0.000
14.043	0.000
14.053	0.000
14.063	0.000
14.073	0.000
14.083	0.000
14.093	0.000
14.103	0.000
14.113	0.000
14.123	0.000
14.133	0.000
14.143	0.000
14.153	0.000
14.163	0.000
14.173	0.000
14.183	581.206
14.193	577.079
14.203	579.764
14.213	581.995
14.223	586.079
14.233	589.099
14.243	591.612
14.253	592.081
14.263	593.166
14.273	593.461
14.283	593.421
14.293	593.165
14.303	592.651
14.313	592.476
14.323	592.396
14.333	592.315
14.343	591.984
14.353	591.524
14.363	591.466
14.373	591.111
14.383	591.131
14.393	591.191
14.403	591.378
14.413	591.554
14.423	591.843
14.433	591.888
14.443	591.647
14.453	590.981
14.463	590.877
14.473	589.857
14.483	572.906
14.493	535.284
14.503	530.822
14.513	527.872
14.523	527.483
14.533	527.290
14.543	526.849
14.553	527.100
14.563	526.802
14.573	527.130
14.583	526.987
14.593	527.075
14.603	527.162
14.613	527.110
14.623	527.529
14.633	527.669
14.643	527.683
14.653	527.345
14.663	526.732
14.673	526.293
14.683	525.974
14.693	525.874
14.703	525.978
14.713	526.099
14.723	526.169
14.733	527.242
14.743	529.077
14.753	530.147
14.763	531.393
14.773	531.150
14.783	532.477
14.793	536.292
14.803	532.484
14.813	541.218
14.823	0.000
14.833	0.000
14.843	609.350
14.853	595.681
14.863	594.609
14.873	594.518
14.883	594.427
14.893	594.280
14.903	594.335
14.913	594.235
14.923	594.015
14.933	593.817
14.943	593.590
14.953	593.134
14.963	592.740
14.973	592.727
14.983	592.443
14.993	592.550
15.003	592.539
15.013	592.542
15.023	592.653
15.033	592.517
15.043	592.484
15.053	592.284
15.063	592.376
15.073	592.653
15.083	592.811
15.093	593.201
15.103	593.408
15.113	593.569
15.123	592.209
15.133	586.284
15.143	577.914
15.153	576.110
15.163	0.000
15.173	461.437
15.183	461.537
15.193	460.527
15.203	457.290
15.213	458.059
15.223	461.413
15.233	467.155
15.243	470.983
15.253	473.287
15.263	474.044
15.273	474.894
15.283	474.744
15.293	474.351
15.303	473.447
15.313	472.706
15.323	472.287
15.333	472.355
15.343	472.429
15.353	472.349
15.363	471.991
15.373	471.798
15.383	471.552
15.393	471.713
15.403	471.787
15.413	471.962
15.423	471.884
15.433	471.248
15.443	470.868
15.453	470.312
15.463	469.934
15.473	469.923
15.483	470.064
15.493	470.534
15.503	470.696
15.513	470.615
15.523	480.389
15.533	527.229
15.543	528.894
15.553	529.669
15.563	530.417
15.573	530.831
15.583	531.136
15.593	531.300
15.603	531.369
15.613	531.280
15.623	531.233
15.633	530.955
15.643	530.397
15.653	530.251
15.663	529.916
15.673	529.748
15.683	529.671
15.693	529.608
15.703	529.663
15.713	529.867
15.723	529.805
15.733	529.776
15.743	529.392
15.753	529.232
15.763	529.272
15.773	529.095
15.783	528.983
15.793	529.103
15.803	529.138
15.813	530.498
15.823	531.998
15.833	532.481
15.843	531.934
15.853	527.355
15.863	529.949
15.873	535.526
15.883	0.000
15.893	0.000
15.903	0.000
15.913	0.000
15.923	594.604
15.933	590.374
15.943	592.455
15.953	592.659
15.963	593.435
15.973	594.530
15.983	594.266
15.993	594.728
16.003	594.569
16.013	594.290
16.023	594.007
16.033	593.946
16.043	593.736
16.053	593.941
16.063	594.019
16.073	593.941
16.083	593.880
16.093	593.660
16.103	593.239
16.113	593.084
16.123	593.105
16.133	593.368
16.143	593.270
16.153	592.904
16.163	592.700
16.173	592.441
16.183	592.689
16.193	592.867
16.203	593.792
16.213	595.728
16.223	599.596
16.233	602.382
16.243	654.872
16.253	684.659
16.263	697.020
16.273	695.645
16.283	704.968
16.293	711.483
16.303	710.705
16.313	713.299
16.323	713.219
16.333	712.383
16.343	712.596
16.353	711.356
16.363	710.600
16.373	710.553
16.383	710.457
16.393	710.398
16.403	710.356
16.413	710.354
16.423	710.401
16.433	710.651
16.443	710.980
16.453	710.979
16.463	710.557
16.473	710.655
16.483	711.020
16.493	711.620
16.503	712.028
16.513	712.936
16.523	713.548
16.533	715.089
16.543	717.460
16.553	720.151
16.563	720.950
16.573	728.207
16.583	766.301
16.593	789.400
16.603	801.883
16.613	804.321
16.623	804.780
16.633	804.456
16.643	804.722
16.653	803.949
16.663	803.807
16.673	803.040
16.683	802.460
16.693	801.716
16.703	801.336
16.713	800.870
16.723	800.705
16.733	800.672
16.743	800.328
16.753	799.928
16.763	799.614
16.773	799.550
16.783	799.484
16.793	799.162
16.803	798.661
16.813	798.627
16.823	798.255
16.833	797.951
16.843	797.918
16.853	798.105
16.863	798.086
16.873	796.581
16.883	795.473
16.893	794.957
16.903	797.922
16.913	788.742
16.923	777.676
16.933	756.733
16.943	757.241
16.953	758.203
16.963	756.303
16.973	755.880
16.983	755.200
16.993	755.837
17.003	755.525
17.013	755.833
17.023	755.903
17.033	755.868
17.043	755.702
17.053	755.891
17.063	755.950
17.073	755.785
17.083	755.639
17.093	755.341
17.103	754.795
17.113	753.841
17.123	752.897
17.133	752.643
17.143	752.988
17.153	753.096
17.163	752.898
17.173	752.787
17.183	752.576
17.193	752.699
17.203	752.689
17.213	752.727
17.223	753.180
17.233	753.338
17.243	753.925
17.253	754.174
17.263	754.512
17.273	754.724
17.283	754.962
17.293	754.766
17.303	754.065
17.313	753.677
17.323	752.753
17.333	752.505
17.343	752.073
17.353	752.083
17.363	751.825
17.373	750.954
17.383	750.992
17.393	750.737
17.403	750.612
17.413	750.927
17.423	750.874
17.433	750.806
17.443	750.191
17.453	749.773
17.463	749.659
17.473	749.821
17.483	749.524
17.493	749.559
17.503	749.064
17.513	749.166
17.523	749.736
17.533	749.574
17.543	750.000
17.553	750.614
17.563	750.876
17.573	750.933
17.583	751.222
17.593	751.470
17.603	751.477
17.613	751.258
17.623	750.917
17.633	750.602
17.643	750.889
17.653	750.969
17.663	751.570
17.673	752.081
17.683	752.631
17.693	753.132
17.703	753.915
17.713	754.494
17.723	754.544
17.733	755.014
17.743	755.956
17.753	755.844
17.763	755.490
17.773	754.230
17.783	753.062
17.793	752.231
17.803	751.839
17.813	751.454
17.823	751.250
17.833	751.015
17.843	751.343
17.853	751.209
17.863	751.317
17.873	751.681
17.883	751.976
17.893	751.873
17.903	751.813
17.913	752.204
17.923	752.818
17.933	752.817
17.943	752.672
17.953	752.640
17.963	752.522
17.973	752.904
17.983	754.045
17.993	755.902
18.003	756.819
18.013	758.096
18.023	759.394
18.033	759.762
18.043	759.573
18.053	758.659
18.063	758.442
18.073	759.617
18.083	759.425
18.093	0.000
18.103	0.000
18.113	0.000
18.123	0.000
18.133	0.000
18.143	0.000
18.153	0.000
18.163	0.000
18.173	0.000
18.183	0.000
18.193	0.000
18.203	0.000
18.213	0.000
18.223	0.000
18.233	0.000
18.243	0.000
18.253	0.000
18.263	0.000
18.273	0.000
18.283	0.000
18.293	0.000
18.303	0.000
18.313	0.000
18.323	0.000
18.333	0.000
18.343	0.000
18.353	0.000
18.363	0.000
18.373	0.000
18.383	0.000
18.393	0.000
18.403	0.000
18.413	0.000
18.423	0.000
18.433	0.000
18.443	0.000
18.453	0.000
18.463	0.000
18.473	0.000
18.483	0.000
18.493	0.000
18.503	0.000
18.513	0.000
18.523	0.000
18.533	0.000
18.543	0.000
18.553	0.000
18.563	0.000
18.573	0.000
18.583	0.000
18.593	0.000
18.603	0.000
18.613	0.000
18.623	0.000
18.633	0.000
18.643	0.000
18.653	0.000
18.663	0.000
18.673	0.000
18.683	0.000
18.693	0.000
18.703	0.000
18.713	0.000
18.723	0.000
18.733	0.000
18.743	0.000
18.753	0.000
18.763	0.000
18.773	0.000
18.783	0.000
18.793	0.000
18.803	0.000
18.813	0.000
18.823	0.000
18.833	0.000
18.843	0.000
18.853	0.000
18.863	0.000
18.873	0.000
18.883	0.000
18.893	0.000
18.903	0.000
18.913	0.000
18.923	0.000
18.933	0.000
18.943	0.000
18.953	0.000
18.963	0.000
18.973	0.000
18.983	0.000
18.993	0.000
19.003	0.000
19.013	0.000
19.023	0.000
19.033	0.000
19.043	0.000
19.053	0.000
19.063	0.000
19.073	0.000
19.083	0.000
19.093	0.000
19.103	0.000
19.113	0.000
19.123	0.000
19.133	0.000
19.143	0.000
19.153	0.000
19.163	0.000
19.173	0.000
19.183	0.000
19.193	0.000
19.203	0.000
19.213	0.000
19.223	0.000
19.233	0.000
19.243	0.000
19.253	0.000
19.263	0.000
19.273	0.000
19.283	0.000
19.293	0.000
19.303	0.000
19.313	0.000
19.323	0.000
19.333	0.000
19.343	0.000
19.353	0.000
19.363	0.000
19.373	0.000
19.383	0.000
19.393	0.000
19.403	0.000
19.413	0.000
19.423	0.000
19.433	0.000
19.443	0.000
19.453	0.000
19.463	0.000
19.473	0.000
19.483	736.617
19.493	740.961
19.503	739.096
19.513	739.665
19.523	740.822
19.533	742.899
19.543	745.999
19.553	746.891
19.563	749.688
19.573	751.172
19.583	751.016
19.593	750.882
19.603	750.971
19.613	750.497
19.623	750.281
19.633	749.970
19.643	749.755
19.653	749.275
19.663	748.933
19.673	748.333
19.683	747.863
19.693	747.469
19.703	746.434
19.713	744.691
19.723	743.339
19.733	742.885
19.743	742.348
19.753	741.985
19.763	741.777
19.773	741.733
19.783	742.261
19.793	744.460
19.803	746.258
19.813	750.734
19.823	758.355
19.833	768.597
19.843	775.638
19.853	798.230
19.863	801.550
19.873	801.765
19.883	801.412
19.893	801.561
19.903	800.863
19.913	800.905
19.923	800.863
19.933	800.580
19.943	800.377
19.953	799.738
19.963	798.960
19.973	798.254
19.983	797.886
19.993	797.445
20.003	797.096
20.013	797.224
20.023	797.324
20.033	797.956
20.043	798.640
20.053	798.847
20.063	798.912
20.073	798.930
20.083	799.958
20.093	801.659
20.103	804.633
20.113	813.112
20.123	814.685
20.133	822.181
20.143	831.881
20.153	0.000
20.163	0.000
20.173	0.000
20.183	0.000
20.193	661.689
20.203	645.052
20.213	633.681
20.223	631.102
20.233	631.179
20.243	631.296
20.253	631.633
20.263	632.062
20.273	632.000
20.283	632.036
20.293	631.835
20.303	631.506
20.313	631.585
20.323	631.402
20.333	631.568
20.343	631.543
20.353	631.609
20.363	631.488
20.373	631.169
20.383	631.073
20.393	630.638
20.403	630.281
20.413	630.206
20.423	630.114
20.433	630.015
20.443	629.857
20.453	629.660
20.463	629.228
20.473	628.910
20.483	628.587
20.493	628.731
20.503	628.992
20.513	628.791
20.523	628.181
20.533	626.793
20.543	624.422
20.553	616.539
20.563	608.313
20.573	593.292
20.583	593.721
20.593	593.790
20.603	594.378
20.613	594.776
20.623	594.424
20.633	594.827
20.643	594.594
20.653	594.259
20.663	594.514
20.673	594.387
20.683	593.985
20.693	593.741
20.703	593.599
20.713	593.333
20.723	592.822
20.733	592.365
20.743	592.323
20.753	592.012
20.763	591.793
20.773	591.547
20.783	591.027
20.793	590.413
20.803	589.620
20.813	589.286
20.823	588.740
20.833	588.687
20.843	589.482
20.853	589.855
20.863	590.733
20.873	591.619
20.883	592.173
20.893	607.874
20.903	629.551
20.913	636.446
20.923	636.634
20.933	637.394
20.943	637.390
20.953	637.654
20.963	637.523
20.973	637.441
20.983	637.352
20.993	637.416
21.003	637.134
21.013	636.606
21.023	635.864
21.033	635.670
21.043	635.251
21.053	634.863
21.063	635.025
21.073	635.318
21.083	635.434
21.093	635.439
21.103	635.355
21.113	635.582
21.123	637.244
21.133	638.936
21.143	641.538
21.153	642.100
21.163	640.885
21.173	640.950
21.183	640.708
21.193	641.340
21.203	645.031
21.213	646.460
21.223	0.000
21.233	0.000
21.243	0.000
21.253	525.732
21.263	527.606
21.273	527.413
21.283	526.723
21.293	526.933
21.303	527.512
21.313	527.514
21.323	527.772
21.333	527.512
21.343	527.034
21.353	526.781
21.363	526.576
21.373	527.529
21.383	530.864
21.393	533.094
21.403	537.956
21.413	0.000
21.423	0.000
21.433	630.930
21.443	635.672
21.453	637.000
21.463	637.531
21.473	637.587
21.483	638.053
21.493	638.111
21.503	638.018
21.513	637.771
21.523	637.288
21.533	636.929
21.543	635.834
21.553	634.376
21.563	632.485
21.573	631.450
21.583	629.168
21.593	625.756
21.603	621.743
21.613	605.750
21.623	593.174
21.633	592.573
21.643	593.442
21.653	593.105
21.663	593.354
21.673	593.304
21.683	593.136
21.693	592.990
21.703	592.864
21.713	592.920
21.723	592.867
21.733	592.773
21.743	592.734
21.753	592.790
21.763	592.675
21.773	592.437
21.783	592.456
21.793	592.139
21.803	591.860
21.813	591.799
21.823	591.730
21.833	591.760
21.843	591.594
21.853	591.617
21.863	591.582
21.873	591.491
21.883	591.294
21.893	591.179
21.903	590.980
21.913	590.383
21.923	589.561
21.933	589.175
21.943	587.693
21.953	585.727
21.963	584.116
21.973	580.122
21.983	575.031
21.993	538.978
22.003	530.774
22.013	528.673
22.023	528.734
22.033	528.336
22.043	528.875
22.053	528.271
22.063	527.627
22.073	527.400
22.083	526.726
22.093	525.952
22.103	525.572
22.113	525.371
22.123	525.177
22.133	524.923
22.143	524.862
22.153	524.754
22.163	524.451
22.173	524.538
22.183	524.483
22.193	524.580
22.203	524.553
22.213	524.380
22.223	524.409
22.233	524.421
22.243	525.546
22.253	526.179
22.263	527.651
22.273	529.875
22.283	531.554
22.293	525.725
22.303	0.000
22.313	0.000
22.323	0.000
22.333	0.000
22.343	0.000
22.353	0.000
22.363	0.000
22.373	0.000
22.383	0.000
22.393	466.228
22.403	466.867
22.413	469.164
22.423	471.631
22.433	472.389
22.443	474.128
22.453	475.111
22.463	475.492
22.473	475.536
22.483	475.364
22.493	475.016
22.503	474.612
22.513	474.178
22.523	473.859
22.533	473.690
22.543	473.603
22.553	473.071
22.563	472.756
22.573	472.236
22.583	472.065
22.593	471.691
22.603	471.386
22.613	471.307
22.623	471.353
22.633	471.640
22.643	471.788
22.653	471.748
22.663	471.642
22.673	471.420
22.683	470.856
22.693	470.534
22.703	469.840
22.713	469.535
22.723	469.476
22.733	469.478
22.743	469.420
22.753	469.379
22.763	469.390
22.773	469.237
22.783	468.949
22.793	468.990
22.803	469.158
22.813	469.484
22.823	469.744
22.833	469.922
22.843	470.028
22.853	469.943
22.863	469.916
22.873	470.003
22.883	470.097
22.893	470.255
22.903	470.324
22.913	470.372
22.923	470.762
22.933	470.931
22.943	470.821
22.953	470.829
22.963	470.932
22.973	470.876
22.983	470.821
22.993	470.817
23.003	470.802
23.013	470.722
23.023	470.616
23.033	470.726
23.043	470.787
23.053	470.738
23.063	470.797
23.073	470.697
23.083	470.620
23.093	470.418
23.103	470.256
23.113	470.135
23.123	470.225
23.133	470.224
23.143	470.118
23.153	470.037
23.163	470.024
23.173	470.045
23.183	470.202
23.193	470.224
23.203	470.051
23.213	469.732
23.223	469.654
23.233	469.479
23.243	469.294
23.253	469.318
23.263	469.278
23.273	469.332
23.283	469.498
23.293	469.498
23.303	469.520
23.313	469.623
23.323	469.827
23.333	469.789
23.343	469.794
23.353	470.012
23.363	470.891
23.373	471.676
23.383	473.568
23.393	475.283
23.403	476.247
23.413	476.586
23.423	478.366
23.433	479.715
23.443	480.663
23.453	0.000
23.463	0.000
23.473	0.000
23.483	0.000
23.493	0.000
23.503	0.000
23.513	0.000
23.523	0.000
23.533	0.000
23.543	0.000
23.553	0.000
23.563	0.000
23.573	0.000
23.583	0.000
23.593	0.000
23.603	0.000
23.613	0.000
23.623	0.000
23.633	0.000
23.643	0.000
23.653	0.000
23.663	0.000
23.673	0.000
23.683	0.000
23.693	0.000
23.703	0.000
23.713	0.000
23.723	0.000
23.733	0.000
23.743	0.000
23.753	0.000
23.763	0.000
23.773	0.000
23.783	0.000
23.793	0.000
23.803	0.000
23.813	0.000
23.823	0.000
23.833	0.000
23.843	0.000
23.853	0.000
23.863	0.000
23.873	0.000
23.883	0.000
23.893	0.000
23.903	0.000
23.913	0.000
23.923	0.000
23.933	0.000
23.943	0.000
23.953	0.000
23.963	0.000
23.973	0.000
23.983	0.000
23.993	0.000
24.003	0.000
24.013	0.000
24.023	0.000
24.033	0.000
24.043	0.000
24.053	0.000
24.063	0.000
24.073	0.000
24.083	0.000
24.093	0.000
24.103	0.000
24.113	0.000
24.123	0.000
24.133	0.000
24.143	0.000
24.153	0.000
24.163	0.000
24.173	0.000
24.183	0.000
24.193	0.000
24.203	0.000
24.213	0.000
24.223	0.000
24.233	0.000
24.243	0.000
24.253	0.000
24.263	0.000
24.273	0.000
24.283	0.000
24.293	0.000
24.303	0.000
24.313	0.000
24.323	0.000
24.333	0.000
24.343	0.000
24.353	0.000
24.363	0.000
24.373	0.000
24.383	0.000
24.393	0.000
24.403	0.000
24.413	0.000
24.423	0.000
24.433	0.000
24.443	0.000
24.453	0.000
24.463	0.000
24.473	0.000
24.483	0.000
24.493	0.000
24.503	0.000
24.513	0.000
24.523	0.000
24.533	0.000
24.543	0.000
24.553	0.000
24.563	0.000
24.573	0.000
24.583	0.000
24.593	0.000
24.603	0.000
24.613	0.000
24.623	0.000
24.633	0.000
24.643	0.000
24.653	0.000
24.663	0.000
24.673	0.000
24.683	0.000
24.693	0.000
24.703	0.000
24.713	0.000
24.723	0.000
24.733	0.000
24.743	0.000
24.753	0.000
24.763	0.000
24.773	0.000
24.783	0.000
24.793	0.000
24.803	0.000
24.813	0.000
24.823	0.000
24.833	0.000
24.843	0.000
24.853	0.000
24.863	0.000
24.873	0.000
24.883	0.000
24.893	0.000
24.903	0.000
24.913	0.000
24.923	0.000
24.933	0.000
24.943	0.000
24.953	600.176
24.963	582.518
24.973	581.128
24.983	583.353
24.993	584.551
25.003	586.991
25.013	589.172
25.023	590.722
25.033	591.151
25.043	591.767
25.053	592.100
25.063	592.305
25.073	592.901
25.083	593.342
25.093	593.253
25.103	593.069
25.113	592.566
25.123	592.418
25.133	592.476
25.143	592.653
25.153	592.979
25.163	595.625
25.173	594.010
25.183	592.405
25.193	592.914
25.203	593.833
25.213	595.628
25.223	0.000
25.233	0.000
25.243	0.000
25.253	0.000
25.263	0.000
25.273	0.000
25.283	0.000
25.293	515.390
25.303	518.242
25.313	522.079
25.323	522.612
25.333	524.755
25.343	526.095
25.353	526.552
25.363	527.238
25.373	527.366
25.383	527.285
25.393	527.174
25.403	526.806
25.413	526.259
25.423	526.226
25.433	526.551
25.443	526.927
25.453	526.703
25.463	526.654
25.473	526.386
25.483	526.720
25.493	527.385
25.503	528.249
25.513	529.906
25.523	530.649
25.533	530.726
25.543	529.377
25.553	527.430
25.563	530.737
25.573	532.798
25.583	532.900
25.593	0.000
25.603	0.000
25.613	0.000
25.623	0.000
25.633	0.000
25.643	606.328
25.653	599.690
25.663	597.042
25.673	596.908
25.683	597.528
25.693	598.532
25.703	599.013
25.713	599.406
25.723	599.754
25.733	598.990
25.743	598.001
25.753	597.758
25.763	596.888
25.773	596.108
25.783	595.650
25.793	595.489
25.803	595.231
25.813	595.414
25.823	595.424
25.833	595.536
25.843	595.857
25.853	595.908
25.863	595.890
25.873	596.095
25.883	596.925
25.893	597.131
25.903	597.698
25.913	597.722
25.923	595.911
25.933	597.921
25.943	601.432
25.953	605.491
25.963	0.000
25.973	0.000
25.983	0.000
25.993	0.000
26.003	0.000
26.013	459.217
26.023	461.510
26.033	464.995
26.043	467.200
26.053	470.729
26.063	472.702
26.073	472.666
26.083	472.912
26.093	472.522
26.103	471.951
26.113	471.893
26.123	471.666
26.133	471.411
26.143	471.316
26.153	471.283
26.163	471.295
26.173	471.312
26.183	471.349
26.193	471.784
26.203	472.312
26.213	472.648
26.223	472.737
26.233	472.925
26.243	473.187
26.253	473.292
26.263	475.001
26.273	476.887
26.283	477.457
26.293	477.321
26.303	477.421
26.313	479.134
26.323	482.687
26.333	0.000
26.343	0.000
26.353	0.000
26.363	0.000
26.373	530.493
26.383	530.235
26.393	528.418
26.403	528.497
26.413	527.799
26.423	528.452
26.433	528.755
26.443	528.516
26.453	528.245
26.463	527.661
26.473	527.391
26.483	527.085
26.493	527.009
26.503	526.703
26.513	526.432
26.523	526.209
26.533	526.135
26.543	526.034
26.553	526.312
26.563	526.466
26.573	526.929
26.583	527.280
26.593	528.611
26.603	529.825
26.613	530.874
26.623	531.399
26.633	525.817
26.643	533.728
26.653	540.352
26.663	531.152
26.673	0.000
26.683	0.000
26.693	0.000
26.703	0.000
26.713	622.023
26.723	600.626
26.733	599.706
26.743	597.032
26.753	594.482
26.763	595.525
26.773	595.241
26.783	595.511
26.793	596.307
26.803	596.446
26.813	596.786
26.823	597.115
26.833	596.892
26.843	597.018
26.853	596.876
26.863	596.768
26.873	596.888
26.883	596.909
26.893	596.887
26.903	596.826
26.913	596.841
26.923	597.284
26.933	597.762
26.943	597.927
26.953	598.014
26.963	596.435
26.973	596.506
26.983	596.938
26.993	596.813
27.003	597.573
27.013	597.519
27.023	602.699
27.033	0.000
27.043	0.000
27.053	0.000
27.063	701.972
27.073	702.484
27.083	704.165
27.093	706.590
27.103	710.361
27.113	712.405
27.123	712.760
27.133	713.087
27.143	713.401
27.153	713.377
27.163	713.130
27.173	712.967
27.183	712.512
27.193	712.408
27.203	712.004
27.213	711.642
27.223	711.302
27.233	711.120
27.243	710.857
27.253	711.902
27.263	713.082
27.273	714.774
27.283	714.262
27.293	712.912
27.303	720.885
27.313	720.577
27.323	717.958
27.333	722.097
27.343	718.898
27.353	719.724
27.363	0.000
27.373	0.000
27.383	0.000
27.393	0.000
27.403	803.884
27.413	805.382
27.423	802.383
27.433	801.745
27.443	801.490
27.453	801.593
27.463	801.838
27.473	801.691
27.483	801.755
27.493	801.931
27.503	802.426
27.513	802.404
27.523	801.939
27.533	801.068
27.543	800.038
27.553	799.379
27.563	798.386
27.573	798.042
27.583	799.041
27.593	799.746
27.603	801.839
27.613	810.446
27.623	807.248
27.633	803.849
27.643	802.154
27.653	806.105
27.663	802.329
27.673	0.000
27.683	0.000
27.693	0.000
27.703	0.000
27.713	0.000
27.723	0.000
27.733	0.000
27.743	0.000
27.753	668.120
27.763	691.921
27.773	697.602
27.783	700.184
27.793	705.314
27.803	710.482
27.813	712.238
27.823	713.315
27.833	713.850
27.843	714.031
27.853	714.305
27.863	714.564
27.873	714.144
27.883	713.846
27.893	712.420
27.903	710.991
27.913	710.522
27.923	711.282
27.933	713.918
27.943	714.939
27.953	714.635
27.963	715.405
27.973	715.488
27.983	717.595
27.993	718.491
28.003	716.211
28.013	717.435
28.023	717.005
28.033	0.000
28.043	0.000
28.053	0.000
28.063	0.000
28.073	0.000
28.083	0.000
28.093	0.000
28.103	0.000
28.113	697.901
28.123	698.030
28.133	700.902
28.143	703.754
28.153	709.341
28.163	713.679
28.173	714.612
28.183	715.161
28.193	715.325
28.203	715.092
28.213	714.369
28.223	713.398
28.233	712.579
28.243	712.166
28.253	711.387
28.263	709.904
28.273	709.072
28.283	707.191
28.293	705.456
28.303	704.313
28.313	703.999
28.323	703.238
28.333	702.626
28.343	702.703
28.353	702.759
28.363	702.878
28.373	703.249
28.383	703.329
28.393	703.850
28.403	704.609
28.413	705.682
28.423	706.384
28.433	708.861
28.443	711.798
28.453	713.580
28.463	715.292
28.473	716.197
28.483	716.416
28.493	716.081
28.503	715.398
28.513	714.055
28.523	711.661
28.533	710.300
28.543	707.130
28.553	704.416
28.563	703.542
28.573	702.485
28.583	704.364
28.593	707.409
28.603	707.275
28.613	702.722
28.623	704.740
28.633	705.964
28.643	714.882
28.653	717.829
28.663	714.528
28.673	718.500
28.683	724.157
28.693	700.898
28.703	701.565
28.713	700.511
28.723	699.009
28.733	696.882
28.743	695.957
28.753	692.051
28.763	677.490
28.773	0.000
28.783	689.636
28.793	698.932
28.803	702.018
28.813	703.429
28.823	697.784
28.833	693.214
28.843	692.040
28.853	689.720
28.863	704.530
28.873	708.447
28.883	710.153
28.893	708.240
28.903	708.952
28.913	709.543
28.923	709.771
28.933	710.624
28.943	710.670
28.953	710.232
28.963	710.321
28.973	711.302
28.983	713.582
28.993	712.404
29.003	710.299
29.013	710.619
29.023	713.422
29.033	714.666
29.043	719.407
29.053	719.153
29.063	721.081
29.073	716.435
29.083	717.326
29.093	0.000
29.103	0.000
29.113	0.000
29.123	0.000
29.133	0.000
29.143	0.000
29.153	0.000
29.163	0.000
29.173	0.000
29.183	0.000
29.193	0.000
29.203	695.403
29.213	698.828
29.223	700.994
29.233	703.907
29.243	708.441
29.253	710.675
29.263	712.742
29.273	713.955
29.283	714.190
29.293	714.536
29.303	714.806
29.313	714.421
29.323	714.329
29.333	713.861
29.343	713.201
29.353	712.560
29.363	712.363
29.373	712.060
29.383	711.321
29.393	710.783
29.403	710.142
29.413	709.688
29.423	709.004
29.433	708.816
29.443	708.303
29.453	707.582
29.463	706.868
29.473	706.246
29.483	705.449
29.493	705.259
29.503	705.148
29.513	705.787
29.523	707.012
29.533	707.898
29.543	708.746
29.553	710.014
29.563	711.380
29.573	711.803
29.583	712.398
29.593	713.131
29.603	713.451
29.613	713.484
29.623	713.211
29.633	712.517
29.643	711.957
29.653	710.872
29.663	709.157
29.673	707.721
29.683	707.062
29.693	705.799
29.703	705.183
29.713	705.122
29.723	705.310
29.733	707.151
29.743	711.290
29.753	713.372
29.763	712.835
29.773	705.449
29.783	711.502
29.793	716.007
29.803	717.535
29.813	720.648
29.823	718.361
29.833	719.684
29.843	716.077
29.853	0.000
29.863	713.306
29.873	697.223
29.883	693.902
29.893	694.274
29.903	693.793
29.913	691.596
29.923	689.731
29.933	686.694
29.943	0.000
29.953	697.354
29.963	708.294
29.973	708.419
29.983	712.497
29.993	713.219
30.003	711.242
30.013	703.596
30.023	691.693
30.033	711.568
30.043	711.105
30.053	713.879
30.063	714.813
30.073	714.883
30.083	713.994
30.093	714.550
30.103	714.903
30.113	714.849
30.123	715.224
30.133	716.366
30.143	716.786
30.153	716.180
30.163	712.661
30.173	716.204
30.183	719.162
30.193	719.480
30.203	719.176
30.213	721.727
30.223	723.690
30.233	0.000
30.243	0.000
30.253	0.000
30.263	0.000
30.273	0.000
30.283	0.000
30.293	0.000
30.303	0.000
30.313	0.000
30.323	0.000
30.333	0.000
30.343	0.000
30.353	0.000
30.363	0.000
30.373	0.000
30.383	0.000
30.393	702.199
30.403	692.065
30.413	698.986
30.423	705.113
30.433	710.687
30.443	712.225
30.453	715.007
30.463	715.096
30.473	714.919
30.483	714.182
30.493	713.123
30.503	712.167
30.513	711.257
30.523	710.817
30.533	709.913
30.543	709.002
30.553	708.961
30.563	709.673
30.573	711.930
30.583	712.063
30.593	710.739
30.603	705.440
30.613	709.356
30.623	716.332
30.633	717.309
30.643	722.438
30.653	723.691
30.663	0.000
30.673	0.000
30.683	0.000
30.693	0.000
30.703	0.000
30.713	0.000
30.723	0.000
30.733	0.000
30.743	771.392
30.753	787.543
30.763	789.335
30.773	792.804
30.783	797.242
30.793	800.057
30.803	800.646
30.813	801.057
30.823	801.221
30.833	800.867
30.843	800.073
30.853	798.768
30.863	798.102
30.873	798.221
30.883	798.320
30.893	798.067
30.903	799.063
30.913	800.378
30.923	802.764
30.933	804.940
30.943	810.373
30.953	813.624
30.963	813.070
30.973	813.107
30.983	808.334
30.993	819.171
31.003	0.000
31.013	0.000
31.023	0.000
31.033	0.000
31.043	0.000
31.053	0.000
31.063	647.378
31.073	645.901
31.083	640.803
31.093	639.651
31.103	637.456
31.113	638.461
31.123	638.184
31.133	638.111
31.143	637.961
31.153	637.548
31.163	637.260
31.173	636.517
31.183	635.768
31.193	635.358
31.203	634.964
31.213	634.742
31.223	634.563
31.233	634.674
31.243	635.884
31.253	637.936
31.263	639.136
31.273	639.352
31.283	637.116
31.293	635.479
31.303	636.107
31.313	637.418
31.323	639.653
31.333	644.337
31.343	651.048
31.353	0.000
31.363	0.000
31.373	0.000
31.383	0.000
31.393	0.000
31.403	0.000
31.413	0.000
31.423	0.000
31.433	0.000
31.443	585.058
31.453	588.952
31.463	591.002
31.473	592.967
31.483	593.962
31.493	595.791
31.503	596.505
31.513	596.963
31.523	597.103
31.533	596.600
31.543	596.293
31.553	596.041
31.563	595.884
31.573	595.724
31.583	595.385
31.593	595.255
31.603	595.067
31.613	594.728
31.623	594.199
31.633	593.992
31.643	594.079
31.653	594.725
31.663	594.896
31.673	594.789
31.683	597.570
31.693	592.018
31.703	595.239
31.713	598.190
31.723	0.000
31.733	0.000
31.743	0.000
31.753	0.000
31.763	0.000
31.773	0.000
31.783	0.000
31.793	629.059
31.803	633.297
31.813	632.004
31.823	634.309
31.833	635.652
31.843	635.480
31.853	636.279
31.863	636.424
31.873	636.456
31.883	636.331
31.893	635.952
31.903	635.635
31.913	634.852
31.923	634.478
31.933	633.748
31.943	633.455
31.953	633.162
31.963	632.642
31.973	632.864
31.983	634.303
31.993	634.684
32.003	634.104
32.013	632.479
32.023	632.028
32.033	634.399
32.043	638.449
32.053	640.205
32.063	639.562
32.073	641.526
32.083	0.000
32.093	0.000
32.103	0.000
32.113	0.000
32.123	0.000
32.133	0.000
32.143	522.052
32.153	527.586
32.163	529.732
32.173	528.966
32.183	529.488
32.193	530.389
32.203	530.720
32.213	530.976
32.223	531.030
32.233	530.905
32.243	530.687
32.253	530.072
32.263	529.451
32.273	529.287
32.283	529.218
32.293	529.356
32.303	529.180
32.313	529.398
32.323	529.088
32.333	529.472
32.343	530.045
32.353	530.254
32.363	529.430
32.373	525.977
32.383	524.409
32.393	525.516
32.403	526.923
32.413	0.000
32.423	0.000
32.433	0.000
32.443	0.000
32.453	0.000
32.463	0.000
32.473	0.000
32.483	0.000
32.493	0.000
32.503	591.272
32.513	587.706
32.523	590.245
32.533	590.476
32.543	591.928
32.553	593.478
32.563	593.246
32.573	594.304
32.583	594.467
32.593	595.269
32.603	595.572
32.613	596.785
32.623	592.917
32.633	595.096
32.643	595.374
32.653	623.824
32.663	647.517
32.673	636.400
32.683	633.401
32.693	632.052
32.703	631.832
32.713	631.829
32.723	632.118
32.733	632.598
32.743	632.667
32.753	633.674
32.763	634.310
32.773	634.640
32.783	635.311
32.793	633.562
32.803	625.808
32.813	629.598
32.823	657.567
32.833	711.301
32.843	712.212
32.853	713.109
32.863	714.574
32.873	715.504
32.883	716.252
32.893	716.324
32.903	717.176
32.913	717.478
32.923	717.717
32.933	717.914
32.943	717.919
32.953	716.787
32.963	716.087
32.973	712.527
32.983	716.539
32.993	718.347
33.003	720.845
33.013	719.428
33.023	719.301
33.033	719.534
33.043	0.000
33.053	0.000
33.063	0.000
33.073	0.000
33.083	0.000
33.093	0.000
33.103	0.000
33.113	0.000
33.123	0.000
33.133	0.000
33.143	0.000
33.153	0.000
33.163	0.000
33.173	0.000
33.183	0.000
33.193	0.000
33.203	542.597
33.213	533.005
33.223	533.070
33.233	532.630
33.243	532.373
33.253	533.007
33.263	533.136
33.273	532.593
33.283	532.146
33.293	531.904
33.303	531.710
33.313	531.433
33.323	531.258
33.333	530.616
33.343	530.523
33.353	531.381
33.363	531.311
33.373	531.525
33.383	530.435
33.393	528.768
33.403	531.992
33.413	532.058
33.423	0.000
33.433	0.000
33.443	0.000
33.453	0.000
33.463	0.000
33.473	0.000
33.483	0.000
33.493	0.000
33.503	0.000
33.513	0.000
33.523	0.000
33.533	528.282
33.543	530.762
33.553	529.844
33.563	530.376
33.573	531.327
33.583	532.977
33.593	534.482
33.603	535.136
33.613	535.339
33.623	535.064
33.633	534.206
33.643	532.841
33.653	532.234
33.663	530.979
33.673	530.298
33.683	530.125
33.693	529.624
33.703	529.299
33.713	528.997
33.723	528.515
33.733	527.966
33.743	527.581
33.753	527.479
33.763	527.410
33.773	527.353
33.783	527.243
33.793	527.189
33.803	527.178
33.813	527.187
33.823	527.353
33.833	527.263
33.843	527.741
33.853	528.418
33.863	528.892
33.873	529.630
33.883	530.272
33.893	530.707
33.903	530.829
33.913	530.747
33.923	530.271
33.933	529.730
33.943	527.912
33.953	525.531
33.963	523.190
33.973	522.124
33.983	523.612
33.993	526.906
34.003	528.976
34.013	530.016
34.023	530.413
34.033	527.955
34.043	528.428
34.053	530.960
34.063	529.445
34.073	529.250
34.083	528.349
34.093	0.000
34.103	522.349
34.113	519.843
34.123	519.629
34.133	517.090
34.143	513.912
34.153	512.368
34.163	519.633
34.173	525.778
34.183	525.987
34.193	525.949
34.203	527.167
34.213	525.776
34.223	524.271
34.233	519.328
34.243	519.575
34.253	536.689
34.263	537.563
34.273	532.367
34.283	529.602
34.293	526.845
34.303	525.638
34.313	525.160
34.323	525.611
34.333	525.810
34.343	526.953
34.353	528.943
34.363	530.510
34.373	530.572
34.383	527.842
34.393	527.052
34.403	527.765
34.413	527.717
34.423	0.000
34.433	0.000
34.443	0.000
34.453	0.000
34.463	0.000
34.473	0.000
34.483	0.000
34.493	0.000
34.503	0.000
34.513	0.000
34.523	0.000
34.533	0.000
34.543	0.000
34.553	0.000
34.563	0.000
34.573	0.000
34.583	0.000
34.593	0.000
34.603	0.000
34.613	0.000
34.623	0.000
34.633	531.142
34.643	531.272
34.653	530.352
34.663	529.977
34.673	531.082
34.683	532.027
34.693	532.227
34.703	532.547
34.713	532.140
34.723	531.380
34.733	530.967
34.743	530.060
34.753	529.126
34.763	528.720
34.773	528.360
34.783	528.405
34.793	528.732
34.803	528.993
34.813	529.298
34.823	529.161
34.833	528.728
34.843	528.426
34.853	528.083
34.863	528.161
34.873	528.126
34.883	528.283
34.893	528.242
34.903	528.144
34.913	527.903
34.923	527.576
34.933	527.032
34.943	526.794
34.953	526.502
34.963	526.214
34.973	526.096
34.983	526.025
34.993	525.904
35.003	525.914
35.013	526.028
35.023	526.406
35.033	527.096
35.043	527.743
35.053	528.118
35.063	528.755
35.073	529.750
35.083	530.123
35.093	530.302
35.103	530.177
35.113	529.576
35.123	529.031
35.133	527.804
35.143	526.395
35.153	525.347
35.163	525.191
35.173	526.896
35.183	529.622
35.193	531.280
35.203	532.434
35.213	530.960
35.223	525.617
35.233	529.357
35.243	531.867
35.253	531.754
35.263	0.000
35.273	0.000
35.283	0.000
35.293	530.166
35.303	528.889
35.313	529.394
35.323	527.837
35.333	525.319
35.343	523.654
35.353	522.137
35.363	525.285
35.373	531.269
35.383	530.650
35.393	528.149
35.403	527.704
35.413	527.881
35.423	529.086
35.433	529.826
35.443	528.249
35.453	527.147
35.463	522.621
35.473	530.581
35.483	530.541
35.493	529.470
35.503	529.092
35.513	529.094
35.523	529.368
35.533	530.069
35.543	530.697
35.553	531.960
35.563	532.690
35.573	531.807
35.583	530.867
35.593	529.953
35.603	532.022
35.613	533.838
35.623	0.000
35.633	0.000
35.643	0.000
35.653	0.000
35.663	0.000
35.673	0.000
35.683	0.000
35.693	0.000
35.703	0.000
35.713	0.000
35.723	0.000
35.733	0.000
35.743	0.000
35.753	0.000
35.763	0.000
35.773	0.000
35.783	0.000
35.793	0.000
35.803	0.000
35.813	0.000
35.823	0.000
35.833	591.388
35.843	589.012
35.853	588.246
35.863	591.830
35.873	597.228
35.883	598.252
35.893	599.597
35.903	599.517
35.913	599.018
35.923	598.465
35.933	597.693
35.943	597.263
35.953	596.858
35.963	596.518
35.973	595.924
35.983	595.170
35.993	595.096
36.003	594.137
36.013	593.429
36.023	593.685
36.033	594.455
36.043	597.087
36.053	596.504
36.063	596.872
36.073	595.680
36.083	597.913
36.093	0.000
36.103	0.000
36.113	0.000
36.123	0.000
36.133	0.000
36.143	0.000
36.153	0.000
36.163	0.000
36.173	0.000
36.183	0.000
36.193	0.000
36.203	532.603
36.213	531.696
36.223	529.571
36.233	529.343
36.243	529.611
36.253	530.434
36.263	530.350
36.273	530.056
36.283	529.884
36.293	529.890
36.303	530.137
36.313	530.232
36.323	530.358
36.333	530.503
36.343	530.334
36.353	530.300
36.363	530.405
36.373	530.579
36.383	530.764
36.393	530.996
36.403	531.446
36.413	532.219
36.423	532.522
36.433	532.488
36.443	531.195
36.453	528.420
36.463	529.882
36.473	531.364
36.483	533.115
36.493	0.000
36.503	0.000
36.513	0.000
36.523	0.000
36.533	0.000
36.543	0.000
36.553	0.000
36.563	0.000
36.573	0.000
36.583	586.006
36.593	586.238
36.603	587.642
36.613	589.998
36.623	591.688
36.633	594.366
36.643	594.416
36.653	595.034
36.663	595.852
36.673	595.324
36.683	595.549
36.693	595.245
36.703	594.578
36.713	594.633
36.723	593.961
36.733	593.665
36.743	593.235
36.753	593.080
36.763	592.819
36.773	593.357
36.783	593.818
36.793	595.895
36.803	597.526
36.813	598.070
36.823	597.068
36.833	600.120
36.843	601.937
36.853	0.000
36.863	0.000
36.873	0.000
36.883	0.000
36.893	0.000
36.903	0.000
36.913	0.000
36.923	0.000
36.933	0.000
36.943	0.000
36.953	464.860
36.963	465.620
36.973	467.904
36.983	469.558
36.993	470.863
37.003	471.712
37.013	472.619
37.023	473.478
37.033	474.162
37.043	474.342
37.053	474.736
37.063	475.047
37.073	475.243
37.083	475.787
37.093	476.009
37.103	475.857
37.113	475.888
37.123	475.396
37.133	475.509
37.143	475.701
37.153	475.973
37.163	477.096
37.173	478.481
37.183	478.251
37.193	478.725
37.203	479.080
37.213	479.704
37.223	481.259
37.233	0.000
37.243	0.000
37.253	0.000
37.263	0.000
37.273	0.000
37.283	0.000
37.293	541.577
37.303	533.924
37.313	531.888
37.323	531.608
37.333	531.687
37.343	532.036
37.353	532.146
37.363	532.202
37.373	531.393
37.383	530.787
37.393	530.767
37.403	530.769
37.413	530.723
37.423	530.578
37.433	530.773
37.443	530.776
37.453	530.851
37.463	530.781
37.473	531.077
37.483	531.238
37.493	531.251
37.503	531.371
37.513	532.012
37.523	531.419
37.533	529.815
37.543	532.971
37.553	531.475
37.563	534.460
37.573	0.000
37.583	0.000
37.593	0.000
37.603	0.000
37.613	0.000
37.623	0.000
37.633	590.669
37.643	596.669
37.653	594.675
37.663	596.622
37.673	596.661
37.683	595.814
37.693	596.456
37.703	596.409
37.713	596.867
37.723	596.766
37.733	596.813
37.743	596.779
37.753	596.962
37.763	596.913
37.773	596.949
37.783	596.670
37.793	596.710
37.803	596.767
37.813	597.373
37.823	597.688
37.833	597.019
37.843	598.001
37.853	595.412
37.863	595.458
37.873	599.462
37.883	600.268
37.893	598.858
37.903	0.000
37.913	0.000
37.923	0.000
37.933	0.000
37.943	0.000
37.953	0.000
37.963	695.944
37.973	693.373
37.983	697.846
37.993	701.646
38.003	705.671
38.013	707.284
38.023	710.161
38.033	711.295
38.043	711.380
38.053	711.297
38.063	710.522
38.073	709.730
38.083	709.617
38.093	708.639
38.103	707.786
38.113	707.238
38.123	707.063
38.133	706.701
38.143	707.482
38.153	709.039
38.163	713.275
38.173	714.443
38.183	711.952
38.193	709.950
38.203	713.355
38.213	718.306
38.223	721.295
38.233	723.059
38.243	722.571
38.253	0.000
38.263	0.000
38.273	0.000
38.283	0.000
38.293	0.000
38.303	0.000
38.313	0.000
38.323	844.789
38.333	837.697
38.343	813.465
38.353	807.795
38.363	805.782
38.373	805.650
38.383	805.193
38.393	804.764
38.403	803.116
38.413	801.743
38.423	799.191
38.433	797.728
38.443	797.543
38.453	797.715
38.463	798.716
38.473	799.977
38.483	800.541
38.493	802.702
38.503	805.105
38.513	805.292
38.523	806.594
38.533	814.365
38.543	811.780
38.553	809.502
38.563	808.081
38.573	807.315
38.583	807.995
38.593	799.571
38.603	0.000
38.613	0.000
38.623	0.000
38.633	0.000
38.643	0.000
38.653	0.000
38.663	748.566
38.673	749.861
38.683	749.932
38.693	749.333
38.703	752.176
38.713	755.143
38.723	756.152
38.733	756.714
38.743	756.241
38.753	754.803
38.763	753.917
38.773	753.347
38.783	752.267
38.793	751.258
38.803	751.000
38.813	751.414
38.823	752.566
38.833	752.952
38.843	752.469
38.853	750.003
38.863	751.315
38.873	750.240
38.883	752.444
38.893	748.987
38.903	748.889
38.913	750.452
38.923	0.000
38.933	0.000
38.943	0.000
38.953	0.000
38.963	0.000
38.973	0.000
38.983	0.000
38.993	0.000
39.003	588.389
39.013	583.180
39.023	584.211
39.033	588.096
39.043	593.513
39.053	594.566
39.063	596.888
39.073	597.976
39.083	599.252
39.093	599.942
39.103	600.292
39.113	600.157
39.123	599.828
39.133	599.676
39.143	598.633
39.153	597.799
39.163	597.656
39.173	596.958
39.183	596.823
39.193	596.771
39.203	596.348
39.213	595.635
39.223	594.721
39.233	594.459
39.243	593.744
39.253	592.715
39.263	592.258
39.273	592.156
39.283	592.128
39.293	592.540
39.303	593.020
39.313	593.351
39.323	594.512
39.333	595.640
39.343	596.146
39.353	596.934
39.363	597.369
39.373	597.369
39.383	597.205
39.393	596.544
39.403	595.723
39.413	594.630
39.423	593.969
39.433	593.005
39.443	592.262
39.453	591.896
39.463	591.866
39.473	592.861
39.483	594.451
39.493	595.801
39.503	597.180
39.513	598.895
39.523	593.575
39.533	596.237
39.543	597.458
39.553	597.637
39.563	596.682
39.573	0.000
39.583	674.329
39.593	653.895
39.603	632.462
39.613	596.391
39.623	591.106
39.633	588.822
39.643	586.318
39.653	581.791
39.663	583.026
39.673	588.557
39.683	592.617
39.693	590.003
39.703	589.773
39.713	589.582
39.723	586.221
39.733	582.382
39.743	580.793
39.753	587.875
39.763	605.054
39.773	592.971
39.783	590.650
39.793	589.467
39.803	590.627
39.813	591.031
39.823	592.233
39.833	593.790
39.843	593.837
39.853	597.017
39.863	595.131
39.873	592.677
39.883	591.427
39.893	594.249
39.903	0.000
39.913	0.000
39.923	0.000
39.933	0.000
39.943	0.000
39.953	0.000
39.963	0.000
39.973	0.000
39.983	0.000
39.993	0.000
40.003	0.000
40.013	0.000
40.023	0.000
40.033	0.000
40.043	0.000
40.053	0.000
40.063	0.000
40.073	0.000
40.083	0.000
40.093	0.000
40.103	0.000
40.113	579.151
40.123	584.178
40.133	586.970
40.143	587.418
40.153	591.140
40.163	592.659
40.173	594.106
40.183	594.681
40.193	594.692
40.203	594.730
40.213	594.782
40.223	594.288
40.233	593.944
40.243	593.486
40.253	593.214
40.263	592.933
40.273	591.787
40.283	591.398
40.293	590.291
40.303	589.379
40.313	588.886
40.323	588.616
40.333	588.166
40.343	587.932
40.353	587.886
40.363	588.294
40.373	589.359
40.383	590.266
40.393	590.533
40.403	590.849
40.413	591.189
40.423	591.369
40.433	591.745
40.443	591.953
40.453	592.120
40.463	592.376
40.473	592.730
40.483	593.111
40.493	593.744
40.503	594.212
40.513	595.296
40.523	596.156
40.533	596.337
40.543	596.330
40.553	595.306
40.563	593.844
40.573	592.719
40.583	591.715
40.593	591.352
40.603	591.126
40.613	591.099
40.623	591.339
40.633	591.897
40.643	592.975
40.653	596.257
40.663	598.450
40.673	598.006
40.683	596.507
40.693	598.490
40.703	598.569
40.713	603.034
40.723	601.386
40.733	0.000
40.743	0.000
40.753	0.000
40.763	0.000
40.773	586.526
40.783	581.896
40.793	581.201
40.803	582.037
40.813	581.238
40.823	580.338
40.833	579.226
40.843	581.654
40.853	588.471
40.863	620.257
40.873	610.686
40.883	600.979
40.893	598.883
40.903	595.567
40.913	594.602
40.923	589.118
40.933	586.827
40.943	585.143
40.953	595.121
40.963	594.117
40.973	592.907
40.983	592.463
40.993	592.037
41.003	591.908
41.013	591.732
41.023	591.538
41.033	591.333
41.043	591.095
41.053	591.724
41.063	593.601
41.073	594.664
41.083	596.514
41.093	596.315
41.103	594.455
41.113	596.460
41.123	594.037
41.133	596.336
41.143	594.899
41.153	597.296
41.163	0.000
41.173	0.000
41.183	0.000
41.193	0.000
41.203	0.000
41.213	0.000
41.223	0.000
41.233	0.000
41.243	0.000
41.253	0.000
41.263	0.000
41.273	0.000
41.283	0.000
41.293	684.056
41.303	680.410
41.313	670.793
41.323	666.050
41.333	666.695
41.343	666.102
41.353	667.810
41.363	668.348
41.373	668.936
41.383	668.960
41.393	668.670
41.403	669.143
41.413	669.104
41.423	669.620
41.433	669.912
41.443	671.086
41.453	672.801
41.463	676.509
41.473	680.623
41.483	697.983
41.493	708.209
41.503	699.476
41.513	698.944
41.523	682.897
41.533	685.019
41.543	691.559
41.553	689.832
41.563	0.000
41.573	0.000
41.583	0.000
41.593	0.000
41.603	0.000
41.613	0.000
41.623	814.174
41.633	803.159
41.643	800.829
41.653	801.345
41.663	802.053
41.673	801.508
41.683	800.829
41.693	800.517
41.703	799.271
41.713	797.911
41.723	797.053
41.733	795.433
41.743	793.650
41.753	792.954
41.763	793.085
41.773	793.908
41.783	795.078
41.793	796.042
41.803	798.879
41.813	801.500
41.823	804.796
41.833	809.120
41.843	813.023
41.853	810.132
41.863	809.070
41.873	805.871
41.883	806.441
41.893	0.000
41.903	0.000
41.913	0.000
41.923	0.000
41.933	0.000
41.943	0.000
41.953	0.000
41.963	0.000
41.973	626.297
41.983	647.073
41.993	633.523
42.003	628.162
42.013	628.700
42.023	630.028
42.033	633.317
42.043	634.973
42.053	635.386
42.063	634.728
42.073	634.429
42.083	634.398
42.093	634.018
42.103	633.377
42.113	632.948
42.123	632.531
42.133	632.392
42.143	632.460
42.153	633.062
42.163	633.550
42.173	635.073
42.183	636.522
42.193	637.094
42.203	637.778
42.213	637.583
42.223	635.937
42.233	636.307
42.243	637.238
42.253	639.109
42.263	642.242
42.273	643.488
42.283	0.000
42.293	0.000
42.303	0.000
42.313	0.000
42.323	0.000
42.333	0.000
42.343	0.000
42.353	0.000
42.363	584.889
42.373	585.840
42.383	586.735
42.393	589.485
42.403	592.253
42.413	593.077
42.423	594.747
42.433	594.607
42.443	595.067
42.453	595.116
42.463	594.611
42.473	594.544
42.483	594.731
42.493	594.463
42.503	594.521
42.513	594.416
42.523	594.021
42.533	593.643
42.543	593.500
42.553	593.532
42.563	594.425
42.573	596.872
42.583	598.432
42.593	599.716
42.603	600.825
42.613	597.050
42.623	601.069
42.633	597.040
42.643	600.040
42.653	0.000
42.663	0.000
42.673	0.000
42.683	0.000
42.693	0.000
42.703	0.000
42.713	0.000
42.723	625.775
42.733	625.642
42.743	627.519
42.753	629.672
42.763	631.942
42.773	632.649
42.783	633.360
42.793	633.584
42.803	633.897
42.813	634.757
42.823	635.548
42.833	636.191
42.843	636.092
42.853	636.240
42.863	635.973
42.873	635.721
42.883	635.641
42.893	635.641
42.903	635.671
42.913	635.864
42.923	637.114
42.933	639.439
42.943	642.100
42.953	642.881
42.963	636.578
42.973	637.033
42.983	636.818
42.993	638.034
43.003	641.406
43.013	642.150
43.023	644.527
43.033	0.000
43.043	0.000
43.053	0.000
43.063	0.000
43.073	0.000
43.083	793.432
43.093	790.565
43.103	790.016
43.113	790.291
43.123	792.516
43.133	793.753
43.143	793.665
43.153	792.688
43.163	792.195
43.173	792.163
43.183	792.020
43.193	792.547
43.203	793.118
43.213	794.086
43.223	795.737
43.233	797.072
43.243	797.332
43.253	799.273
43.263	802.149
43.273	804.690
43.283	808.056
43.293	810.767
43.303	809.524
43.313	812.511
43.323	808.536
43.333	803.276
43.343	808.052
43.353	0.000
43.363	0.000
43.373	0.000
43.383	0.000
43.393	0.000
43.403	0.000
43.413	625.322
43.423	594.973
43.433	589.003
43.443	587.870
43.453	588.552
43.463	590.650
43.473	591.221
43.483	591.157
43.493	590.802
43.503	590.259
43.513	590.366
43.523	590.677
43.533	590.602
43.543	590.830
43.553	590.801
43.563	590.549
43.573	590.773
43.583	591.036
43.593	590.960
43.603	590.995
43.613	591.670
43.623	593.866
43.633	594.577
43.643	597.771
43.653	597.410
43.663	594.343
43.673	594.564
43.683	596.294
43.693	598.128
43.703	0.000
43.713	0.000
43.723	0.000
43.733	0.000
43.743	0.000
43.753	0.000
43.763	693.828
43.773	699.906
43.783	701.782
43.793	708.093
43.803	713.478
43.813	714.479
43.823	715.798
43.833	715.844
43.843	715.449
43.853	715.118
43.863	714.133
43.873	712.996
43.883	711.895
43.893	711.184
43.903	710.448
43.913	709.104
43.923	708.448
43.933	706.487
43.943	706.532
43.953	708.613
43.963	708.616
43.973	703.833
43.983	705.388
43.993	708.365
44.003	715.170
44.013	718.186
44.023	720.111
44.033	0.000
44.043	0.000
44.053	0.000
44.063	0.000
44.073	0.000
44.083	0.000
44.093	0.000
44.103	0.000
44.113	0.000
44.123	0.000
44.133	0.000
44.143	0.000
44.153	0.000
44.163	0.000
44.173	596.545
44.183	591.688
44.193	589.354
44.203	591.194
44.213	591.857
44.223	595.321
44.233	597.096
44.243	597.472
44.253	597.702
44.263	597.748
44.273	597.178
44.283	596.833
44.293	596.729
44.303	596.399
44.313	595.861
44.323	595.871
44.333	595.857
44.343	596.712
44.353	596.371
44.363	595.331
44.373	595.476
44.383	598.107
44.393	598.861
44.403	600.070
44.413	0.000
44.423	0.000
44.433	0.000
44.443	0.000
44.453	0.000
44.463	0.000
44.473	0.000
44.483	0.000
44.493	0.000
44.503	0.000
44.513	0.000
44.523	0.000
44.533	0.000
44.543	0.000
44.553	654.151
44.563	612.365
44.573	601.788
44.583	596.273
44.593	597.731
44.603	598.587
44.613	599.280
44.623	599.727
44.633	600.209
44.643	599.876
44.653	599.132
44.663	597.904
44.673	596.301
44.683	595.674
44.693	594.644
44.703	594.209
44.713	593.504
44.723	593.039
44.733	592.179
44.743	591.639
44.753	591.495
44.763	591.365
44.773	591.081
44.783	590.767
44.793	590.757
44.803	590.384
44.813	590.263
44.823	590.337
44.833	590.793
44.843	591.726
44.853	592.990
44.863	593.572
44.873	594.588
44.883	595.973
44.893	596.788
44.903	596.985
44.913	596.655
44.923	596.166
44.933	595.624
44.943	594.484
44.953	593.370
44.963	592.189
44.973	591.380
44.983	589.966
44.993	588.553
45.003	588.166
45.013	588.471
45.023	591.491
45.033	595.194
45.043	596.525
45.053	596.280
45.063	593.552
45.073	596.514
45.083	595.438
45.093	597.024
45.103	599.043
45.113	603.281
45.123	668.427
45.133	630.425
45.143	585.053
45.153	588.410
45.163	586.991
45.173	583.769
45.183	582.338
45.193	579.354
45.203	582.528
45.213	571.912
45.223	580.773
45.233	586.355
45.243	589.081
45.253	587.796
45.263	585.872
45.273	581.595
45.283	579.534
45.293	591.758
45.303	595.690
45.313	591.304
45.323	590.642
45.333	591.666
45.343	591.835
45.353	591.740
45.363	591.814
45.373	593.039
45.383	596.047
45.393	597.689
45.403	599.276
45.413	598.600
45.423	600.471
45.433	601.200
45.443	601.363
45.453	600.056
45.463	0.000
45.473	0.000
45.483	0.000
45.493	0.000
45.503	0.000
45.513	0.000
45.523	0.000
45.533	0.000
45.543	0.000
45.553	0.000
45.563	0.000
45.573	0.000
45.583	0.000
45.593	0.000
45.603	0.000
45.613	0.000
45.623	0.000
45.633	0.000
45.643	0.000
45.653	0.000
45.663	625.888
45.673	599.477
45.683	596.671
45.693	597.972
45.703	599.954
45.713	600.157
45.723	600.527
45.733	600.283
45.743	599.847
45.753	599.321
45.763	598.901
45.773	598.609
45.783	597.824
45.793	596.939
45.803	596.833
45.813	596.305
45.823	595.925
45.833	595.688
45.843	595.121
45.853	594.632
45.863	594.480
45.873	594.345
45.883	593.916
45.893	593.624
45.903	593.239
45.913	592.905
45.923	592.629
45.933	592.389
45.943	592.638
45.953	592.773
45.963	592.737
45.973	592.689
45.983	592.787
45.993	592.967
46.003	593.254
46.013	593.476
46.023	593.932
46.033	594.440
46.043	594.824
46.053	595.026
46.063	595.315
46.073	595.777
46.083	596.029
46.093	596.107
46.103	595.906
46.113	595.129
46.123	594.707
46.133	593.952
46.143	593.252
46.153	592.858
46.163	592.415
46.173	592.277
46.183	593.087
46.193	594.173
46.203	597.270
46.213	598.229
46.223	596.735
46.233	598.534
46.243	598.289
46.253	601.217
46.263	603.390
46.273	607.078
46.283	0.000
46.293	0.000
46.303	0.000
46.313	597.599
46.323	590.344
46.333	587.541
46.343	586.407
46.353	583.450
46.363	579.931
46.373	580.342
46.383	590.383
46.393	594.659
46.403	592.130
46.413	591.769
46.423	592.163
46.433	590.944
46.443	586.888
46.453	585.334
46.463	581.567
46.473	596.997
46.483	595.532
46.493	595.489
46.503	594.965
46.513	594.348
46.523	594.835
46.533	594.484
46.543	594.428
46.553	595.171
46.563	596.284
46.573	598.540
46.583	599.853
46.593	597.136
46.603	599.309
46.613	599.489
46.623	599.579
46.633	602.097
46.643	0.000
46.653	0.000
46.663	0.000
46.673	0.000
46.683	0.000
46.693	0.000
46.703	0.000
46.713	0.000
46.723	0.000
46.733	0.000
46.743	0.000
46.753	0.000
46.763	0.000
46.773	0.000
46.783	0.000
46.793	0.000
46.803	0.000
46.813	0.000
46.823	0.000
46.833	0.000
46.843	493.656
46.853	468.962
46.863	469.946
46.873	473.060
46.883	474.876
46.893	476.171
46.903	477.781
46.913	478.127
46.923	477.378
46.933	475.964
46.943	474.721
46.953	474.225
46.963	473.448
46.973	472.791
46.983	472.675
46.993	472.749
47.003	472.740
47.013	472.616
47.023	472.577
47.033	472.446
47.043	472.221
47.053	471.953
47.063	471.757
47.073	471.425
47.083	471.045
47.093	470.691
47.103	470.623
47.113	470.360
47.123	470.302
47.133	470.368
47.143	470.475
47.153	470.370
47.163	470.099
47.173	469.973
47.183	469.730
47.193	469.509
47.203	469.425
47.213	469.295
47.223	469.053
47.233	468.852
47.243	468.935
47.253	469.174
47.263	469.667
47.273	470.389
47.283	470.956
47.293	472.008
47.303	472.798
47.313	473.235
47.323	473.737
47.333	474.161
47.343	473.713
47.353	473.348
47.363	472.116
47.373	470.612
47.383	470.094
47.393	469.372
47.403	469.084
47.413	469.676
47.423	470.594
47.433	472.821
47.443	474.700
47.453	476.020
47.463	477.222
47.473	476.092
47.483	476.977
47.493	476.693
47.503	475.979
47.513	477.912
47.523	0.000
47.533	0.000
47.543	0.000
47.553	468.085
47.563	467.279
47.573	466.591
47.583	464.622
47.593	462.762
47.603	461.913
47.613	458.680
47.623	458.989
47.633	471.496
47.643	471.106
47.653	471.083
47.663	470.759
47.673	469.672
47.683	466.293
47.693	465.000
47.703	472.956
47.713	475.241
47.723	474.347
47.733	474.069
47.743	474.067
47.753	474.253
47.763	474.783
47.773	475.663
47.783	476.025
47.793	476.533
47.803	477.167
47.813	479.935
47.823	480.023
47.833	477.455
47.843	477.473
47.853	477.596
47.863	477.217
47.873	476.768
47.883	479.409
47.893	0.000
47.903	0.000
47.913	0.000
47.923	0.000
47.933	0.000
47.943	0.000
47.953	0.000
47.963	0.000
47.973	0.000
47.983	0.000
47.993	0.000
48.003	0.000
48.013	0.000
48.023	462.244
48.033	461.142
48.043	467.317
48.053	471.129
48.063	472.488
48.073	472.892
48.083	473.194
48.093	473.512
48.103	473.712
48.113	473.596
48.123	472.929
48.133	472.193
48.143	471.862
48.153	471.250
48.163	470.684
48.173	470.203
48.183	469.899
48.193	469.461
48.203	468.906
48.213	468.793
48.223	468.740
48.233	468.978
48.243	468.901
48.253	468.684
48.263	468.187
48.273	467.650
48.283	467.037
48.293	466.787
48.303	466.358
48.313	466.126
48.323	466.178
48.333	466.349
48.343	466.588
48.353	466.797
48.363	466.829
48.373	466.712
48.383	466.979
48.393	467.370
48.403	468.164
48.413	468.829
48.423	469.303
48.433	469.708
48.443	470.388
48.453	471.114
48.463	471.750
48.473	472.016
48.483	472.241
48.493	471.949
48.503	471.699
48.513	470.777
48.523	469.794
48.533	468.907
48.543	468.427
48.553	467.465
48.563	466.857
48.573	467.345
48.583	469.933
48.593	473.742
48.603	476.705
48.613	476.532
48.623	480.010
48.633	478.067
48.643	476.938
48.653	477.352
48.663	478.493
48.673	477.235
48.683	478.583
48.693	0.000
48.703	466.169
48.713	467.140
48.723	467.717
48.733	467.737
48.743	465.662
48.753	464.305
48.763	461.889
48.773	457.779
48.783	463.310
48.793	467.703
48.803	467.814
48.813	468.648
48.823	468.569
48.833	467.765
48.843	464.632
48.853	462.362
48.863	461.462
48.873	468.885
48.883	469.882
48.893	470.220
48.903	470.408
48.913	470.693
48.923	470.944
48.933	471.041
48.943	471.506
48.953	472.355
48.963	474.512
48.973	475.929
48.983	479.078
48.993	477.040
49.003	476.479
49.013	476.963
49.023	476.609
49.033	476.304
49.043	476.255
49.053	480.889
49.063	0.000
49.073	0.000
49.083	0.000
49.093	0.000
49.103	0.000
49.113	0.000
49.123	0.000
49.133	0.000
49.143	0.000
49.153	0.000
49.163	0.000
49.173	0.000
49.183	0.000
49.193	0.000
49.203	0.000
49.213	0.000
49.223	0.000
49.233	0.000
49.243	0.000
49.253	0.000
49.263	468.480
49.273	461.275
49.283	463.859
49.293	464.906
49.303	468.058
49.313	471.044
49.323	472.841
49.333	473.948
49.343	474.583
49.353	474.197
49.363	473.747
49.373	473.199
49.383	472.238
49.393	471.432
49.403	470.992
49.413	470.384
49.423	469.927
49.433	469.557
49.443	469.266
49.453	468.535
49.463	468.038
49.473	468.020
49.483	467.918
49.493	468.057
49.503	468.386
49.513	468.575
49.523	469.171
49.533	469.737
49.543	470.229
49.553	470.387
49.563	470.432
49.573	470.365
49.583	470.421
49.593	470.765
49.603	471.100
49.613	471.238
49.623	471.129
49.633	470.861
49.643	470.562
49.653	470.122
49.663	469.898
49.673	469.671
49.683	469.575
49.693	469.543
49.703	469.467
49.713	469.303
49.723	469.145
49.733	468.938
49.743	468.622
49.753	468.345
49.763	468.174
49.773	467.943
49.783	467.801
49.793	467.730
49.803	467.726
49.813	467.928
49.823	468.264
49.833	468.514
49.843	468.605
49.853	468.692
49.863	468.901
49.873	469.037
49.883	469.282
49.893	469.471
49.903	469.597
49.913	469.617
49.923	469.712
49.933	469.687
49.943	469.635
49.953	469.722
49.963	469.821
49.973	469.850
49.983	469.886
49.993	469.950
50.003	469.901
50.013	469.898
50.023	469.953
50.033	470.185
50.043	470.305
50.053	470.328
50.063	470.297
50.073	469.992
50.083	469.841
50.093	469.845
50.103	469.840
50.113	469.900
50.123	469.888
50.133	469.891
50.143	469.968
50.153	470.138
50.163	470.156
50.173	470.032
50.183	469.920
50.193	469.877
50.203	469.804
50.213	469.817
50.223	470.134
50.233	470.256
50.243	470.497
50.253	470.759
50.263	470.911
50.273	470.943
50.283	470.767
50.293	470.564
50.303	470.524
50.313	470.530
50.323	470.482
50.333	470.490
50.343	470.422
50.353	470.290
50.363	470.339
50.373	470.483
50.383	470.486
50.393	470.565
50.403	470.588
50.413	470.594
50.423	470.509
50.433	470.533
50.443	470.522
50.453	470.498
50.463	470.512
50.473	470.487
50.483	470.514
50.493	470.629
50.503	470.668
50.513	470.711
50.523	470.784
50.533	470.750
50.543	470.567
50.553	470.381
50.563	470.326
50.573	470.445
50.583	470.763
50.593	470.861
50.603	471.018
50.613	470.930
50.623	470.874
50.633	470.840
50.643	470.674
50.653	470.551
50.663	470.597
50.673	470.500
50.683	470.347
50.693	470.430
50.703	470.470
50.713	470.453
50.723	470.370
50.733	470.379
50.743	470.277
50.753	470.134
50.763	469.905
50.773	469.803
50.783	469.816
50.793	470.110
50.803	470.396
50.813	470.498
50.823	470.645
50.833	470.896
50.843	471.268
50.853	471.454
50.863	471.711
50.873	471.881
50.883	471.905
50.893	472.021
50.903	471.989
50.913	471.862
50.923	471.811
50.933	471.515
50.943	471.311
50.953	471.368
50.963	471.513
50.973	471.524
50.983	471.442
50.993	471.414
51.003	471.502
51.013	471.598
51.023	471.672
51.033	471.708
51.043	471.527
51.053	471.582
51.063	471.599
51.073	471.755
51.083	471.901
51.093	471.944
51.103	471.916
51.113	471.909
51.123	471.809
51.133	471.802
51.143	471.860
51.153	471.848
51.163	471.902
51.173	471.900
51.183	471.910
51.193	471.970
51.203	471.910
51.213	471.840
51.223	471.807
51.233	471.799
51.243	471.822
51.253	471.877
51.263	471.889
51.273	471.965
51.283	471.980
51.293	472.145
51.303	472.315
51.313	472.247
51.323	472.190
51.333	472.011
51.343	471.838
51.353	471.819
51.363	471.900
51.373	471.948
51.383	471.943
51.393	471.876
51.403	471.857
51.413	471.699
51.423	471.645
51.433	471.450
51.443	471.516
51.453	471.736
51.463	471.712
51.473	471.884
51.483	472.068
51.493	472.082
51.503	472.153
51.513	472.118
51.523	471.999
51.533	471.927
51.543	471.791
51.553	471.718
51.563	471.818
51.573	471.892
51.583	471.828
51.593	471.921
51.603	471.908
51.613	471.732
51.623	471.536
51.633	471.332
51.643	471.141
51.653	470.748
51.663	470.289
51.673	470.158
51.683	469.829
51.693	469.678
51.703	469.776
51.713	469.888
51.723	470.078
51.733	470.343
51.743	470.973
51.753	471.272
51.763	472.229
51.773	472.919
51.783	473.105
51.793	473.320
51.803	473.361
51.813	473.920
51.823	474.399
51.833	474.978
51.843	475.205
51.853	475.328
51.863	476.036
51.873	0.000
51.883	0.000
51.893	0.000
51.903	0.000
51.913	0.000
51.923	0.000
51.933	0.000
51.943	0.000
51.953	0.000
51.963	0.000
51.973	0.000
51.983	0.000
51.993	0.000
52.003	0.000
52.013	0.000
52.023	0.000
52.033	0.000
52.043	0.000
52.053	0.000
52.063	0.000
52.073	0.000
52.083	0.000
52.093	0.000
52.103	0.000
52.113	0.000
52.123	0.000
52.133	0.000
52.143	0.000
52.153	0.000
52.163	0.000
52.173	0.000
52.183	0.000
52.193	0.000
52.203	0.000
52.213	0.000
52.223	0.000
52.233	0.000
52.243	0.000
52.253	0.000
52.263	0.000
52.273	0.000
52.283	0.000
52.293	0.000
52.303	0.000
52.313	0.000
52.323	0.000
52.333	0.000
52.343	0.000
52.353	0.000
52.363	0.000
52.373	0.000
52.383	0.000
52.393	0.000
52.403	0.000
52.413	0.000
52.423	0.000
52.433	0.000
52.443	0.000
52.453	0.000
52.463	0.000
52.473	0.000
52.483	0.000
52.493	0.000
52.503	0.000
52.513	0.000
52.523	0.000
52.533	0.000
52.543	0.000
52.553	0.000
52.563	0.000
52.573	0.000
52.583	0.000
52.593	0.000
52.603	0.000
52.613	0.000
52.623	0.000
52.633	0.000
52.643	0.000
52.653	0.000
52.663	0.000
52.673	0.000
52.683	0.000
52.693	0.000
52.703	0.000
52.713	0.000
52.723	0.000
52.733	0.000
52.743	0.000
52.753	0.000
52.763	0.000
52.773	0.000
52.783	0.000
52.793	0.000
52.803	0.000
52.813	0.000
52.823	0.000
52.833	0.000
52.843	0.000
52.853	0.000
52.863	0.000
52.873	0.000
52.883	0.000
52.893	0.000
52.903	0.000
52.913	0.000
52.923	0.000
52.933	0.000
52.943	0.000
52.953	0.000
52.963	0.000
52.973	0.000
52.983	0.000
52.993	0.000
53.003	0.000
53.013	0.000
53.023	0.000
53.033	0.000
53.043	0.000
53.053	0.000
53.063	0.000
53.073	0.000
53.083	0.000
53.093	0.000
53.103	0.000
53.113	0.000
53.123	0.000
53.133	0.000
53.143	0.000
53.153	0.000
53.163	0.000
53.173	0.000
53.183	0.000
53.193	0.000
53.203	0.000
53.213	0.000
53.223	0.000
53.233	0.000
53.243	0.000
53.253	0.000
53.263	0.000
53.273	0.000
53.283	0.000
53.293	0.000
53.303	0.000
53.313	0.000
53.323	0.000
53.333	0.000
53.343	0.000
53.353	0.000
53.363	0.000
53.373	0.000
53.383	0.000
53.393	0.000
53.403	0.000
53.413	0.000
53.423	0.000
53.433	0.000
53.443	0.000
