0.023	0.000
0.033	0.000
0.043	0.000
0.053	0.000
0.063	0.000
0.073	0.000
0.083	0.000
0.093	0.000
0.103	0.000
0.113	0.000
0.123	0.000
0.133	0.000
0.143	0.000
0.153	0.000
0.163	0.000
0.173	0.000
0.183	0.000
0.193	0.000
0.203	0.000
0.213	0.000
0.223	0.000
0.233	0.000
0.243	0.000
0.253	0.000
0.263	0.000
0.273	0.000
0.283	0.000
0.293	0.000
0.303	0.000
0.313	0.000
0.323	0.000
0.333	0.000
0.343	0.000
0.353	0.000
0.363	0.000
0.373	0.000
0.383	0.000
0.393	0.000
0.403	0.000
0.413	0.000
0.423	0.000
0.433	0.000
0.443	0.000
0.453	0.000
0.463	0.000
0.473	0.000
0.483	0.000
0.493	0.000
0.503	0.000
0.513	0.000
0.523	0.000
0.533	0.000
0.543	0.000
0.553	0.000
0.563	0.000
0.573	0.000
0.583	0.000
0.593	0.000
0.603	0.000
0.613	0.000
0.623	0.000
0.633	0.000
0.643	0.000
0.653	0.000
0.663	0.000
0.673	0.000
0.683	0.000
0.693	0.000
0.703	0.000
0.713	0.000
0.723	0.000
0.733	0.000
0.743	0.000
0.753	0.000
0.763	0.000
0.773	0.000
0.783	0.000
0.793	0.000
0.803	0.000
0.813	0.000
0.823	0.000
0.833	0.000
0.843	0.000
0.853	0.000
0.863	0.000
0.873	0.000
0.883	0.000
0.893	0.000
0.903	0.000
0.913	0.000
0.923	0.000
0.933	0.000
0.943	0.000
0.953	0.000
0.963	0.000
0.973	0.000
0.983	0.000
0.993	0.000
1.003	0.000
1.013	0.000
1.023	0.000
1.033	0.000
1.043	0.000
1.053	0.000
1.063	0.000
1.073	0.000
1.083	0.000
1.093	0.000
1.103	0.000
1.113	0.000
1.123	0.000
1.133	0.000
1.143	0.000
1.153	0.000
1.163	0.000
1.173	0.000
1.183	0.000
1.193	0.000
1.203	0.000
1.213	0.000
1.223	0.000
1.233	0.000
1.243	0.000
1.253	0.000
1.263	0.000
1.273	0.000
1.283	0.000
1.293	0.000
1.303	0.000
1.313	0.000
1.323	0.000
1.333	0.000
1.343	0.000
1.353	0.000
1.363	0.000
1.373	0.000
1.383	0.000
1.393	0.000
1.403	0.000
1.413	0.000
1.423	0.000
1.433	0.000
1.443	0.000
1.453	0.000
1.463	0.000
1.473	0.000
1.483	0.000
1.493	0.000
1.503	0.000
1.513	0.000
1.523	0.000
1.533	0.000
1.543	0.000
1.553	0.000
1.563	0.000
1.573	0.000
1.583	0.000
1.593	0.000
1.603	0.000
1.613	0.000
1.623	0.000
1.633	0.000
1.643	0.000
1.653	0.000
1.663	0.000
1.673	0.000
1.683	0.000
1.693	0.000
1.703	0.000
1.713	0.000
1.723	0.000
1.733	0.000
1.743	0.000
1.753	0.000
1.763	0.000
1.773	0.000
1.783	0.000
1.793	0.000
1.803	0.000
1.813	0.000
1.823	0.000
1.833	0.000
1.843	0.000
1.853	0.000
1.863	0.000
1.873	0.000
1.883	0.000
1.893	0.000
1.903	0.000
1.913	0.000
1.923	0.000
1.933	0.000
1.943	0.000
1.953	0.000
1.963	0.000
1.973	0.000
1.983	0.000
1.993	0.000
2.003	0.000
2.013	0.000
2.023	0.000
2.033	0.000
2.043	0.000
2.053	0.000
2.063	0.000
2.073	0.000
2.083	0.000
2.093	0.000
2.103	0.000
2.113	0.000
2.123	0.000
2.133	0.000
2.143	0.000
2.153	0.000
2.163	0.000
2.173	0.000
2.183	0.000
2.193	0.000
2.203	0.000
2.213	0.000
2.223	0.000
2.233	0.000
2.243	0.000
2.253	0.000
2.263	0.000
2.273	0.000
2.283	0.000
2.293	0.000
2.303	0.000
2.313	0.000
2.323	0.000
2.333	0.000
2.343	0.000
2.353	0.000
2.363	0.000
2.373	0.000
2.383	0.000
2.393	0.000
2.403	0.000
2.413	0.000
2.423	0.000
2.433	0.000
2.443	0.000
2.453	0.000
2.463	0.000
2.473	0.000
2.483	0.000
2.493	0.000
2.503	0.000
2.513	0.000
2.523	0.000
2.533	0.000
2.543	0.000
2.553	0.000
2.563	0.000
2.573	0.000
2.583	0.000
2.593	0.000
2.603	0.000
2.613	0.000
2.623	0.000
2.633	0.000
2.643	0.000
2.653	0.000
2.663	0.000
2.673	0.000
2.683	0.000
2.693	0.000
2.703	0.000
2.713	0.000
2.723	0.000
2.733	0.000
2.743	0.000
2.753	0.000
2.763	0.000
2.773	0.000
2.783	0.000
2.793	0.000
2.803	0.000
2.813	0.000
2.823	0.000
2.833	0.000
2.843	0.000
2.853	0.000
2.863	0.000
2.873	0.000
2.883	0.000
2.893	0.000
2.903	0.000
2.913	0.000
2.923	0.000
2.933	0.000
2.943	0.000
2.953	0.000
2.963	0.000
2.973	0.000
2.983	0.000
2.993	0.000
3.003	0.000
3.013	0.000
3.023	0.000
3.033	0.000
3.043	0.000
3.053	0.000
3.063	0.000
3.073	0.000
3.083	0.000
3.093	0.000
3.103	0.000
3.113	0.000
3.123	0.000
3.133	0.000
3.143	0.000
3.153	0.000
3.163	0.000
3.173	0.000
3.183	0.000
3.193	0.000
3.203	0.000
3.213	0.000
3.223	0.000
3.233	0.000
3.243	0.000
3.253	0.000
3.263	0.000
3.273	0.000
3.283	0.000
3.293	0.000
3.303	0.000
3.313	0.000
3.323	0.000
3.333	0.000
3.343	0.000
3.353	0.000
3.363	0.000
3.373	0.000
3.383	0.000
3.393	0.000
3.403	0.000
3.413	0.000
3.423	0.000
3.433	0.000
3.443	0.000
3.453	0.000
3.463	0.000
3.473	0.000
3.483	0.000
3.493	0.000
3.503	0.000
3.513	0.000
3.523	0.000
3.533	0.000
3.543	0.000
3.553	473.217
3.563	464.061
3.573	463.753
3.583	464.884
3.593	465.531
3.603	467.318
3.613	466.593
3.623	467.115
3.633	468.824
3.643	469.046
3.653	469.106
3.663	469.420
3.673	468.344
3.683	468.609
3.693	467.936
3.703	468.148
3.713	468.701
3.723	468.982
3.733	469.165
3.743	469.549
3.753	469.869
3.763	469.825
3.773	469.818
3.783	469.514
3.793	469.172
3.803	468.008
3.813	465.217
3.823	460.620
3.833	457.120
3.843	448.374
3.853	441.099
3.863	440.680
3.873	441.827
3.883	442.840
3.893	443.527
3.903	443.473
3.913	443.418
3.923	443.135
3.933	442.872
3.943	442.612
3.953	442.095
3.963	441.327
3.973	440.884
3.983	440.176
3.993	440.060
4.003	440.427
4.013	440.583
4.023	441.150
4.033	441.660
4.043	441.858
4.053	442.039
4.063	442.361
4.073	442.678
4.083	442.909
4.093	443.872
4.103	445.251
4.113	446.082
4.123	446.267
4.133	445.211
4.143	442.964
4.153	445.216
4.163	449.310
4.173	464.853
4.183	489.339
4.193	485.786
4.203	478.545
4.213	475.056
4.223	473.925
4.233	474.364
4.243	474.053
4.253	473.693
4.263	473.439
4.273	472.783
4.283	472.276
4.293	471.718
4.303	471.631
4.313	471.622
4.323	471.654
4.333	471.746
4.343	471.852
4.353	471.874
4.363	472.016
4.373	471.979
4.383	471.889
4.393	472.035
4.403	472.126
4.413	472.254
4.423	472.001
4.433	471.442
4.443	470.921
4.453	468.063
4.463	462.591
4.473	456.066
4.483	450.516
4.493	434.267
4.503	403.450
4.513	397.026
4.523	390.415
4.533	387.733
4.543	387.308
4.553	387.473
4.563	388.017
4.573	389.020
4.583	389.469
4.593	390.527
4.603	391.696
4.613	392.425
4.623	392.602
4.633	393.031
4.643	393.471
4.653	393.830
4.663	394.034
4.673	394.309
4.683	394.603
4.693	394.710
4.703	394.867
4.713	395.158
4.723	395.532
4.733	395.765
4.743	395.594
4.753	395.688
4.763	396.024
4.773	396.126
4.783	396.057
4.793	394.234
4.803	391.898
4.813	399.776
4.823	440.994
4.833	439.298
4.843	439.257
4.853	440.184
4.863	442.545
4.873	443.713
4.883	445.302
4.893	446.401
4.903	446.892
4.913	447.035
4.923	446.613
4.933	446.107
4.943	445.660
4.953	445.479
4.963	445.200
4.973	444.970
4.983	444.831
4.993	445.041
5.003	445.539
5.013	445.973
5.023	446.181
5.033	446.348
5.043	446.456
5.053	446.462
5.063	446.536
5.073	446.301
5.083	445.742
5.093	445.448
5.103	445.186
5.113	445.358
5.123	446.199
5.133	446.658
5.143	447.390
5.153	446.910
5.163	446.262
5.173	445.277
5.183	455.546
5.193	475.150
5.203	473.545
5.213	471.740
5.223	472.075
5.233	472.268
5.243	471.474
5.253	471.008
5.263	471.078
5.273	471.059
5.283	471.460
5.293	471.680
5.303	471.607
5.313	471.512
5.323	470.987
5.333	470.619
5.343	470.378
5.353	470.075
5.363	469.752
5.373	469.804
5.383	470.041
5.393	470.608
5.403	471.525
5.413	472.170
5.423	473.908
5.433	476.121
5.443	478.872
5.453	480.414
5.463	483.296
5.473	484.990
5.483	486.547
5.493	488.161
5.503	494.539
5.513	514.221
5.523	529.386
5.533	571.595
5.543	594.847
5.553	596.726
5.563	595.625
5.573	596.114
5.583	594.895
5.593	595.085
5.603	594.029
5.613	592.642
5.623	591.633
5.633	591.207
5.643	590.618
5.653	590.942
5.663	591.544
5.673	591.665
5.683	591.760
5.693	591.351
5.703	591.248
5.713	590.599
5.723	590.357
5.733	590.415
5.743	590.583
5.753	590.505
5.763	591.009
5.773	591.356
5.783	591.913
5.793	592.124
5.803	592.037
5.813	592.032
5.823	592.220
5.833	593.182
5.843	593.637
5.853	594.505
5.863	595.482
5.873	594.631
5.883	599.940
5.893	621.073
5.903	625.572
5.913	626.686
5.923	627.025
5.933	627.694
5.943	627.618
5.953	627.336
5.963	627.217
5.973	627.037
5.983	627.014
5.993	626.873
6.003	626.769
6.013	626.273
6.023	625.570
6.033	625.294
6.043	624.546
6.053	624.222
6.063	623.887
6.073	623.589
6.083	623.008
6.093	622.811
6.103	622.852
6.113	622.907
6.123	622.882
6.133	622.647
6.143	622.608
6.153	622.472
6.163	622.341
6.173	622.481
6.183	622.654
6.193	622.596
6.203	621.534
6.213	617.908
6.223	614.554
6.233	639.236
6.243	640.122
6.253	612.734
6.263	601.576
6.273	596.977
6.283	596.438
6.293	595.218
6.303	595.042
6.313	594.725
6.323	594.667
6.333	593.861
6.343	593.301
6.353	593.325
6.363	593.181
6.373	593.093
6.383	592.334
6.393	591.920
6.403	591.224
6.413	590.908
6.423	590.537
6.433	590.189
6.443	589.801
6.453	589.575
6.463	589.306
6.473	588.991
6.483	588.401
6.493	588.057
6.503	587.953
6.513	587.744
6.523	587.917
6.533	587.980
6.543	588.399
6.553	588.749
6.563	588.996
6.573	589.142
6.583	589.221
6.593	589.442
6.603	589.396
6.613	589.595
6.623	589.433
6.633	589.219
6.643	588.919
6.653	588.365
6.663	587.770
6.673	586.835
6.683	586.434
6.693	585.503
6.703	584.339
6.713	583.789
6.723	583.019
6.733	582.974
6.743	583.417
6.753	583.651
6.763	584.471
6.773	585.445
6.783	585.928
6.793	587.069
6.803	588.071
6.813	589.106
6.823	589.514
6.833	590.618
6.843	590.936
6.853	590.589
6.863	590.280
6.873	590.170
6.883	589.974
6.893	589.731
6.903	588.866
6.913	587.825
6.923	587.053
6.933	586.865
6.943	586.648
6.953	586.565
6.963	586.582
6.973	586.797
6.983	587.014
6.993	587.433
7.003	587.756
7.013	588.576
7.023	589.329
7.033	589.679
7.043	589.874
7.053	590.170
7.063	590.445
7.073	590.425
7.083	590.569
7.093	590.008
7.103	589.427
7.113	589.237
7.123	589.090
7.133	589.086
7.143	589.176
7.153	589.642
7.163	590.238
7.173	590.464
7.183	590.684
7.193	591.544
7.203	590.577
7.213	588.345
7.223	587.672
7.233	589.503
7.243	597.091
7.253	599.439
7.263	599.104
7.273	597.845
7.283	0.000
7.293	0.000
7.303	0.000
7.313	0.000
7.323	0.000
7.333	0.000
7.343	0.000
7.353	0.000
7.363	0.000
7.373	359.960
7.383	354.083
7.393	350.009
7.403	349.659
7.413	350.053
7.423	350.431
7.433	350.709
7.443	351.887
7.453	352.745
7.463	353.540
7.473	353.736
7.483	353.784
7.493	353.808
7.503	353.624
7.513	353.505
7.523	353.257
7.533	353.308
7.543	353.452
7.553	353.826
7.563	353.746
7.573	353.707
7.583	353.626
7.593	353.355
7.603	353.152
7.613	353.171
7.623	353.037
7.633	352.886
7.643	352.810
7.653	352.766
7.663	352.538
7.673	352.299
7.683	352.261
7.693	352.386
7.703	352.486
7.713	352.397
7.723	352.319
7.733	352.128
7.743	352.089
7.753	352.269
7.763	352.370
7.773	352.248
7.783	351.999
7.793	351.840
7.803	351.617
7.813	351.228
7.823	351.093
7.833	350.992
7.843	350.756
7.853	350.550
7.863	350.383
7.873	350.283
7.883	350.283
7.893	350.468
7.903	350.548
7.913	350.694
7.923	350.902
7.933	351.458
7.943	351.790
7.953	352.515
7.963	352.931
7.973	353.146
7.983	353.396
7.993	353.720
8.003	354.121
8.013	354.314
8.023	354.474
8.033	354.406
8.043	354.197
8.053	354.034
8.063	353.707
8.073	353.277
8.083	353.153
8.093	352.763
8.103	352.311
8.113	351.825
8.123	351.578
8.133	351.243
8.143	350.912
8.153	350.746
8.163	350.587
8.173	350.517
8.183	350.687
8.193	350.779
8.203	350.945
8.213	350.945
8.223	350.985
8.233	351.026
8.243	350.962
8.253	350.943
8.263	350.990
8.273	351.364
8.283	351.976
8.293	352.675
8.303	353.088
8.313	353.803
8.323	354.631
8.333	355.040
8.343	355.873
8.353	356.487
8.363	356.218
8.373	356.331
8.383	356.515
8.393	356.009
8.403	358.130
8.413	357.798
8.423	0.000
8.433	0.000
8.443	0.000
8.453	0.000
8.463	0.000
8.473	0.000
8.483	0.000
8.493	0.000
8.503	0.000
8.513	0.000
8.523	0.000
8.533	0.000
8.543	0.000
8.553	0.000
8.563	0.000
8.573	0.000
8.583	0.000
8.593	0.000
8.603	0.000
8.613	0.000
8.623	0.000
8.633	0.000
8.643	0.000
8.653	0.000
8.663	0.000
8.673	0.000
8.683	0.000
8.693	0.000
8.703	0.000
8.713	0.000
8.723	0.000
8.733	0.000
8.743	0.000
8.753	0.000
8.763	0.000
8.773	0.000
8.783	0.000
8.793	0.000
8.803	0.000
8.813	0.000
8.823	0.000
8.833	0.000
8.843	0.000
8.853	0.000
8.863	0.000
8.873	0.000
8.883	0.000
8.893	0.000
8.903	613.190
8.913	610.105
8.923	600.899
8.933	597.398
8.943	596.415
8.953	596.131
8.963	595.654
8.973	595.218
8.983	594.901
8.993	594.914
9.003	594.532
9.013	594.199
9.023	593.831
9.033	592.883
9.043	592.334
9.053	591.768
9.063	591.598
9.073	591.543
9.083	591.525
9.093	591.384
9.103	590.898
9.113	589.454
9.123	586.361
9.133	584.365
9.143	577.390
9.153	566.267
9.163	547.200
9.173	487.145
9.183	475.220
9.193	474.383
9.203	474.316
9.213	473.983
9.223	473.906
9.233	473.699
9.243	473.600
9.253	473.401
9.263	473.558
9.273	473.709
9.283	473.949
9.293	474.288
9.303	474.178
9.313	474.057
9.323	473.650
9.333	473.387
9.343	473.321
9.353	473.154
9.363	473.316
9.373	473.425
9.383	473.485
9.393	473.535
9.403	473.719
9.413	473.926
9.423	473.971
9.433	474.200
9.443	475.112
9.453	475.925
9.463	487.928
9.473	481.814
9.483	0.000
9.493	543.981
9.503	532.364
9.513	529.443
9.523	529.712
9.533	531.275
9.543	531.926
9.553	532.225
9.563	531.994
9.573	531.392
9.583	530.898
9.593	530.375
9.603	530.135
9.613	529.651
9.623	529.202
9.633	529.078
9.643	528.620
9.653	528.239
9.663	528.168
9.673	528.324
9.683	528.763
9.693	529.124
9.703	529.255
9.713	528.811
9.723	528.177
9.733	527.859
9.743	527.865
9.753	528.107
9.763	528.103
9.773	527.395
9.783	526.590
9.793	524.432
9.803	521.772
9.813	520.084
9.823	511.039
9.833	499.982
9.843	497.432
9.853	497.928
9.863	499.523
9.873	500.099
9.883	500.035
9.893	499.931
9.903	499.610
9.913	499.224
9.923	499.084
9.933	499.231
9.943	499.531
9.953	499.552
9.963	499.583
9.973	499.557
9.983	499.671
9.993	499.546
10.003	499.379
10.013	499.225
10.023	499.115
10.033	498.999
10.043	498.930
10.053	498.714
10.063	498.498
10.073	498.357
10.083	498.363
10.093	498.505
10.103	498.573
10.113	498.723
10.123	498.302
10.133	496.942
10.143	497.188
10.153	502.451
10.163	515.158
10.173	516.140
10.183	521.056
10.193	525.265
10.203	527.001
10.213	527.306
10.223	527.602
10.233	527.540
10.243	527.125
10.253	527.017
10.263	526.920
10.273	527.484
10.283	527.663
10.293	527.801
10.303	527.539
10.313	527.217
10.323	527.025
10.333	526.754
10.343	526.673
10.353	526.814
10.363	526.794
10.373	526.787
10.383	526.534
10.393	526.569
10.403	526.493
10.413	524.822
10.423	522.283
10.433	520.754
10.443	528.361
10.453	522.377
10.463	0.000
10.473	0.000
10.483	426.997
10.493	430.425
10.503	433.244
10.513	437.417
10.523	440.919
10.533	441.859
10.543	442.691
10.553	442.946
10.563	443.378
10.573	443.638
10.583	443.868
10.593	443.537
10.603	443.527
10.613	443.772
10.623	444.355
10.633	445.120
10.643	445.530
10.653	445.993
10.663	446.128
10.673	446.222
10.683	446.266
10.693	446.330
10.703	446.434
10.713	446.656
10.723	447.081
10.733	447.195
10.743	447.252
10.753	447.307
10.763	447.251
10.773	447.265
10.783	447.290
10.793	447.244
10.803	446.707
10.813	448.821
10.823	451.728
10.833	461.139
10.843	467.445
10.853	468.942
10.863	469.755
10.873	471.009
10.883	471.493
10.893	471.536
10.903	471.769
10.913	472.049
10.923	472.111
10.933	472.002
10.943	471.456
10.953	470.916
10.963	469.976
10.973	469.179
10.983	465.796
10.993	460.315
11.003	455.990
11.013	441.768
11.023	0.000
11.033	0.000
11.043	0.000
11.053	301.302
11.063	305.108
11.073	305.747
11.083	306.504
11.093	308.418
11.103	311.429
11.113	312.134
11.123	313.158
11.133	313.588
11.143	313.937
11.153	314.064
11.163	314.345
11.173	314.767
11.183	314.866
11.193	314.936
11.203	314.572
11.213	314.205
11.223	314.002
11.233	314.206
11.243	315.394
11.253	0.000
11.263	361.480
11.273	357.642
11.283	356.229
11.293	356.703
11.303	356.557
11.313	356.722
11.323	356.632
11.333	356.610
11.343	356.275
11.353	356.217
11.363	356.237
11.373	356.370
11.383	356.226
11.393	355.824
11.403	355.691
11.413	355.328
11.423	355.091
11.433	354.853
11.443	354.726
11.453	354.359
11.463	354.096
11.473	354.137
11.483	354.447
11.493	354.930
11.503	355.442
11.513	355.875
11.523	355.959
11.533	355.142
11.543	354.533
11.553	350.592
11.563	352.978
11.573	351.753
11.583	351.949
11.593	0.000
11.603	447.190
11.613	442.894
11.623	443.383
11.633	443.892
11.643	444.212
11.653	443.977
11.663	443.433
11.673	443.149
11.683	443.056
11.693	442.848
11.703	443.062
11.713	443.346
11.723	443.558
11.733	443.578
11.743	443.692
11.753	443.824
11.763	443.925
11.773	443.757
11.783	443.764
11.793	443.947
11.803	444.123
11.813	444.495
11.823	444.756
11.833	444.875
11.843	444.765
11.853	444.665
11.863	444.693
11.873	444.861
11.883	444.817
11.893	444.682
11.903	444.653
11.913	444.310
11.923	444.006
11.933	443.526
11.943	443.379
11.953	442.785
11.963	442.462
11.973	442.217
11.983	442.164
11.993	442.172
12.003	442.486
12.013	442.600
12.023	442.582
12.033	442.597
12.043	442.660
12.053	442.731
12.063	443.022
12.073	443.822
12.083	444.340
12.093	445.383
12.103	446.476
12.113	446.983
12.123	447.044
12.133	447.073
12.143	446.606
12.153	445.925
12.163	445.494
12.173	444.388
12.183	443.574
12.193	443.263
12.203	442.811
12.213	442.390
12.223	442.044
12.233	441.913
12.243	441.630
12.253	441.893
12.263	442.064
12.273	442.625
12.283	443.307
12.293	444.158
12.303	444.611
12.313	445.605
12.323	446.387
12.333	446.433
12.343	446.470
12.353	446.193
12.363	445.519
12.373	445.365
12.383	444.893
12.393	444.553
12.403	444.197
12.413	444.124
12.423	443.983
12.433	444.083
12.443	444.129
12.453	444.039
12.463	443.840
12.473	443.539
12.483	443.547
12.493	443.754
12.503	444.047
12.513	444.014
12.523	444.130
12.533	444.915
12.543	446.866
12.553	447.587
12.563	448.611
12.573	446.530
12.583	443.380
12.593	442.392
12.603	450.177
12.613	452.817
12.623	0.000
12.633	0.000
12.643	0.000
12.653	0.000
12.663	0.000
12.673	0.000
12.683	0.000
12.693	0.000
12.703	0.000
12.713	0.000
12.723	0.000
12.733	0.000
12.743	267.574
12.753	267.888
12.763	267.891
12.773	267.470
12.783	266.862
12.793	266.340
12.803	266.118
12.813	265.942
12.823	265.596
12.833	265.378
12.843	265.228
12.853	265.023
12.863	264.666
12.873	264.440
12.883	264.371
12.893	264.277
12.903	263.983
12.913	263.845
12.923	263.768
12.933	263.953
12.943	264.276
12.953	264.407
12.963	264.548
12.973	264.438
12.983	264.259
12.993	264.177
13.003	264.130
13.013	264.205
13.023	264.324
13.033	264.475
13.043	264.389
13.053	264.119
13.063	263.943
13.073	263.703
13.083	263.521
13.093	263.471
13.103	263.404
13.113	263.435
13.123	263.314
13.133	263.213
13.143	263.023
13.153	262.830
13.163	262.701
13.173	262.709
13.183	262.737
13.193	262.738
13.203	262.739
13.213	262.592
13.223	262.514
13.233	262.557
13.243	262.592
13.253	262.625
13.263	262.692
13.273	262.676
13.283	262.712
13.293	262.805
13.303	262.879
13.313	262.911
13.323	262.911
13.333	262.917
13.343	262.882
13.353	262.854
13.363	262.941
13.373	263.062
13.383	263.054
13.393	262.967
13.403	262.858
13.413	262.575
13.423	262.491
13.433	262.428
13.443	262.396
13.453	262.373
13.463	262.229
13.473	262.169
13.483	262.213
13.493	262.218
13.503	262.180
13.513	262.074
13.523	262.112
13.533	262.174
13.543	262.299
13.553	262.337
13.563	262.334
13.573	262.408
13.583	262.546
13.593	262.831
13.603	263.082
13.613	263.692
13.623	264.348
13.633	264.671
13.643	265.384
13.653	266.035
13.663	266.442
13.673	266.845
13.683	267.394
13.693	267.007
13.703	267.266
13.713	0.000
13.723	0.000
13.733	0.000
13.743	0.000
13.753	0.000
13.763	0.000
13.773	0.000
13.783	0.000
13.793	0.000
13.803	0.000
13.813	0.000
13.823	0.000
13.833	0.000
13.843	0.000
13.853	0.000
13.863	0.000
13.873	0.000
13.883	0.000
13.893	0.000
13.903	0.000
13.913	0.000
13.923	0.000
13.933	0.000
13.943	0.000
13.953	0.000
13.963	0.000
13.973	0.000
13.983	0.000
13.993	0.000
14.003	0.000
14.013	0.000
14.023	0.000
14.033	0.000
14.043	0.000
14.053	0.000
14.063	0.000
14.073	0.000
14.083	0.000
14.093	0.000
14.103	0.000
14.113	0.000
14.123	0.000
14.133	0.000
14.143	0.000
14.153	0.000
14.163	0.000
14.173	481.668
14.183	478.882
14.193	475.089
14.203	472.837
14.213	472.762
14.223	473.050
14.233	472.855
14.243	472.942
14.253	472.993
14.263	473.476
14.273	473.725
14.283	473.941
14.293	474.142
14.303	474.058
14.313	473.802
14.323	473.702
14.333	473.738
14.343	473.752
14.353	473.649
14.363	473.472
14.373	473.229
14.383	472.925
14.393	472.532
14.403	471.994
14.413	471.401
14.423	470.515
14.433	469.763
14.443	467.654
14.453	463.467
14.463	462.207
14.473	459.198
14.483	450.795
14.493	447.816
14.503	448.157
14.513	448.349
14.523	448.601
14.533	448.838
14.543	448.815
14.553	448.756
14.563	448.629
14.573	448.545
14.583	448.435
14.593	448.112
14.603	447.886
14.613	447.717
14.623	447.119
14.633	446.549
14.643	446.093
14.653	445.425
14.663	444.654
14.673	444.690
14.683	445.050
14.693	445.623
14.703	445.938
14.713	445.929
14.723	445.925
14.733	445.954
14.743	445.838
14.753	445.773
14.763	445.579
14.773	445.024
14.783	446.835
14.793	447.734
14.803	448.740
14.813	450.497
14.823	451.604
14.833	456.426
14.843	472.482
14.853	473.542
14.863	473.637
14.873	473.784
14.883	474.531
14.893	475.297
14.903	475.241
14.913	475.105
14.923	475.054
14.933	474.893
14.943	474.765
14.953	474.385
14.963	474.000
14.973	473.800
14.983	473.399
14.993	473.153
15.003	472.746
15.013	472.671
15.023	472.720
15.033	473.155
15.043	473.359
15.053	473.506
15.063	473.730
15.073	473.555
15.083	473.404
15.093	472.766
15.103	471.475
15.113	470.623
15.123	466.887
15.133	462.641
15.143	454.134
15.153	449.059
15.163	415.837
15.173	0.000
15.183	352.834
15.193	353.305
15.203	353.194
15.213	353.362
15.223	353.468
15.233	353.928
15.243	354.415
15.253	354.890
15.263	355.023
15.273	355.054
15.283	354.897
15.293	354.865
15.303	354.870
15.313	354.851
15.323	354.760
15.333	354.786
15.343	354.863
15.353	354.879
15.363	355.229
15.373	355.604
15.383	356.123
15.393	356.413
15.403	356.544
15.413	356.994
15.423	357.974
15.433	359.356
15.443	360.347
15.453	362.423
15.463	365.141
15.473	365.855
15.483	0.000
15.493	450.745
15.503	451.283
15.513	448.275
15.523	448.276
15.533	447.753
15.543	447.225
15.553	447.189
15.563	447.105
15.573	446.963
15.583	446.920
15.593	446.995
15.603	446.918
15.613	446.784
15.623	446.809
15.633	446.890
15.643	446.821
15.653	446.742
15.663	446.759
15.673	446.997
15.683	447.010
15.693	446.962
15.703	446.996
15.713	446.957
15.723	446.749
15.733	446.584
15.743	446.312
15.753	446.554
15.763	447.023
15.773	448.074
15.783	447.924
15.793	445.571
15.803	444.587
15.813	446.762
15.823	451.230
15.833	454.849
15.843	467.830
15.853	471.048
15.863	472.286
15.873	472.338
15.883	473.260
15.893	473.189
15.903	472.895
15.913	472.823
15.923	472.829
15.933	472.673
15.943	472.551
15.953	472.241
15.963	472.104
15.973	472.114
15.983	472.294
15.993	472.690
16.003	473.038
16.013	472.934
16.023	472.745
16.033	472.649
16.043	472.962
16.053	473.212
16.063	473.772
16.073	474.756
16.083	476.198
16.093	477.007
16.103	479.081
16.113	481.373
16.123	482.371
16.133	484.516
16.143	487.446
16.153	510.104
16.163	0.000
16.173	567.318
16.183	590.024
16.193	593.070
16.203	595.302
16.213	596.118
16.223	595.099
16.233	595.706
16.243	595.256
16.253	594.985
16.263	594.329
16.273	594.110
16.283	593.483
16.293	592.821
16.303	592.574
16.313	591.902
16.323	591.366
16.333	590.724
16.343	590.586
16.353	590.335
16.363	590.308
16.373	590.658
16.383	590.790
16.393	590.847
16.403	590.770
16.413	590.742
16.423	590.706
16.433	590.524
16.443	590.328
16.453	590.119
16.463	589.868
16.473	589.545
16.483	589.440
16.493	588.474
16.503	587.289
16.513	583.876
16.523	581.260
16.533	571.474
16.543	542.318
16.553	519.285
16.563	523.222
16.573	529.176
16.583	530.399
16.593	530.785
16.603	531.377
16.613	531.911
16.623	532.286
16.633	532.447
16.643	532.120
16.653	530.979
16.663	530.131
16.673	528.830
16.683	527.658
16.693	527.171
16.703	527.134
16.713	527.462
16.723	528.038
16.733	528.563
16.743	528.846
16.753	529.089
16.763	529.121
16.773	529.015
16.783	528.771
16.793	528.502
16.803	528.250
16.813	528.246
16.823	528.500
16.833	529.144
16.843	529.429
16.853	529.601
16.863	528.241
16.873	531.594
16.883	540.012
16.893	543.443
16.903	0.000
16.913	616.164
16.923	602.261
16.933	596.487
16.943	594.040
16.953	593.762
16.963	594.055
16.973	593.879
16.983	593.420
16.993	593.164
17.003	592.939
17.013	592.637
17.023	592.539
17.033	592.420
17.043	592.343
17.053	592.360
17.063	592.430
17.073	592.286
17.083	592.051
17.093	591.734
17.103	591.638
17.113	591.107
17.123	590.677
17.133	590.583
17.143	590.371
17.153	590.066
17.163	589.949
17.173	589.807
17.183	589.672
17.193	589.221
17.203	589.091
17.213	588.854
17.223	588.775
17.233	588.519
17.243	588.428
17.253	588.262
17.263	588.004
17.273	588.100
17.283	588.139
17.293	588.085
17.303	588.018
17.313	587.963
17.323	588.227
17.333	588.559
17.343	589.097
17.353	589.477
17.363	590.096
17.373	590.686
17.383	590.932
17.393	590.844
17.403	590.548
17.413	590.067
17.423	589.837
17.433	589.301
17.443	588.551
17.453	587.897
17.463	587.600
17.473	587.150
17.483	586.865
17.493	586.667
17.503	586.786
17.513	587.069
17.523	587.544
17.533	587.842
17.543	588.392
17.553	589.258
17.563	590.171
17.573	590.547
17.583	591.157
17.593	591.714
17.603	591.682
17.613	591.766
17.623	591.273
17.633	591.023
17.643	590.910
17.653	590.676
17.663	589.827
17.673	589.221
17.683	588.184
17.693	587.662
17.703	587.610
17.713	587.659
17.723	588.040
17.733	588.156
17.743	588.424
17.753	588.763
17.763	589.263
17.773	589.966
17.783	590.395
17.793	591.185
17.803	591.580
17.813	592.166
17.823	592.376
17.833	591.848
17.843	591.129
17.853	590.433
17.863	597.475
17.873	595.682
17.883	594.416
17.893	596.519
17.903	599.488
17.913	0.000
17.923	0.000
17.933	0.000
17.943	0.000
17.953	0.000
17.963	0.000
17.973	0.000
17.983	0.000
17.993	0.000
18.003	0.000
18.013	0.000
18.023	0.000
18.033	318.191
18.043	309.263
18.053	303.616
18.063	301.244
18.073	300.483
18.083	298.136
18.093	297.670
18.103	297.963
18.113	298.091
18.123	297.596
18.133	297.033
18.143	297.139
18.153	297.662
18.163	298.418
18.173	298.919
18.183	298.927
18.193	298.810
18.203	298.678
18.213	298.502
18.223	298.206
18.233	297.843
18.243	297.467
18.253	297.175
18.263	296.931
18.273	296.915
18.283	296.861
18.293	296.798
18.303	296.717
18.313	296.730
18.323	296.721
18.333	296.838
18.343	296.847
18.353	296.650
18.363	296.534
18.373	296.321
18.383	296.208
18.393	296.200
18.403	296.151
18.413	295.961
18.423	295.711
18.433	295.620
18.443	295.474
18.453	295.491
18.463	295.269
18.473	295.150
18.483	294.579
18.493	294.138
18.503	294.032
18.513	294.081
18.523	294.175
18.533	294.310
18.543	294.452
18.553	294.723
18.563	295.156
18.573	295.278
18.583	295.591
18.593	295.740
18.603	296.067
18.613	296.208
18.623	296.422
18.633	296.593
18.643	296.792
18.653	296.932
18.663	297.217
18.673	297.442
18.683	297.559
18.693	297.620
18.703	297.261
18.713	296.853
18.723	296.693
18.733	296.194
18.743	295.823
18.753	295.677
18.763	295.446
18.773	295.171
18.783	294.880
18.793	294.753
18.803	294.495
18.813	294.412
18.823	294.469
18.833	294.479
18.843	294.611
18.853	294.644
18.863	294.532
18.873	294.393
18.883	294.322
18.893	294.366
18.903	294.538
18.913	295.017
18.923	295.566
18.933	295.955
18.943	295.991
18.953	295.990
18.963	296.166
18.973	296.389
18.983	297.056
18.993	298.232
19.003	299.174
19.013	299.595
19.023	299.831
19.033	300.553
19.043	0.000
19.053	0.000
19.063	0.000
19.073	0.000
19.083	0.000
19.093	0.000
19.103	0.000
19.113	0.000
19.123	0.000
19.133	0.000
19.143	0.000
19.153	0.000
19.163	0.000
19.173	0.000
19.183	0.000
19.193	0.000
19.203	0.000
19.213	0.000
19.223	0.000
19.233	0.000
19.243	0.000
19.253	0.000
19.263	0.000
19.273	0.000
19.283	0.000
19.293	0.000
19.303	0.000
19.313	0.000
19.323	0.000
19.333	0.000
19.343	0.000
19.353	0.000
19.363	0.000
19.373	0.000
19.383	0.000
19.393	0.000
19.403	0.000
19.413	0.000
19.423	0.000
19.433	0.000
19.443	0.000
19.453	0.000
19.463	0.000
19.473	0.000
19.483	0.000
19.493	623.878
19.503	613.201
19.513	607.716
19.523	599.317
19.533	597.107
19.543	596.596
19.553	596.724
19.563	595.777
19.573	595.349
19.583	595.397
19.593	595.196
19.603	595.377
19.613	595.287
19.623	595.227
19.633	595.419
19.643	595.223
19.653	594.807
19.663	594.759
19.673	594.329
19.683	593.964
19.693	593.893
19.703	593.645
19.713	593.519
19.723	593.353
19.733	593.156
19.743	592.715
19.753	592.152
19.763	591.706
19.773	590.600
19.783	588.514
19.793	584.955
19.803	582.278
19.813	574.366
19.823	565.058
19.833	562.079
19.843	560.989
19.853	551.032
19.863	500.429
19.873	483.210
19.883	476.579
19.893	475.776
19.903	475.999
19.913	475.903
19.923	476.029
19.933	476.283
19.943	476.316
19.953	476.148
19.963	475.769
19.973	475.637
19.983	475.484
19.993	475.274
20.003	474.866
20.013	474.492
20.023	474.306
20.033	474.421
20.043	474.679
20.053	474.913
20.063	474.871
20.073	474.607
20.083	474.030
20.093	473.910
20.103	474.302
20.113	475.106
20.123	475.481
20.133	474.787
20.143	475.131
20.153	466.592
20.163	470.671
20.173	0.000
20.183	528.437
20.193	529.313
20.203	530.249
20.213	531.331
20.223	531.801
20.233	531.708
20.243	531.777
20.253	532.327
20.263	532.217
20.273	531.862
20.283	531.491
20.293	531.196
20.303	531.613
20.313	532.023
20.323	532.650
20.333	532.977
20.343	532.938
20.353	532.256
20.363	531.390
20.373	530.564
20.383	530.113
20.393	529.688
20.403	529.651
20.413	529.490
20.423	529.294
20.433	529.138
20.443	528.890
20.453	528.785
20.463	528.377
20.473	527.850
20.483	526.296
20.493	525.121
20.503	522.007
20.513	516.591
20.523	510.677
20.533	502.678
20.543	497.057
20.553	498.325
20.563	499.037
20.573	499.919
20.583	500.219
20.593	500.247
20.603	499.873
20.613	499.274
20.623	498.714
20.633	498.374
20.643	498.268
20.653	498.496
20.663	498.766
20.673	498.894
20.683	498.768
20.693	498.481
20.703	498.326
20.713	497.818
20.723	497.428
20.733	497.117
20.743	496.962
20.753	497.238
20.763	497.757
20.773	498.027
20.783	498.423
20.793	498.674
20.803	498.854
20.813	498.835
20.823	498.732
20.833	498.156
20.843	497.532
20.853	497.457
20.863	497.470
20.873	498.914
20.883	500.923
20.893	510.477
20.903	518.089
20.913	521.423
20.923	523.004
20.933	526.041
20.943	526.938
20.953	527.219
20.963	527.503
20.973	527.423
20.983	527.268
20.993	527.170
21.003	527.280
21.013	527.180
21.023	527.196
21.033	527.246
21.043	527.341
21.053	527.536
21.063	527.676
21.073	528.107
21.083	528.556
21.093	528.887
21.103	529.053
21.113	529.542
21.123	529.826
21.133	529.933
21.143	529.108
21.153	527.329
21.163	523.362
21.173	521.380
21.183	518.111
21.193	0.000
21.203	0.000
21.213	0.000
21.223	400.291
21.233	395.742
21.243	394.777
21.253	394.231
21.263	394.836
21.273	395.158
21.283	395.308
21.293	395.296
21.303	395.129
21.313	395.031
21.323	395.278
21.333	395.830
21.343	396.508
21.353	396.666
21.363	396.872
21.373	396.868
21.383	396.737
21.393	396.682
21.403	396.845
21.413	396.772
21.423	396.748
21.433	396.723
21.443	396.857
21.453	397.168
21.463	397.293
21.473	397.798
21.483	398.523
21.493	399.697
21.503	400.688
21.513	402.714
21.523	404.673
21.533	405.618
21.543	406.366
21.553	408.988
21.563	0.000
21.573	0.000
21.583	484.090
21.593	477.774
21.603	475.812
21.613	476.447
21.623	476.447
21.633	476.247
21.643	476.080
21.653	475.725
21.663	475.665
21.673	475.958
21.683	476.102
21.693	476.316
21.703	476.145
21.713	476.007
21.723	475.688
21.733	475.392
21.743	475.142
21.753	475.111
21.763	475.022
21.773	474.572
21.783	474.375
21.793	474.027
21.803	473.805
21.813	473.804
21.823	473.884
21.833	473.808
21.843	473.506
21.853	473.420
21.863	473.385
21.873	473.268
21.883	472.695
21.893	472.156
21.903	470.569
21.913	468.452
21.923	465.738
21.933	463.630
21.943	458.410
21.953	449.156
21.963	449.063
21.973	448.939
21.983	449.002
21.993	449.073
22.003	448.963
22.013	448.803
22.023	448.780
22.033	448.581
22.043	448.523
22.053	448.184
22.063	447.781
22.073	447.647
22.083	447.522
22.093	447.199
22.103	446.717
22.113	446.460
22.123	446.298
22.133	446.580
22.143	446.716
22.153	447.049
22.163	447.171
22.173	447.303
22.183	447.496
22.193	447.394
22.203	447.224
22.213	447.565
22.223	447.709
22.233	447.796
22.243	447.658
22.253	447.389
22.263	446.365
22.273	445.026
22.283	443.702
22.293	445.874
22.303	452.447
22.313	459.677
22.323	0.000
22.333	0.000
22.343	356.579
22.353	352.634
22.363	353.017
22.373	353.752
22.383	354.963
22.393	355.083
22.403	354.832
22.413	354.736
22.423	354.608
22.433	354.619
22.443	354.755
22.453	354.712
22.463	354.301
22.473	354.116
22.483	353.756
22.493	353.582
22.503	353.655
22.513	353.807
22.523	353.793
22.533	353.676
22.543	353.680
22.553	353.663
22.563	353.702
22.573	353.551
22.583	353.495
22.593	353.429
22.603	353.340
22.613	353.325
22.623	353.343
22.633	353.285
22.643	353.152
22.653	353.015
22.663	352.905
22.673	352.769
22.683	352.652
22.693	352.596
22.703	352.449
22.713	352.247
22.723	352.072
22.733	351.700
22.743	351.345
22.753	350.978
22.763	350.870
22.773	350.799
22.783	350.723
22.793	350.699
22.803	350.709
22.813	350.830
22.823	351.300
22.833	351.576
22.843	352.306
22.853	353.125
22.863	353.840
22.873	354.056
22.883	354.191
22.893	354.081
22.903	354.005
22.913	354.112
22.923	354.059
22.933	353.790
22.943	353.710
22.953	353.440
22.963	353.212
22.973	353.040
22.983	352.867
22.993	352.785
23.003	352.860
23.013	352.947
23.023	353.070
23.033	353.114
23.043	353.004
23.053	352.938
23.063	352.938
23.073	353.036
23.083	353.130
23.093	353.399
23.103	353.636
23.113	353.596
23.123	353.604
23.133	353.397
23.143	353.470
23.153	353.334
23.163	353.064
23.173	352.833
23.183	352.723
23.193	352.635
23.203	352.630
23.213	352.672
23.223	352.457
23.233	352.443
23.243	352.584
23.253	352.788
23.263	352.901
23.273	353.197
23.283	353.368
23.293	353.496
23.303	353.589
23.313	353.865
23.323	354.847
23.333	355.800
23.343	358.494
23.353	358.399
23.363	354.298
23.373	354.636
23.383	370.861
23.393	0.000
23.403	0.000
23.413	0.000
23.423	0.000
23.433	0.000
23.443	0.000
23.453	0.000
23.463	0.000
23.473	0.000
23.483	302.729
23.493	300.069
23.503	298.871
23.513	298.495
23.523	298.337
23.533	298.177
23.543	298.031
23.553	297.792
23.563	296.998
23.573	296.210
23.583	295.661
23.593	295.590
23.603	295.664
23.613	295.746
23.623	295.713
23.633	295.813
23.643	296.106
23.653	296.292
23.663	296.389
23.673	296.196
23.683	295.921
23.693	295.898
23.703	295.806
23.713	295.889
23.723	296.047
23.733	296.066
23.743	296.012
23.753	296.074
23.763	296.181
23.773	296.244
23.783	296.528
23.793	296.693
23.803	296.754
23.813	296.776
23.823	296.775
23.833	296.742
23.843	296.689
23.853	296.572
23.863	296.185
23.873	295.947
23.883	295.433
23.893	295.083
23.903	295.016
23.913	295.006
23.923	295.080
23.933	295.133
23.943	295.259
23.953	295.248
23.963	295.066
23.973	294.886
23.983	294.844
23.993	294.974
24.003	295.169
24.013	295.374
24.023	295.420
24.033	295.508
24.043	295.615
24.053	295.847
24.063	295.980
24.073	296.070
24.083	296.138
24.093	296.222
24.103	296.367
24.113	296.526
24.123	296.736
24.133	296.893
24.143	297.032
24.153	297.088
24.163	296.995
24.173	296.562
24.183	296.367
24.193	296.278
24.203	296.211
24.213	296.309
24.223	296.365
24.233	296.246
24.243	296.131
24.253	295.817
24.263	295.452
24.273	295.255
24.283	295.119
24.293	295.220
24.303	295.339
24.313	295.419
24.323	295.573
24.333	295.798
24.343	295.906
24.353	295.975
24.363	295.756
24.373	295.505
24.383	295.475
24.393	295.481
24.403	295.654
24.413	295.790
24.423	295.803
24.433	295.867
24.443	296.262
24.453	296.439
24.463	296.822
24.473	297.037
24.483	297.312
24.493	297.412
24.503	297.822
24.513	298.275
24.523	0.000
24.533	0.000
24.543	0.000
24.553	0.000
24.563	0.000
24.573	0.000
24.583	0.000
24.593	0.000
24.603	0.000
24.613	0.000
24.623	0.000
24.633	0.000
24.643	0.000
24.653	0.000
24.663	0.000
24.673	0.000
24.683	0.000
24.693	0.000
24.703	0.000
24.713	0.000
24.723	0.000
24.733	0.000
24.743	0.000
24.753	0.000
24.763	0.000
24.773	0.000
24.783	0.000
24.793	0.000
24.803	0.000
24.813	0.000
24.823	0.000
24.833	0.000
24.843	0.000
24.853	0.000
24.863	0.000
24.873	0.000
24.883	0.000
24.893	0.000
24.903	0.000
24.913	0.000
24.923	0.000
24.933	0.000
24.943	0.000
24.953	467.280
24.963	474.634
24.973	477.276
24.983	474.451
24.993	474.345
25.003	474.506
25.013	475.257
25.023	475.370
25.033	475.201
25.043	474.896
25.053	474.577
25.063	474.531
25.073	474.326
25.083	474.137
25.093	473.848
25.103	473.663
25.113	473.744
25.123	474.153
25.133	474.835
25.143	475.024
25.153	475.475
25.163	475.706
25.173	475.672
25.183	475.681
25.193	476.180
25.203	476.635
25.213	476.394
25.223	476.991
25.233	478.763
25.243	473.304
25.253	472.413
25.263	470.020
25.273	473.687
25.283	473.382
25.293	451.261
25.303	456.540
25.313	444.369
25.323	443.166
25.333	443.758
25.343	445.320
25.353	446.050
25.363	447.238
25.373	447.353
25.383	447.160
25.393	447.147
25.403	447.376
25.413	447.663
25.423	447.875
25.433	447.928
25.443	447.829
25.453	447.447
25.463	447.342
25.473	447.287
25.483	447.474
25.493	447.921
25.503	448.179
25.513	448.385
25.523	448.226
25.533	448.226
25.543	447.878
25.553	447.397
25.563	447.612
25.573	448.227
25.583	450.010
25.593	450.918
25.603	449.822
25.613	449.725
25.623	449.621
25.633	449.116
25.643	455.034
25.653	465.766
25.663	478.157
25.673	475.656
25.683	474.492
25.693	471.388
25.703	471.136
25.713	471.782
25.723	472.468
25.733	472.492
25.743	472.506
25.753	472.600
25.763	472.492
25.773	472.475
25.783	472.289
25.793	472.354
25.803	472.278
25.813	471.998
25.823	471.860
25.833	471.819
25.843	471.981
25.853	472.353
25.863	472.464
25.873	473.178
25.883	473.911
25.893	474.179
25.903	474.414
25.913	474.436
25.923	475.058
25.933	474.986
25.943	475.695
25.953	477.189
25.963	476.278
25.973	476.497
25.983	476.025
25.993	0.000
26.003	0.000
26.013	0.000
26.023	373.454
26.033	384.581
26.043	387.277
26.053	390.353
26.063	391.892
26.073	392.391
26.083	393.051
26.093	393.175
26.103	392.797
26.113	392.646
26.123	392.419
26.133	392.550
26.143	393.050
26.153	393.392
26.163	393.806
26.173	393.926
26.183	393.984
26.193	393.845
26.203	393.824
26.213	393.990
26.223	394.375
26.233	395.324
26.243	396.309
26.253	396.795
26.263	397.111
26.273	396.951
26.283	397.181
26.293	396.693
26.303	394.379
26.313	389.609
26.323	401.787
26.333	0.000
26.343	0.000
26.353	0.000
26.363	0.000
26.373	448.172
26.383	441.310
26.393	442.652
26.403	443.111
26.413	443.826
26.423	444.267
26.433	444.273
26.443	444.644
26.453	445.151
26.463	445.519
26.473	445.782
26.483	446.159
26.493	446.284
26.503	446.149
26.513	446.007
26.523	445.708
26.533	445.847
26.543	445.989
26.553	446.088
26.563	446.115
26.573	446.050
26.583	446.066
26.593	446.205
26.603	446.382
26.613	447.563
26.623	448.469
26.633	449.192
26.643	449.384
26.653	447.674
26.663	445.786
26.673	453.785
26.683	462.844
26.693	474.311
26.703	473.558
26.713	473.596
26.723	473.728
26.733	474.702
26.743	474.526
26.753	474.357
26.763	474.178
26.773	474.413
26.783	474.925
26.793	475.217
26.803	475.171
26.813	474.871
26.823	474.153
26.833	473.840
26.843	473.436
26.853	473.217
26.863	473.091
26.873	473.133
26.883	472.990
26.893	472.715
26.903	472.636
26.913	472.693
26.923	472.906
26.933	473.341
26.943	473.544
26.953	474.140
26.963	475.001
26.973	476.289
26.983	476.734
26.993	477.740
27.003	477.926
27.013	475.991
27.023	477.495
27.033	477.082
27.043	0.000
27.053	0.000
27.063	579.613
27.073	583.522
27.083	583.900
27.093	587.157
27.103	587.937
27.113	587.363
27.123	587.176
27.133	587.468
27.143	587.424
27.153	587.469
27.163	587.493
27.173	587.994
27.183	588.639
27.193	588.793
27.203	589.130
27.213	589.161
27.223	589.261
27.233	589.307
27.243	589.534
27.253	589.695
27.263	589.972
27.273	590.237
27.283	590.732
27.293	591.459
27.303	592.135
27.313	593.502
27.323	596.591
27.333	600.456
27.343	599.283
27.353	602.007
27.363	611.363
27.373	614.329
27.383	630.066
27.393	657.535
27.403	630.027
27.413	629.793
27.423	627.115
27.433	626.120
27.443	625.763
27.453	625.009
27.463	624.425
27.473	623.870
27.483	623.559
27.493	623.240
27.503	623.130
27.513	622.501
27.523	622.336
27.533	622.063
27.543	622.180
27.553	622.271
27.563	622.407
27.573	622.866
27.583	623.228
27.593	623.381
27.603	623.809
27.613	624.012
27.623	624.054
27.633	624.015
27.643	623.721
27.653	624.188
27.663	624.723
27.673	627.020
27.683	625.911
27.693	622.110
27.703	619.856
27.713	616.620
27.723	630.921
27.733	0.000
27.743	616.895
27.753	602.438
27.763	597.761
27.773	594.403
27.783	592.816
27.793	592.369
27.803	592.075
27.813	591.803
27.823	591.855
27.833	591.762
27.843	591.762
27.853	591.655
27.863	591.358
27.873	591.731
27.883	591.914
27.893	592.595
27.903	593.467
27.913	593.852
27.923	594.738
27.933	595.351
27.943	595.240
27.953	595.252
27.963	594.997
27.973	595.775
27.983	596.884
27.993	597.607
28.003	598.441
28.013	601.089
28.023	601.720
28.033	605.919
28.043	606.297
28.053	605.686
28.063	605.922
28.073	0.000
28.083	0.000
28.093	0.000
28.103	0.000
28.113	633.142
28.123	613.964
28.133	606.538
28.143	598.708
28.153	593.629
28.163	592.086
28.173	592.398
28.183	592.186
28.193	592.104
28.203	592.228
28.213	591.637
28.223	591.290
28.233	591.070
28.243	591.121
28.253	591.167
28.263	591.408
28.273	591.309
28.283	591.001
28.293	590.553
28.303	590.527
28.313	590.449
28.323	590.594
28.333	590.811
28.343	591.180
28.353	591.145
28.363	591.287
28.373	591.332
28.383	591.659
28.393	592.192
28.403	592.906
28.413	593.757
28.423	594.042
28.433	594.645
28.443	594.797
28.453	594.814
28.463	594.379
28.473	593.918
28.483	593.318
28.493	593.093
28.503	592.718
28.513	591.883
28.523	591.005
28.533	590.459
28.543	589.907
28.553	589.515
28.563	589.519
28.573	590.194
28.583	591.455
28.593	591.953
28.603	591.887
28.613	593.723
28.623	597.057
28.633	596.195
28.643	597.003
28.653	600.040
28.663	601.314
28.673	600.880
28.683	608.440
28.693	618.971
28.703	614.545
28.713	603.450
28.723	597.437
28.733	591.929
28.743	590.501
28.753	588.773
28.763	588.758
28.773	589.329
28.783	589.090
28.793	592.841
28.803	595.670
28.813	594.819
28.823	591.491
28.833	590.318
28.843	590.368
28.853	590.636
28.863	590.076
28.873	596.092
28.883	592.889
28.893	591.247
28.903	588.022
28.913	587.073
28.923	586.690
28.933	586.510
28.943	586.665
28.953	587.404
28.963	587.854
28.973	588.911
28.983	590.043
28.993	590.406
29.003	590.955
29.013	590.821
29.023	590.828
29.033	591.205
29.043	593.269
29.053	597.314
29.063	599.310
29.073	599.023
29.083	600.498
29.093	601.567
29.103	600.951
29.113	600.971
29.123	607.233
29.133	0.000
29.143	0.000
29.153	0.000
29.163	0.000
29.173	0.000
29.183	0.000
29.193	0.000
29.203	0.000
29.213	0.000
29.223	0.000
29.233	0.000
29.243	598.526
29.253	590.474
29.263	592.161
29.273	591.311
29.283	590.504
29.293	590.077
29.303	589.782
29.313	589.412
29.323	589.208
29.333	588.967
29.343	588.788
29.353	588.679
29.363	588.594
29.373	588.409
29.383	588.304
29.393	588.207
29.403	588.078
29.413	587.960
29.423	587.751
29.433	587.706
29.443	587.507
29.453	587.246
29.463	587.103
29.473	587.130
29.483	587.254
29.493	587.234
29.503	587.245
29.513	587.563
29.523	588.255
29.533	589.169
29.543	589.804
29.553	590.703
29.563	591.476
29.573	591.803
29.583	592.450
29.593	593.068
29.603	593.196
29.613	593.024
29.623	592.259
29.633	591.473
29.643	591.138
29.653	590.250
29.663	589.334
29.673	588.561
29.683	588.373
29.693	588.182
29.703	588.400
29.713	588.923
29.723	589.260
29.733	590.145
29.743	591.145
29.753	591.611
29.763	592.355
29.773	592.693
29.783	593.646
29.793	593.422
29.803	594.985
29.813	596.189
29.823	596.134
29.833	600.362
29.843	599.154
29.853	608.169
29.863	0.000
29.873	0.000
29.883	0.000
29.893	598.829
29.903	595.647
29.913	594.576
29.923	592.806
29.933	592.254
29.943	591.889
29.953	591.418
29.963	591.406
29.973	591.602
29.983	592.463
29.993	595.124
30.003	596.006
30.013	594.231
30.023	592.156
30.033	591.772
30.043	592.657
30.053	593.772
30.063	592.908
30.073	616.507
30.083	613.437
30.093	600.296
30.103	593.173
30.113	591.415
30.123	590.489
30.133	590.274
30.143	590.289
30.153	590.375
30.163	590.941
30.173	591.529
30.183	591.852
30.193	592.397
30.203	592.514
30.213	592.191
30.223	592.025
30.233	591.995
30.243	592.296
30.253	592.946
30.263	594.148
30.273	597.106
30.283	599.010
30.293	599.722
30.303	600.320
30.313	599.701
30.323	600.192
30.333	599.454
30.343	603.089
30.353	0.000
30.363	0.000
30.373	0.000
30.383	0.000
30.393	0.000
30.403	0.000
30.413	0.000
30.423	584.864
30.433	597.187
30.443	596.483
30.453	593.913
30.463	592.789
30.473	592.659
30.483	592.402
30.493	592.323
30.503	591.702
30.513	591.463
30.523	591.274
30.533	591.181
30.543	591.233
30.553	591.240
30.563	591.437
30.573	591.423
30.583	591.523
30.593	591.463
30.603	592.032
30.613	593.470
30.623	594.326
30.633	595.118
30.643	594.444
30.653	594.270
30.663	594.082
30.673	594.135
30.683	594.760
30.693	593.973
30.703	595.601
30.713	599.634
30.723	600.051
30.733	600.631
30.743	0.000
30.753	551.246
30.763	565.866
30.773	584.788
30.783	587.870
30.793	587.801
30.803	587.757
30.813	587.687
30.823	587.624
30.833	587.547
30.843	587.587
30.853	587.817
30.863	587.921
30.873	588.141
30.883	588.388
30.893	588.932
30.903	589.616
30.913	590.229
30.923	591.314
30.933	592.483
30.943	592.622
30.953	592.670
30.963	592.245
30.973	592.111
30.983	592.051
30.993	591.802
31.003	593.071
31.013	592.872
31.023	596.941
31.033	602.157
31.043	604.540
31.053	605.445
31.063	600.094
31.073	0.000
31.083	534.576
31.093	527.283
31.103	524.653
31.113	526.078
31.123	527.093
31.133	527.682
31.143	527.843
31.153	527.801
31.163	527.722
31.173	527.925
31.183	528.083
31.193	528.290
31.203	528.984
31.213	529.747
31.223	530.335
31.233	530.590
31.243	530.814
31.253	530.727
31.263	530.597
31.273	530.652
31.283	530.999
31.293	531.448
31.303	531.701
31.313	532.384
31.323	532.803
31.333	533.165
31.343	534.310
31.353	536.759
31.363	536.950
31.373	534.108
31.383	538.788
31.393	546.454
31.403	542.930
31.413	538.578
31.423	0.000
31.433	0.000
31.443	497.571
31.453	494.279
31.463	496.080
31.473	496.866
31.483	496.987
31.493	497.319
31.503	497.592
31.513	497.917
31.523	498.009
31.533	498.435
31.543	499.008
31.553	499.345
31.563	499.872
31.573	500.056
31.583	499.851
31.593	499.747
31.603	499.654
31.613	499.874
31.623	500.376
31.633	500.789
31.643	501.552
31.653	502.047
31.663	502.077
31.673	502.135
31.683	503.048
31.693	503.041
31.703	502.436
31.713	500.147
31.723	500.579
31.733	503.305
31.743	504.209
31.753	0.000
31.763	0.000
31.773	0.000
31.783	0.000
31.793	513.982
31.803	519.660
31.813	523.406
31.823	527.124
31.833	527.807
31.843	527.848
31.853	527.585
31.863	527.129
31.873	526.801
31.883	526.669
31.893	526.569
31.903	526.592
31.913	526.418
31.923	526.353
31.933	526.233
31.943	526.353
31.953	526.560
31.963	527.181
31.973	528.032
31.983	528.820
31.993	529.126
32.003	529.717
32.013	530.000
32.023	530.258
32.033	531.278
32.043	530.822
32.053	528.547
32.063	531.817
32.073	543.029
32.083	572.604
32.093	0.000
32.103	0.000
32.113	0.000
32.123	0.000
32.133	442.582
32.143	426.782
32.153	425.971
32.163	428.185
32.173	430.033
32.183	432.163
32.193	435.068
32.203	436.603
32.213	438.238
32.223	439.286
32.233	439.702
32.243	440.095
32.253	440.292
32.263	440.436
32.273	440.890
32.283	441.252
32.293	441.632
32.303	442.106
32.313	442.525
32.323	443.093
32.333	443.586
32.343	444.194
32.353	444.610
32.363	445.426
32.373	446.338
32.383	447.395
32.393	449.944
32.403	453.393
32.413	459.767
32.423	462.980
32.433	446.095
32.443	453.290
32.453	459.664
32.463	461.323
32.473	0.000
32.483	0.000
32.493	475.659
32.503	474.411
32.513	474.502
32.523	473.871
32.533	473.510
32.543	472.979
32.553	472.532
32.563	472.503
32.573	472.322
32.583	472.292
32.593	472.217
32.603	472.115
32.613	471.568
32.623	470.872
32.633	470.076
32.643	469.788
32.653	469.575
32.663	469.906
32.673	470.123
32.683	470.899
32.693	471.613
32.703	472.275
32.713	472.460
32.723	472.885
32.733	473.820
32.743	474.659
32.753	476.114
32.763	477.397
32.773	477.308
32.783	476.109
32.793	474.142
32.803	475.140
32.813	474.116
32.823	472.888
32.833	437.168
32.843	470.593
32.853	470.359
32.863	472.432
32.873	472.530
32.883	472.233
32.893	472.164
32.903	471.715
32.913	471.268
32.923	471.122
32.933	471.163
32.943	471.373
32.953	471.520
32.963	471.441
32.973	471.267
32.983	471.265
32.993	471.383
33.003	471.489
33.013	471.709
33.023	471.867
33.033	471.967
33.043	472.149
33.053	472.312
33.063	472.334
33.073	472.158
33.083	472.781
33.093	474.356
33.103	475.440
33.113	475.690
33.123	473.691
33.133	472.111
33.143	471.676
33.153	471.100
33.163	474.578
33.173	0.000
33.183	0.000
33.193	449.415
33.203	448.306
33.213	447.213
33.223	446.570
33.233	446.661
33.243	446.763
33.253	446.825
33.263	446.855
33.273	446.749
33.283	446.521
33.293	446.426
33.303	446.243
33.313	446.220
33.323	446.292
33.333	446.657
33.343	447.240
33.353	447.983
33.363	448.321
33.373	449.334
33.383	450.889
33.393	451.403
33.403	451.079
33.413	449.768
33.423	449.721
33.433	449.627
33.443	452.210
33.453	453.270
33.463	0.000
33.473	0.000
33.483	0.000
33.493	0.000
33.503	0.000
33.513	0.000
33.523	0.000
33.533	441.189
33.543	444.238
33.553	443.971
33.563	444.440
33.573	445.263
33.583	445.551
33.593	445.408
33.603	445.139
33.613	445.004
33.623	444.777
33.633	444.726
33.643	444.724
33.653	444.704
33.663	444.691
33.673	444.831
33.683	445.002
33.693	445.604
33.703	446.162
33.713	446.186
33.723	446.050
33.733	445.783
33.743	445.552
33.753	445.527
33.763	445.682
33.773	445.856
33.783	446.022
33.793	446.245
33.803	446.722
33.813	447.118
33.823	447.466
33.833	447.687
33.843	448.024
33.853	448.125
33.863	448.051
33.873	447.500
33.883	446.867
33.893	446.595
33.903	446.402
33.913	446.049
33.923	445.797
33.933	445.610
33.943	445.468
33.953	445.372
33.963	445.835
33.973	446.462
33.983	448.055
33.993	449.491
34.003	449.126
34.013	448.917
34.023	449.077
34.033	450.409
34.043	450.062
34.053	449.835
34.063	452.860
34.073	0.000
34.083	0.000
34.093	0.000
34.103	450.583
34.113	446.748
34.123	444.021
34.133	444.596
34.143	445.079
34.153	444.729
34.163	443.929
34.173	444.331
34.183	447.423
34.193	450.259
34.203	448.378
34.213	445.558
34.223	445.457
34.233	445.756
34.243	445.597
34.253	444.789
34.263	450.487
34.273	446.073
34.283	442.475
34.293	442.213
34.303	442.558
34.313	443.016
34.323	443.519
34.333	443.849
34.343	444.424
34.353	444.904
34.363	445.268
34.373	445.391
34.383	446.008
34.393	446.620
34.403	446.949
34.413	447.945
34.423	449.393
34.433	450.165
34.443	450.107
34.453	449.110
34.463	448.327
34.473	449.299
34.483	450.694
34.493	453.536
34.503	0.000
34.513	0.000
34.523	0.000
34.533	0.000
34.543	0.000
34.553	0.000
34.563	0.000
34.573	0.000
34.583	0.000
34.593	0.000
34.603	0.000
34.613	0.000
34.623	0.000
34.633	450.210
34.643	445.638
34.653	445.007
34.663	444.794
34.673	445.030
34.683	444.948
34.693	444.929
34.703	444.749
34.713	444.564
34.723	444.589
34.733	444.700
34.743	445.060
34.753	445.531
34.763	445.556
34.773	445.353
34.783	445.047
34.793	444.858
34.803	444.754
34.813	444.896
34.823	445.268
34.833	445.545
34.843	445.725
34.853	445.864
34.863	446.129
34.873	446.323
34.883	446.613
34.893	446.647
34.903	446.636
34.913	446.676
34.923	447.935
34.933	448.012
34.943	446.236
34.953	448.125
34.963	450.749
34.973	454.122
34.983	457.344
34.993	470.518
35.003	0.000
35.013	0.000
35.023	0.000
35.033	0.000
35.043	0.000
35.053	0.000
35.063	0.000
35.073	0.000
35.083	0.000
35.093	0.000
35.103	0.000
35.113	0.000
35.123	0.000
35.133	0.000
35.143	0.000
35.153	0.000
35.163	0.000
35.173	0.000
35.183	0.000
35.193	0.000
35.203	0.000
35.213	0.000
35.223	0.000
35.233	0.000
35.243	0.000
35.253	0.000
35.263	0.000
35.273	0.000
35.283	0.000
35.293	0.000
35.303	0.000
35.313	466.169
35.323	452.850
35.333	445.635
35.343	445.373
35.353	445.416
35.363	444.940
35.373	444.959
35.383	445.493
35.393	449.782
35.403	451.948
35.413	450.959
35.423	449.726
35.433	449.471
35.443	449.616
35.453	448.474
35.463	450.274
35.473	465.992
35.483	462.885
35.493	452.651
35.503	448.040
35.513	447.682
35.523	447.276
35.533	447.502
35.543	447.401
35.553	447.223
35.563	447.149
35.573	447.060
35.583	446.804
35.593	446.660
35.603	446.677
35.613	447.219
35.623	448.076
35.633	448.423
35.643	448.675
35.653	448.782
35.663	449.877
35.673	450.982
35.683	453.235
35.693	453.973
35.703	453.803
35.713	452.811
35.723	452.806
35.733	0.000
35.743	0.000
35.753	0.000
35.763	0.000
35.773	0.000
35.783	0.000
35.793	0.000
35.803	0.000
35.813	0.000
35.823	0.000
35.833	0.000
35.843	478.385
35.853	473.401
35.863	471.963
35.873	471.738
35.883	471.996
35.893	472.646
35.903	473.170
35.913	473.592
35.923	473.864
35.933	474.361
35.943	474.504
35.953	474.475
35.963	474.318
35.973	474.291
35.983	474.257
35.993	474.223
36.003	474.172
36.013	473.937
36.023	473.483
36.033	473.255
36.043	473.398
36.053	474.306
36.063	474.902
36.073	476.592
36.083	478.929
36.093	480.397
36.103	480.284
36.113	478.532
36.123	482.899
36.133	481.355
36.143	0.000
36.153	0.000
36.163	0.000
36.173	0.000
36.183	0.000
36.193	0.000
36.203	0.000
36.213	0.000
36.223	445.355
36.233	451.445
36.243	450.455
36.253	449.418
36.263	449.276
36.273	449.151
36.283	449.047
36.293	448.993
36.303	449.240
36.313	449.435
36.323	449.637
36.333	449.622
36.343	449.362
36.353	449.262
36.363	448.980
36.373	448.893
36.383	448.930
36.393	448.905
36.403	448.840
36.413	448.710
36.423	448.583
36.433	448.526
36.443	449.044
36.453	450.971
36.463	452.722
36.473	456.150
36.483	457.837
36.493	460.153
36.503	456.849
36.513	462.851
36.523	468.629
36.533	472.063
36.543	0.000
36.553	0.000
36.563	0.000
36.573	458.421
36.583	470.294
36.593	470.624
36.603	471.008
36.613	471.258
36.623	471.530
36.633	471.792
36.643	471.928
36.653	471.935
36.663	471.933
36.673	472.046
36.683	472.172
36.693	472.322
36.703	472.539
36.713	472.641
36.723	472.812
36.733	473.145
36.743	473.597
36.753	473.742
36.763	474.067
36.773	474.691
36.783	474.709
36.793	473.097
36.803	471.988
36.813	474.614
36.823	475.673
36.833	479.159
36.843	0.000
36.853	0.000
36.863	0.000
36.873	0.000
36.883	0.000
36.893	0.000
36.903	0.000
36.913	0.000
36.923	0.000
36.933	0.000
36.943	360.222
36.953	354.264
36.963	352.416
36.973	350.633
36.983	350.557
36.993	350.810
37.003	351.068
37.013	351.762
37.023	352.494
37.033	352.906
37.043	352.996
37.053	352.940
37.063	353.039
37.073	353.159
37.083	353.566
37.093	353.910
37.103	354.482
37.113	354.816
37.123	355.206
37.133	356.183
37.143	357.419
37.153	360.762
37.163	362.149
37.173	358.031
37.183	358.078
37.193	355.787
37.203	348.021
37.213	0.000
37.223	0.000
37.233	0.000
37.243	0.000
37.253	441.407
37.263	445.049
37.273	440.211
37.283	440.432
37.293	440.995
37.303	442.498
37.313	443.628
37.323	444.183
37.333	444.853
37.343	445.366
37.353	445.793
37.363	445.965
37.373	446.129
37.383	446.315
37.393	446.719
37.403	446.999
37.413	447.375
37.423	448.059
37.433	448.561
37.443	449.764
37.453	451.182
37.463	453.121
37.473	453.751
37.483	456.312
37.493	456.179
37.503	452.842
37.513	453.489
37.523	457.112
37.533	462.273
37.543	467.933
37.553	476.213
37.563	0.000
37.573	485.068
37.583	478.381
37.593	475.545
37.603	474.181
37.613	474.200
37.623	474.640
37.633	474.903
37.643	474.707
37.653	474.698
37.663	474.613
37.673	474.575
37.683	474.747
37.693	474.665
37.703	474.736
37.713	474.652
37.723	474.613
37.733	474.500
37.743	474.619
37.753	475.138
37.763	475.473
37.773	476.211
37.783	477.480
37.793	478.169
37.803	479.200
37.813	479.285
37.823	477.575
37.833	476.688
37.843	478.579
37.853	483.311
37.863	486.638
37.873	0.000
37.883	0.000
37.893	0.000
37.903	0.000
37.913	0.000
37.923	611.452
37.933	600.482
37.943	600.185
37.953	595.731
37.963	593.494
37.973	593.381
37.983	592.642
37.993	591.923
38.003	591.699
38.013	591.560
38.023	591.892
38.033	592.182
38.043	592.512
38.053	592.728
38.063	592.898
38.073	593.356
38.083	593.477
38.093	594.088
38.103	594.873
38.113	595.950
38.123	596.399
38.133	597.570
38.143	598.723
38.153	599.756
38.163	602.295
38.173	602.613
38.183	601.976
38.193	601.711
38.203	603.356
38.213	0.000
38.223	0.000
38.233	0.000
38.243	0.000
38.253	0.000
38.263	0.000
38.273	0.000
38.283	545.544
38.293	528.116
38.303	526.744
38.313	525.955
38.323	527.297
38.333	527.797
38.343	527.642
38.353	527.200
38.363	526.420
38.373	526.234
38.383	525.922
38.393	525.790
38.403	525.984
38.413	526.148
38.423	526.368
38.433	526.935
38.443	527.201
38.453	527.938
38.463	529.307
38.473	531.505
38.483	532.611
38.493	533.155
38.503	532.276
38.513	532.654
38.523	533.414
38.533	536.766
38.543	552.147
38.553	578.668
38.563	603.509
38.573	596.876
38.583	0.000
38.593	0.000
38.603	0.000
38.613	0.000
38.623	596.966
38.633	593.939
38.643	592.504
38.653	590.929
38.663	590.421
38.673	590.074
38.683	589.956
38.693	589.767
38.703	589.513
38.713	589.458
38.723	589.604
38.733	589.816
38.743	590.217
38.753	591.009
38.763	591.918
38.773	592.385
38.783	593.473
38.793	594.770
38.803	595.499
38.813	596.687
38.823	598.198
38.833	600.223
38.843	600.061
38.853	601.973
38.863	602.576
38.873	601.119
38.883	602.675
38.893	607.847
38.903	0.000
38.913	0.000
38.923	0.000
38.933	0.000
38.943	0.000
38.953	0.000
38.963	0.000
38.973	0.000
38.983	0.000
38.993	441.339
39.003	439.928
39.013	440.590
39.023	441.241
39.033	442.665
39.043	443.759
39.053	444.206
39.063	445.341
39.073	446.219
39.083	446.246
39.093	446.194
39.103	446.091
39.113	445.975
39.123	445.534
39.133	445.336
39.143	444.826
39.153	444.417
39.163	444.179
39.173	443.866
39.183	443.810
39.193	443.942
39.203	444.003
39.213	443.947
39.223	443.702
39.233	443.513
39.243	442.880
39.253	442.654
39.263	442.939
39.273	443.195
39.283	443.786
39.293	444.447
39.303	444.794
39.313	444.883
39.323	445.134
39.333	445.428
39.343	445.595
39.353	445.750
39.363	445.866
39.373	446.075
39.383	446.082
39.393	446.243
39.403	446.313
39.413	446.498
39.423	446.724
39.433	447.472
39.443	448.277
39.453	448.856
39.463	450.609
39.473	451.879
39.483	450.749
39.493	449.742
39.503	456.114
39.513	452.731
39.523	454.334
39.533	0.000
39.543	0.000
39.553	0.000
39.563	0.000
39.573	456.417
39.583	448.953
39.593	446.330
39.603	445.289
39.613	445.181
39.623	445.762
39.633	445.768
39.643	445.176
39.653	444.633
39.663	446.891
39.673	447.805
39.683	446.929
39.693	445.347
39.703	445.278
39.713	444.971
39.723	444.811
39.733	446.159
39.743	443.943
39.753	445.329
39.763	455.281
39.773	446.414
39.783	445.485
39.793	444.619
39.803	444.179
39.813	444.018
39.823	443.946
39.833	444.299
39.843	444.955
39.853	445.278
39.863	446.050
39.873	446.720
39.883	447.112
39.893	447.302
39.903	447.472
39.913	448.831
39.923	449.824
39.933	451.167
39.943	451.984
39.953	453.535
39.963	455.576
39.973	456.337
39.983	0.000
39.993	0.000
40.003	0.000
40.013	0.000
40.023	0.000
40.033	0.000
40.043	0.000
40.053	0.000
40.063	0.000
40.073	0.000
40.083	0.000
40.093	0.000
40.103	0.000
40.113	446.524
40.123	441.378
40.133	441.068
40.143	441.277
40.153	441.770
40.163	441.738
40.173	441.624
40.183	441.733
40.193	442.510
40.203	443.369
40.213	443.616
40.223	443.699
40.233	443.414
40.243	443.086
40.253	442.365
40.263	441.966
40.273	442.230
40.283	442.430
40.293	442.801
40.303	442.792
40.313	442.652
40.323	442.645
40.333	442.528
40.343	442.423
40.353	442.469
40.363	442.237
40.373	442.439
40.383	443.310
40.393	444.269
40.403	444.716
40.413	444.511
40.423	443.336
40.433	444.743
40.443	451.548
40.453	456.303
40.463	462.705
40.473	0.000
40.483	0.000
40.493	0.000
40.503	0.000
40.513	0.000
40.523	0.000
40.533	0.000
40.543	0.000
40.553	0.000
40.563	0.000
40.573	0.000
40.583	0.000
40.593	0.000
40.603	0.000
40.613	0.000
40.623	0.000
40.633	0.000
40.643	0.000
40.653	0.000
40.663	0.000
40.673	0.000
40.683	0.000
40.693	0.000
40.703	0.000
40.713	0.000
40.723	0.000
40.733	0.000
40.743	0.000
40.753	460.496
40.763	444.910
40.773	442.638
40.783	442.913
40.793	443.494
40.803	444.384
40.813	444.502
40.823	444.354
40.833	444.398
40.843	446.555
40.853	447.208
40.863	446.675
40.873	445.890
40.883	446.950
40.893	447.280
40.903	447.249
40.913	446.012
40.923	449.809
40.933	477.844
40.943	465.932
40.953	449.190
40.963	446.141
40.973	446.578
40.983	446.919
40.993	446.869
41.003	446.683
41.013	446.532
41.023	446.752
41.033	447.157
41.043	447.378
41.053	447.984
41.063	448.959
41.073	449.404
41.083	450.322
41.093	451.683
41.103	453.220
41.113	453.709
41.123	452.272
41.133	452.729
41.143	452.265
41.153	452.810
41.163	0.000
41.173	0.000
41.183	0.000
41.193	0.000
41.203	0.000
41.213	0.000
41.223	0.000
41.233	0.000
41.243	0.000
41.253	0.000
41.263	0.000
41.273	0.000
41.283	0.000
41.293	574.867
41.303	586.605
41.313	592.113
41.323	590.258
41.333	589.828
41.343	589.728
41.353	589.999
41.363	590.175
41.373	590.911
41.383	591.071
41.393	590.696
41.403	590.569
41.413	590.082
41.423	589.407
41.433	589.215
41.443	588.991
41.453	590.022
41.463	593.085
41.473	595.276
41.483	598.009
41.493	599.482
41.503	600.136
41.513	600.343
41.523	602.249
41.533	604.917
41.543	605.374
41.553	602.495
41.563	599.907
41.573	607.620
41.583	606.524
41.593	0.000
41.603	0.000
41.613	0.000
41.623	0.000
41.633	0.000
41.643	0.000
41.653	0.000
41.663	602.570
41.673	594.787
41.683	592.328
41.693	591.603
41.703	590.946
41.713	590.966
41.723	590.975
41.733	590.887
41.743	590.610
41.753	590.265
41.763	590.048
41.773	589.825
41.783	589.901
41.793	590.011
41.803	590.444
41.813	590.781
41.823	590.904
41.833	591.009
41.843	591.763
41.853	593.851
41.863	595.163
41.873	595.405
41.883	596.220
41.893	597.981
41.903	601.360
41.913	601.912
41.923	603.727
41.933	603.223
41.943	605.838
41.953	608.999
41.963	0.000
41.973	0.000
41.983	0.000
41.993	0.000
42.003	0.000
42.013	0.000
42.023	0.000
42.033	536.430
42.043	534.094
42.053	534.829
42.063	534.217
42.073	533.709
42.083	533.546
42.093	533.031
42.103	532.923
42.113	532.938
42.123	532.898
42.133	532.579
42.143	532.109
42.153	531.871
42.163	531.866
42.173	532.125
42.183	532.987
42.193	533.426
42.203	534.500
42.213	535.301
42.223	535.794
42.233	536.647
42.243	537.835
42.253	538.594
42.263	538.701
42.273	539.338
42.283	537.673
42.293	540.563
42.303	542.683
42.313	551.373
42.323	550.014
42.333	0.000
42.343	0.000
42.353	0.000
42.363	0.000
42.373	0.000
42.383	499.933
42.393	499.593
42.403	499.232
42.413	499.073
42.423	499.869
42.433	500.344
42.443	500.254
42.453	500.364
42.463	500.546
42.473	500.850
42.483	501.042
42.493	501.184
42.503	501.222
42.513	501.316
42.523	501.265
42.533	501.315
42.543	501.358
42.553	501.296
42.563	501.396
42.573	501.742
42.583	502.879
42.593	503.541
42.603	504.204
42.613	503.374
42.623	502.470
42.633	501.222
42.643	503.177
42.653	505.749
42.663	505.353
42.673	0.000
42.683	0.000
42.693	0.000
42.703	0.000
42.713	0.000
42.723	518.160
42.733	518.860
42.743	522.772
42.753	525.819
42.763	527.673
42.773	528.357
42.783	529.301
42.793	529.062
42.803	528.895
42.813	528.430
42.823	528.207
42.833	528.017
42.843	528.036
42.853	528.285
42.863	529.006
42.873	529.969
42.883	530.458
42.893	531.237
42.903	531.506
42.913	531.706
42.923	532.663
42.933	534.227
42.943	535.007
42.953	535.901
42.963	533.733
42.973	534.778
42.983	534.598
42.993	536.496
43.003	0.000
43.013	0.000
43.023	0.000
43.033	0.000
43.043	0.000
43.053	529.373
43.063	535.530
43.073	530.114
43.083	529.477
43.093	529.432
43.103	529.394
43.113	529.521
43.123	529.814
43.133	530.374
43.143	532.818
43.153	535.017
43.163	532.542
43.173	535.608
43.183	538.570
43.193	539.462
43.203	529.440
43.213	0.000
43.223	632.712
43.233	622.064
43.243	620.353
43.253	620.177
43.263	620.797
43.273	621.057
43.283	621.562
43.293	621.901
43.303	622.186
43.313	622.087
43.323	621.559
43.333	622.262
43.343	624.191
43.353	624.744
43.363	617.639
43.373	620.150
43.383	613.787
43.393	612.754
43.403	0.000
43.413	526.110
43.423	512.561
43.433	490.209
43.443	479.612
43.453	478.933
43.463	478.563
43.473	478.142
43.483	477.693
43.493	477.591
43.503	477.274
43.513	476.879
43.523	476.426
43.533	476.179
43.543	475.494
43.553	474.888
43.563	474.587
43.573	474.269
43.583	474.068
43.593	474.215
43.603	474.192
43.613	474.529
43.623	475.554
43.633	476.191
43.643	477.536
43.653	478.423
43.663	478.880
43.673	478.039
43.683	477.786
43.693	478.015
43.703	480.916
43.713	0.000
43.723	0.000
43.733	0.000
43.743	0.000
43.753	556.054
43.763	538.108
43.773	534.795
43.783	534.742
43.793	533.130
43.803	532.608
43.813	532.355
43.823	531.900
43.833	532.108
43.843	532.368
43.853	532.369
43.863	532.484
43.873	532.719
43.883	532.944
43.893	533.074
43.903	533.272
43.913	533.322
43.923	533.399
43.933	533.819
43.943	535.021
43.953	536.510
43.963	536.224
43.973	535.992
43.983	534.511
43.993	534.414
44.003	536.621
44.013	543.158
44.023	550.003
44.033	0.000
44.043	0.000
44.053	0.000
44.063	0.000
44.073	0.000
44.083	0.000
44.093	0.000
44.103	0.000
44.113	0.000
44.123	478.533
44.133	470.975
44.143	470.087
44.153	469.773
44.163	469.447
44.173	469.687
44.183	469.830
44.193	469.892
44.203	469.682
44.213	469.594
44.223	469.254
44.233	469.073
44.243	469.396
44.253	469.736
44.263	470.537
44.273	471.871
44.283	472.502
44.293	474.013
44.303	475.100
44.313	475.988
44.323	476.443
44.333	476.988
44.343	476.846
44.353	476.710
44.363	476.803
44.373	477.071
44.383	477.375
44.393	476.617
44.403	476.090
44.413	0.000
44.423	0.000
44.433	0.000
44.443	0.000
44.453	0.000
44.463	0.000
44.473	0.000
44.483	0.000
44.493	0.000
44.503	0.000
44.513	477.684
44.523	470.032
44.533	469.857
44.543	470.315
44.553	470.805
44.563	471.252
44.573	471.390
44.583	471.614
44.593	471.763
44.603	471.853
44.613	471.846
44.623	471.641
44.633	471.338
44.643	471.178
44.653	470.776
44.663	470.617
44.673	470.728
44.683	470.664
44.693	470.432
44.703	469.899
44.713	469.150
44.723	468.973
44.733	468.566
44.743	468.525
44.753	468.453
44.763	468.114
44.773	467.680
44.783	467.211
44.793	467.208
44.803	467.484
44.813	468.411
44.823	469.126
44.833	470.057
44.843	471.069
44.853	471.843
44.863	472.138
44.873	472.571
44.883	472.550
44.893	472.304
44.903	472.138
44.913	471.613
44.923	470.744
44.933	470.588
44.943	470.305
44.953	470.573
44.963	470.951
44.973	471.090
44.983	471.480
44.993	472.285
45.003	472.740
45.013	473.527
45.023	473.959
45.033	475.911
45.043	475.557
45.053	477.350
45.063	476.278
45.073	475.445
45.083	473.789
45.093	476.074
45.103	478.203
45.113	449.175
45.123	0.000
45.133	469.749
45.143	470.013
45.153	470.421
45.163	470.676
45.173	469.973
45.183	469.829
45.193	470.453
45.203	473.328
45.213	473.127
45.223	472.155
45.233	470.363
45.243	469.284
45.253	468.837
45.263	469.034
45.273	471.571
45.283	473.354
45.293	475.951
45.303	478.552
45.313	470.905
45.323	469.183
45.333	469.089
45.343	469.238
45.353	469.343
45.363	469.476
45.373	470.264
45.383	471.181
45.393	472.124
45.403	472.652
45.413	473.546
45.423	474.044
45.433	474.222
45.443	474.126
45.453	474.321
45.463	475.291
45.473	476.077
45.483	477.544
45.493	478.355
45.503	477.867
45.513	477.411
45.523	478.497
45.533	0.000
45.543	0.000
45.553	0.000
45.563	0.000
45.573	0.000
45.583	0.000
45.593	0.000
45.603	0.000
45.613	0.000
45.623	0.000
45.633	0.000
45.643	0.000
45.653	483.235
45.663	471.801
45.673	470.637
45.683	470.576
45.693	470.337
45.703	470.366
45.713	470.273
45.723	469.855
45.733	469.685
45.743	469.135
45.753	468.802
45.763	468.825
45.773	469.014
45.783	468.994
45.793	468.844
45.803	468.730
45.813	468.618
45.823	468.713
45.833	468.646
45.843	468.699
45.853	468.576
45.863	468.442
45.873	468.348
45.883	468.216
45.893	468.249
45.903	468.588
45.913	469.120
45.923	470.113
45.933	470.381
45.943	471.978
45.953	472.894
45.963	476.944
45.973	480.803
45.983	479.380
45.993	470.599
46.003	468.540
46.013	467.575
46.023	0.000
46.033	0.000
46.043	0.000
46.053	0.000
46.063	0.000
46.073	0.000
46.083	0.000
46.093	0.000
46.103	0.000
46.113	0.000
46.123	0.000
46.133	0.000
46.143	0.000
46.153	0.000
46.163	0.000
46.173	0.000
46.183	0.000
46.193	0.000
46.203	0.000
46.213	0.000
46.223	0.000
46.233	0.000
46.243	0.000
46.253	0.000
46.263	471.014
46.273	486.805
46.283	476.172
46.293	473.719
46.303	473.328
46.313	472.660
46.323	471.774
46.333	471.598
46.343	471.955
46.353	473.073
46.363	476.745
46.373	476.336
46.383	473.917
46.393	472.850
46.403	472.457
46.413	472.511
46.423	472.515
46.433	474.606
46.443	488.824
46.453	486.193
46.463	474.698
46.473	470.916
46.483	470.682
46.493	470.760
46.503	471.225
46.513	471.634
46.523	471.787
46.533	472.343
46.543	472.741
46.553	472.901
46.563	473.291
46.573	474.086
46.583	474.925
46.593	474.873
46.603	475.457
46.613	477.435
46.623	477.971
46.633	478.015
46.643	478.313
46.653	476.426
46.663	477.505
46.673	0.000
46.683	0.000
46.693	0.000
46.703	0.000
46.713	0.000
46.723	0.000
46.733	0.000
46.743	0.000
46.753	0.000
46.763	0.000
46.773	0.000
46.783	0.000
46.793	0.000
46.803	0.000
46.813	0.000
46.823	0.000
46.833	359.578
46.843	358.039
46.853	353.536
46.863	351.506
46.873	351.553
46.883	351.799
46.893	352.187
46.903	352.493
46.913	352.519
46.923	352.596
46.933	352.562
46.943	352.626
46.953	352.719
46.963	352.872
46.973	352.885
46.983	352.806
46.993	352.757
47.003	352.606
47.013	352.543
47.023	352.439
47.033	352.296
47.043	352.272
47.053	352.395
47.063	352.410
47.073	352.598
47.083	352.791
47.093	352.934
47.103	352.980
47.113	353.083
47.123	353.102
47.133	353.097
47.143	353.175
47.153	353.242
47.163	353.217
47.173	353.210
47.183	353.042
47.193	353.115
47.203	353.116
47.213	353.136
47.223	353.204
47.233	353.159
47.243	353.082
47.253	352.818
47.263	352.805
47.273	353.088
47.283	353.316
47.293	353.993
47.303	355.232
47.313	356.159
47.323	358.019
47.333	359.032
47.343	356.592
47.353	356.343
47.363	356.511
47.373	358.390
47.383	360.083
47.393	358.849
47.403	0.000
47.413	0.000
47.423	0.000
47.433	0.000
47.443	0.000
47.453	0.000
47.463	0.000
47.473	365.208
47.483	359.436
47.493	356.849
47.503	355.026
47.513	354.592
47.523	353.995
47.533	353.586
47.543	352.605
47.553	353.704
47.563	355.904
47.573	356.609
47.583	354.104
47.593	352.951
47.603	353.144
47.613	353.660
47.623	354.760
47.633	353.737
47.643	353.512
47.653	356.381
47.663	364.333
47.673	362.362
47.683	355.463
47.693	353.504
47.703	353.430
47.713	353.698
47.723	353.965
47.733	354.172
47.743	354.268
47.753	354.491
47.763	354.729
47.773	354.941
47.783	355.080
47.793	355.442
47.803	355.969
47.813	356.846
47.823	357.746
47.833	359.092
47.843	359.533
47.853	359.413
47.863	359.582
47.873	359.114
47.883	356.857
47.893	355.961
47.903	357.470
47.913	0.000
47.923	0.000
47.933	0.000
47.943	0.000
47.953	0.000
47.963	0.000
47.973	0.000
47.983	0.000
47.993	0.000
48.003	0.000
48.013	0.000
48.023	0.000
48.033	0.000
48.043	0.000
48.053	372.850
48.063	361.353
48.073	358.854
48.083	354.900
48.093	353.770
48.103	353.831
48.113	353.575
48.123	353.237
48.133	352.959
48.143	352.953
48.153	352.951
48.163	352.957
48.173	352.823
48.183	352.641
48.193	352.367
48.203	352.068
48.213	351.873
48.223	351.738
48.233	351.741
48.243	351.866
48.253	351.918
48.263	351.898
48.273	351.855
48.283	351.923
48.293	351.935
48.303	352.144
48.313	352.298
48.323	352.305
48.333	352.557
48.343	352.780
48.353	352.837
48.363	352.902
48.373	352.851
48.383	352.660
48.393	352.545
48.403	352.341
48.413	352.189
48.423	352.214
48.433	352.297
48.443	352.404
48.453	352.390
48.463	352.213
48.473	352.072
48.483	351.610
48.493	351.237
48.503	351.251
48.513	351.636
48.523	352.696
48.533	353.962
48.543	354.898
48.553	356.731
48.563	357.376
48.573	357.475
48.583	355.076
48.593	355.166
48.603	355.693
48.613	356.009
48.623	356.683
48.633	0.000
48.643	0.000
48.653	0.000
48.663	0.000
48.673	0.000
48.683	0.000
48.693	0.000
48.703	0.000
48.713	0.000
48.723	369.021
48.733	361.732
48.743	356.048
48.753	354.677
48.763	353.103
48.773	352.794
48.783	351.988
48.793	351.706
48.803	351.582
48.813	353.859
48.823	354.531
48.833	353.696
48.843	351.990
48.853	351.407
48.863	351.753
48.873	352.002
48.883	351.962
48.893	357.467
48.903	357.974
48.913	355.710
48.923	352.290
48.933	351.599
48.943	351.352
48.953	351.717
48.963	351.865
48.973	351.973
48.983	352.014
48.993	352.175
49.003	352.502
49.013	352.675
49.023	353.002
49.033	353.110
49.043	353.250
49.053	354.104
49.063	356.268
49.073	358.131
49.083	358.323
49.093	358.135
49.103	356.950
49.113	356.003
49.123	356.302
49.133	356.591
49.143	361.231
49.153	0.000
49.163	0.000
49.173	0.000
49.183	0.000
49.193	0.000
49.203	0.000
49.213	0.000
49.223	0.000
49.233	0.000
49.243	0.000
49.253	0.000
49.263	0.000
49.273	0.000
49.283	0.000
49.293	0.000
49.303	356.314
49.313	351.609
49.323	349.947
49.333	349.829
49.343	349.926
49.353	350.428
49.363	350.687
49.373	350.646
49.383	350.289
49.393	349.813
49.403	349.643
49.413	349.451
49.423	349.678
49.433	350.035
49.443	350.222
49.453	350.382
49.463	350.515
49.473	350.579
49.483	350.466
49.493	350.238
49.503	350.094
49.513	350.091
49.523	350.310
49.533	350.527
49.543	350.819
49.553	350.950
49.563	351.208
49.573	351.439
49.583	351.380
49.593	351.506
49.603	351.681
49.613	351.854
49.623	351.810
49.633	351.851
49.643	351.805
49.653	351.679
49.663	351.691
49.673	351.715
49.683	351.860
49.693	351.852
49.703	351.729
49.713	351.566
49.723	351.232
49.733	351.158
49.743	350.820
49.753	350.411
49.763	350.129
49.773	349.630
49.783	349.351
49.793	349.334
49.803	349.393
49.813	349.740
49.823	350.051
49.833	350.529
49.843	350.740
49.853	351.352
49.863	351.943
49.873	352.167
49.883	352.563
49.893	352.815
49.903	352.929
49.913	352.936
49.923	352.779
49.933	352.572
49.943	352.449
49.953	352.074
49.963	351.696
49.973	351.266
49.983	351.106
49.993	350.735
50.003	350.408
50.013	350.169
50.023	350.034
50.033	349.934
50.043	350.125
50.053	350.220
50.063	350.433
50.073	350.515
50.083	350.747
50.093	350.952
50.103	351.444
50.113	352.013
50.123	352.319
50.133	352.807
50.143	353.084
50.153	353.216
50.163	353.248
50.173	352.893
50.183	352.527
50.193	352.065
50.203	351.816
50.213	351.290
50.223	350.878
50.233	350.690
50.243	350.493
50.253	350.202
50.263	349.906
50.273	349.751
50.283	349.559
50.293	349.470
50.303	349.550
50.313	349.918
50.323	350.461
50.333	350.813
50.343	351.081
50.353	351.514
50.363	351.822
50.373	351.897
50.383	351.870
50.393	351.773
50.403	351.799
50.413	351.857
50.423	351.790
50.433	351.663
50.443	351.392
50.453	351.212
50.463	350.863
50.473	350.395
50.483	350.240
50.493	350.117
50.503	350.094
50.513	350.185
50.523	350.295
50.533	350.592
50.543	350.884
50.553	351.073
50.563	351.195
50.573	351.398
50.583	351.625
50.593	351.883
50.603	352.256
50.613	352.588
50.623	352.588
50.633	352.570
50.643	352.411
50.653	352.208
50.663	352.118
50.673	351.943
50.683	351.637
50.693	351.287
50.703	351.144
50.713	350.818
50.723	350.603
50.733	350.589
50.743	350.563
50.753	350.483
50.763	350.485
50.773	350.426
50.783	350.472
50.793	350.737
50.803	351.136
50.813	351.352
50.823	351.933
50.833	352.540
50.843	352.867
50.853	352.932
50.863	352.932
50.873	352.906
50.883	352.812
50.893	352.629
50.903	352.228
50.913	351.894
50.923	351.710
50.933	351.351
50.943	351.030
50.953	350.893
50.963	350.776
50.973	350.701
50.983	350.563
50.993	350.511
51.003	350.463
51.013	350.525
51.023	350.872
51.033	351.074
51.043	351.316
51.053	351.603
51.063	351.607
51.073	351.838
51.083	352.150
51.093	352.440
51.103	352.524
51.113	352.787
51.123	352.870
51.133	352.786
51.143	352.532
51.153	352.331
51.163	352.135
51.173	352.036
51.183	351.733
51.193	351.187
51.203	350.891
51.213	350.776
51.223	350.572
51.233	350.376
51.243	350.363
51.253	350.436
51.263	350.626
51.273	350.938
51.283	351.101
51.293	351.468
51.303	351.787
51.313	351.842
51.323	352.039
51.333	352.223
51.343	352.156
51.353	352.268
51.363	352.337
51.373	352.215
51.383	352.117
51.393	352.038
51.403	351.856
51.413	351.596
51.423	351.517
51.433	351.221
51.443	350.946
51.453	350.604
51.463	350.477
51.473	350.259
51.483	350.144
51.493	350.154
51.503	350.364
51.513	350.790
51.523	351.274
51.533	351.429
51.543	351.763
51.553	352.098
51.563	352.297
51.573	352.308
51.583	352.209
51.593	352.255
51.603	352.248
51.613	352.268
51.623	352.119
51.633	352.012
51.643	351.983
51.653	351.790
51.663	351.434
51.673	351.207
51.683	350.996
51.693	350.901
51.703	350.971
51.713	351.088
51.723	351.349
51.733	351.646
51.743	351.883
51.753	352.066
51.763	352.466
51.773	352.796
51.783	353.045
51.793	353.552
51.803	354.144
51.813	354.428
51.823	354.432
51.833	354.750
51.843	355.853
51.853	356.151
51.863	356.646
51.873	356.814
51.883	362.063
51.893	364.335
51.903	0.000
51.913	0.000
51.923	0.000
51.933	0.000
51.943	0.000
51.953	0.000
51.963	0.000
51.973	0.000
51.983	0.000
51.993	0.000
52.003	0.000
52.013	0.000
52.023	0.000
52.033	0.000
52.043	0.000
52.053	0.000
52.063	0.000
52.073	0.000
52.083	0.000
52.093	0.000
52.103	0.000
52.113	0.000
52.123	0.000
52.133	0.000
52.143	0.000
52.153	0.000
52.163	0.000
52.173	0.000
52.183	0.000
52.193	0.000
52.203	0.000
52.213	0.000
52.223	0.000
52.233	0.000
52.243	0.000
52.253	0.000
52.263	0.000
52.273	0.000
52.283	0.000
52.293	0.000
52.303	0.000
52.313	0.000
52.323	0.000
52.333	0.000
52.343	0.000
52.353	0.000
52.363	0.000
52.373	0.000
52.383	0.000
52.393	0.000
52.403	0.000
52.413	0.000
52.423	0.000
52.433	0.000
52.443	0.000
52.453	0.000
52.463	0.000
52.473	0.000
52.483	0.000
52.493	0.000
52.503	0.000
52.513	0.000
52.523	0.000
52.533	0.000
52.543	0.000
52.553	0.000
52.563	0.000
52.573	0.000
52.583	0.000
52.593	0.000
52.603	0.000
52.613	0.000
52.623	0.000
52.633	0.000
52.643	0.000
52.653	0.000
52.663	0.000
52.673	0.000
52.683	0.000
52.693	0.000
52.703	0.000
52.713	0.000
52.723	0.000
52.733	0.000
52.743	0.000
52.753	0.000
52.763	0.000
52.773	0.000
52.783	0.000
52.793	0.000
52.803	0.000
52.813	0.000
52.823	0.000
52.833	0.000
52.843	0.000
52.853	0.000
52.863	0.000
52.873	0.000
52.883	0.000
52.893	0.000
52.903	0.000
52.913	0.000
52.923	0.000
52.933	0.000
52.943	0.000
52.953	0.000
52.963	0.000
52.973	0.000
52.983	0.000
52.993	0.000
53.003	0.000
53.013	0.000
53.023	0.000
53.033	0.000
53.043	0.000
53.053	0.000
53.063	0.000
53.073	0.000
53.083	0.000
53.093	0.000
53.103	0.000
53.113	0.000
53.123	0.000
53.133	0.000
53.143	0.000
53.153	0.000
53.163	0.000
53.173	0.000
53.183	0.000
53.193	0.000
53.203	0.000
53.213	0.000
53.223	0.000
53.233	0.000
53.243	0.000
53.253	0.000
53.263	0.000
53.273	0.000
53.283	0.000
53.293	0.000
53.303	0.000
53.313	0.000
53.323	0.000
53.333	0.000
53.343	0.000
53.353	0.000
53.363	0.000
53.373	0.000
53.383	0.000
53.393	0.000
53.403	0.000
53.413	0.000
53.423	0.000
53.433	0.000
53.443	0.000
