0.023	0.000
0.033	0.000
0.043	0.000
0.053	0.000
0.063	0.000
0.073	0.000
0.083	0.000
0.093	0.000
0.103	0.000
0.113	0.000
0.123	0.000
0.133	0.000
0.143	0.000
0.153	0.000
0.163	0.000
0.173	0.000
0.183	0.000
0.193	0.000
0.203	0.000
0.213	0.000
0.223	0.000
0.233	0.000
0.243	0.000
0.253	0.000
0.263	0.000
0.273	0.000
0.283	0.000
0.293	0.000
0.303	0.000
0.313	0.000
0.323	0.000
0.333	0.000
0.343	0.000
0.353	0.000
0.363	0.000
0.373	0.000
0.383	0.000
0.393	0.000
0.403	0.000
0.413	0.000
0.423	0.000
0.433	0.000
0.443	0.000
0.453	0.000
0.463	0.000
0.473	0.000
0.483	0.000
0.493	0.000
0.503	0.000
0.513	0.000
0.523	0.000
0.533	0.000
0.543	0.000
0.553	0.000
0.563	0.000
0.573	0.000
0.583	0.000
0.593	0.000
0.603	0.000
0.613	0.000
0.623	0.000
0.633	0.000
0.643	0.000
0.653	0.000
0.663	0.000
0.673	0.000
0.683	0.000
0.693	0.000
0.703	0.000
0.713	0.000
0.723	0.000
0.733	0.000
0.743	0.000
0.753	0.000
0.763	0.000
0.773	0.000
0.783	0.000
0.793	0.000
0.803	0.000
0.813	0.000
0.823	0.000
0.833	0.000
0.843	0.000
0.853	0.000
0.863	0.000
0.873	0.000
0.883	0.000
0.893	0.000
0.903	0.000
0.913	0.000
0.923	0.000
0.933	0.000
0.943	0.000
0.953	0.000
0.963	0.000
0.973	0.000
0.983	0.000
0.993	0.000
1.003	0.000
1.013	0.000
1.023	0.000
1.033	0.000
1.043	0.000
1.053	0.000
1.063	0.000
1.073	0.000
1.083	0.000
1.093	0.000
1.103	0.000
1.113	0.000
1.123	0.000
1.133	0.000
1.143	0.000
1.153	0.000
1.163	0.000
1.173	0.000
1.183	0.000
1.193	0.000
1.203	0.000
1.213	0.000
1.223	0.000
1.233	0.000
1.243	0.000
1.253	0.000
1.263	0.000
1.273	0.000
1.283	0.000
1.293	0.000
1.303	0.000
1.313	0.000
1.323	0.000
1.333	0.000
1.343	0.000
1.353	0.000
1.363	0.000
1.373	0.000
1.383	0.000
1.393	0.000
1.403	0.000
1.413	0.000
1.423	0.000
1.433	0.000
1.443	0.000
1.453	0.000
1.463	0.000
1.473	0.000
1.483	0.000
1.493	0.000
1.503	0.000
1.513	0.000
1.523	0.000
1.533	0.000
1.543	0.000
1.553	0.000
1.563	0.000
1.573	0.000
1.583	0.000
1.593	0.000
1.603	0.000
1.613	0.000
1.623	0.000
1.633	0.000
1.643	0.000
1.653	0.000
1.663	0.000
1.673	0.000
1.683	0.000
1.693	0.000
1.703	0.000
1.713	0.000
1.723	0.000
1.733	0.000
1.743	0.000
1.753	0.000
1.763	0.000
1.773	0.000
1.783	0.000
1.793	0.000
1.803	0.000
1.813	0.000
1.823	0.000
1.833	0.000
1.843	0.000
1.853	0.000
1.863	0.000
1.873	0.000
1.883	0.000
1.893	0.000
1.903	0.000
1.913	0.000
1.923	0.000
1.933	0.000
1.943	0.000
1.953	0.000
1.963	0.000
1.973	0.000
1.983	0.000
1.993	0.000
2.003	0.000
2.013	0.000
2.023	0.000
2.033	0.000
2.043	0.000
2.053	0.000
2.063	0.000
2.073	0.000
2.083	0.000
2.093	0.000
2.103	0.000
2.113	0.000
2.123	0.000
2.133	0.000
2.143	0.000
2.153	0.000
2.163	0.000
2.173	0.000
2.183	0.000
2.193	0.000
2.203	0.000
2.213	0.000
2.223	0.000
2.233	0.000
2.243	0.000
2.253	0.000
2.263	0.000
2.273	0.000
2.283	0.000
2.293	0.000
2.303	0.000
2.313	0.000
2.323	0.000
2.333	0.000
2.343	0.000
2.353	0.000
2.363	0.000
2.373	0.000
2.383	0.000
2.393	0.000
2.403	0.000
2.413	0.000
2.423	0.000
2.433	0.000
2.443	0.000
2.453	0.000
2.463	0.000
2.473	0.000
2.483	0.000
2.493	0.000
2.503	0.000
2.513	0.000
2.523	0.000
2.533	0.000
2.543	0.000
2.553	0.000
2.563	0.000
2.573	0.000
2.583	0.000
2.593	0.000
2.603	0.000
2.613	0.000
2.623	0.000
2.633	0.000
2.643	0.000
2.653	0.000
2.663	0.000
2.673	0.000
2.683	0.000
2.693	0.000
2.703	0.000
2.713	0.000
2.723	0.000
2.733	0.000
2.743	0.000
2.753	0.000
2.763	0.000
2.773	0.000
2.783	0.000
2.793	0.000
2.803	0.000
2.813	0.000
2.823	0.000
2.833	0.000
2.843	0.000
2.853	0.000
2.863	0.000
2.873	0.000
2.883	0.000
2.893	0.000
2.903	0.000
2.913	0.000
2.923	0.000
2.933	0.000
2.943	0.000
2.953	0.000
2.963	0.000
2.973	0.000
2.983	0.000
2.993	0.000
3.003	0.000
3.013	0.000
3.023	0.000
3.033	0.000
3.043	0.000
3.053	0.000
3.063	0.000
3.073	0.000
3.083	0.000
3.093	0.000
3.103	0.000
3.113	0.000
3.123	0.000
3.133	0.000
3.143	0.000
3.153	0.000
3.163	0.000
3.173	0.000
3.183	0.000
3.193	0.000
3.203	0.000
3.213	0.000
3.223	0.000
3.233	0.000
3.243	0.000
3.253	0.000
3.263	0.000
3.273	0.000
3.283	0.000
3.293	0.000
3.303	0.000
3.313	0.000
3.323	0.000
3.333	0.000
3.343	0.000
3.353	0.000
3.363	0.000
3.373	0.000
3.383	0.000
3.393	0.000
3.403	0.000
3.413	0.000
3.423	0.000
3.433	0.000
3.443	0.000
3.453	0.000
3.463	0.000
3.473	0.000
3.483	0.000
3.493	58.270
3.503	58.270
3.513	58.270
3.523	58.270
3.533	58.270
3.543	58.270
3.553	58.270
3.563	58.270
3.573	58.270
3.583	58.270
3.593	58.270
3.603	58.270
3.613	58.270
3.623	58.270
3.633	58.270
3.643	58.270
3.653	58.270
3.663	58.270
3.673	58.270
3.683	58.270
3.693	58.270
3.703	58.270
3.713	58.270
3.723	58.270
3.733	58.270
3.743	58.270
3.753	58.270
3.763	58.270
3.773	58.270
3.783	58.270
3.793	58.270
3.803	58.270
3.813	58.270
3.823	58.270
3.833	58.270
3.843	58.270
3.853	58.270
3.863	58.270
3.873	0.000
3.883	43.654
3.893	43.654
3.903	43.654
3.913	43.654
3.923	43.654
3.933	43.654
3.943	43.654
3.953	43.654
3.963	43.654
3.973	43.654
3.983	43.654
3.993	43.654
4.003	43.654
4.013	43.654
4.023	43.654
4.033	43.654
4.043	43.654
4.053	43.654
4.063	43.654
4.073	43.654
4.083	43.654
4.093	43.654
4.103	43.654
4.113	43.654
4.123	43.654
4.133	43.654
4.143	43.654
4.153	43.654
4.163	0.000
4.173	58.270
4.183	58.270
4.193	58.270
4.203	58.270
4.213	58.270
4.223	58.270
4.233	58.270
4.243	58.270
4.253	58.270
4.263	58.270
4.273	58.270
4.283	58.270
4.293	58.270
4.303	58.270
4.313	58.270
4.323	58.270
4.333	58.270
4.343	58.270
4.353	58.270
4.363	58.270
4.373	58.270
4.383	58.270
4.393	58.270
4.403	58.270
4.413	58.270
4.423	58.270
4.433	58.270
4.443	58.270
4.453	58.270
4.463	58.270
4.473	0.000
4.483	0.000
4.493	0.000
4.503	97.999
4.513	97.999
4.523	97.999
4.533	97.999
4.543	97.999
4.553	97.999
4.563	97.999
4.573	97.999
4.583	97.999
4.593	97.999
4.603	97.999
4.613	97.999
4.623	97.999
4.633	97.999
4.643	97.999
4.653	97.999
4.663	97.999
4.673	97.999
4.683	97.999
4.693	97.999
4.703	97.999
4.713	97.999
4.723	97.999
4.733	97.999
4.743	97.999
4.753	97.999
4.763	97.999
4.773	97.999
4.783	97.999
4.793	97.999
4.803	97.999
4.813	97.999
4.823	97.999
4.833	97.999
4.843	0.000
4.853	0.000
4.863	87.307
4.873	87.307
4.883	87.307
4.893	87.307
4.903	87.307
4.913	87.307
4.923	87.307
4.933	87.307
4.943	87.307
4.953	87.307
4.963	87.307
4.973	87.307
4.983	87.307
4.993	87.307
5.003	87.307
5.013	87.307
5.023	87.307
5.033	87.307
5.043	87.307
5.053	87.307
5.063	87.307
5.073	87.307
5.083	87.307
5.093	87.307
5.103	87.307
5.113	87.307
5.123	87.307
5.133	87.307
5.143	87.307
5.153	87.307
5.163	87.307
5.173	87.307
5.183	87.307
5.193	0.000
5.203	0.000
5.213	58.270
5.223	58.270
5.233	58.270
5.243	58.270
5.253	58.270
5.263	58.270
5.273	58.270
5.283	58.270
5.293	58.270
5.303	58.270
5.313	58.270
5.323	58.270
5.333	58.270
5.343	58.270
5.353	58.270
5.363	58.270
5.373	58.270
5.383	58.270
5.393	58.270
5.403	58.270
5.413	58.270
5.423	58.270
5.433	58.270
5.443	58.270
5.453	58.270
5.463	58.270
5.473	58.270
5.483	58.270
5.493	58.270
5.503	58.270
5.513	0.000
5.523	0.000
5.533	0.000
5.543	58.270
5.553	58.270
5.563	58.270
5.573	58.270
5.583	58.270
5.593	58.270
5.603	58.270
5.613	58.270
5.623	58.270
5.633	58.270
5.643	58.270
5.653	58.270
5.663	58.270
5.673	58.270
5.683	58.270
5.693	58.270
5.703	58.270
5.713	58.270
5.723	58.270
5.733	58.270
5.743	58.270
5.753	58.270
5.763	58.270
5.773	58.270
5.783	58.270
5.793	58.270
5.803	58.270
5.813	58.270
5.823	58.270
5.833	58.270
5.843	58.270
5.853	58.270
5.863	58.270
5.873	0.000
5.883	0.000
5.893	77.782
5.903	77.782
5.913	77.782
5.923	77.782
5.933	77.782
5.943	77.782
5.953	77.782
5.963	77.782
5.973	77.782
5.983	77.782
5.993	77.782
6.003	77.782
6.013	77.782
6.023	77.782
6.033	77.782
6.043	77.782
6.053	77.782
6.063	77.782
6.073	77.782
6.083	77.782
6.093	77.782
6.103	77.782
6.113	77.782
6.123	77.782
6.133	77.782
6.143	77.782
6.153	77.782
6.163	77.782
6.173	77.782
6.183	0.000
6.193	0.000
6.203	0.000
6.213	0.000
6.223	0.000
6.233	0.000
6.243	0.000
6.253	0.000
6.263	0.000
6.273	58.270
6.283	58.270
6.293	58.270
6.303	58.270
6.313	58.270
6.323	58.270
6.333	58.270
6.343	58.270
6.353	58.270
6.363	58.270
6.373	58.270
6.383	58.270
6.393	58.270
6.403	58.270
6.413	58.270
6.423	58.270
6.433	58.270
6.443	58.270
6.453	58.270
6.463	58.270
6.473	58.270
6.483	58.270
6.493	58.270
6.503	58.270
6.513	58.270
6.523	58.270
6.533	58.270
6.543	58.270
6.553	58.270
6.563	58.270
6.573	58.270
6.583	58.270
6.593	58.270
6.603	58.270
6.613	58.270
6.623	58.270
6.633	58.270
6.643	58.270
6.653	58.270
6.663	58.270
6.673	58.270
6.683	58.270
6.693	58.270
6.703	58.270
6.713	58.270
6.723	58.270
6.733	58.270
6.743	58.270
6.753	58.270
6.763	58.270
6.773	58.270
6.783	58.270
6.793	58.270
6.803	58.270
6.813	58.270
6.823	58.270
6.833	58.270
6.843	58.270
6.853	58.270
6.863	58.270
6.873	58.270
6.883	58.270
6.893	58.270
6.903	58.270
6.913	58.270
6.923	58.270
6.933	58.270
6.943	58.270
6.953	58.270
6.963	58.270
6.973	58.270
6.983	58.270
6.993	58.270
7.003	58.270
7.013	58.270
7.023	58.270
7.033	58.270
7.043	58.270
7.053	58.270
7.063	58.270
7.073	58.270
7.083	58.270
7.093	58.270
7.103	58.270
7.113	58.270
7.123	58.270
7.133	58.270
7.143	58.270
7.153	58.270
7.163	58.270
7.173	58.270
7.183	58.270
7.193	58.270
7.203	58.270
7.213	58.270
7.223	58.270
7.233	58.270
7.243	58.270
7.253	58.270
7.263	58.270
7.273	58.270
7.283	58.270
7.293	58.270
7.303	58.270
7.313	58.270
7.323	58.270
7.333	58.270
7.343	58.270
7.353	58.270
7.363	58.270
7.373	58.270
7.383	58.270
7.393	58.270
7.403	58.270
7.413	58.270
7.423	58.270
7.433	58.270
7.443	58.270
7.453	58.270
7.463	58.270
7.473	58.270
7.483	58.270
7.493	58.270
7.503	58.270
7.513	58.270
7.523	58.270
7.533	58.270
7.543	58.270
7.553	58.270
7.563	58.270
7.573	58.270
7.583	58.270
7.593	58.270
7.603	58.270
7.613	58.270
7.623	58.270
7.633	58.270
7.643	58.270
7.653	58.270
7.663	58.270
7.673	58.270
7.683	58.270
7.693	58.270
7.703	58.270
7.713	58.270
7.723	58.270
7.733	58.270
7.743	58.270
7.753	58.270
7.763	58.270
7.773	58.270
7.783	58.270
7.793	58.270
7.803	58.270
7.813	58.270
7.823	58.270
7.833	58.270
7.843	58.270
7.853	58.270
7.863	58.270
7.873	58.270
7.883	58.270
7.893	58.270
7.903	58.270
7.913	58.270
7.923	58.270
7.933	58.270
7.943	58.270
7.953	58.270
7.963	58.270
7.973	58.270
7.983	58.270
7.993	58.270
8.003	58.270
8.013	58.270
8.023	58.270
8.033	58.270
8.043	58.270
8.053	58.270
8.063	58.270
8.073	58.270
8.083	58.270
8.093	58.270
8.103	58.270
8.113	58.270
8.123	58.270
8.133	58.270
8.143	58.270
8.153	58.270
8.163	58.270
8.173	58.270
8.183	58.270
8.193	58.270
8.203	58.270
8.213	58.270
8.223	58.270
8.233	58.270
8.243	58.270
8.253	58.270
8.263	58.270
8.273	58.270
8.283	58.270
8.293	58.270
8.303	58.270
8.313	58.270
8.323	58.270
8.333	58.270
8.343	58.270
8.353	58.270
8.363	58.270
8.373	58.270
8.383	58.270
8.393	58.270
8.403	58.270
8.413	58.270
8.423	58.270
8.433	58.270
8.443	58.270
8.453	58.270
8.463	58.270
8.473	58.270
8.483	58.270
8.493	58.270
8.503	58.270
8.513	58.270
8.523	58.270
8.533	58.270
8.543	58.270
8.553	58.270
8.563	58.270
8.573	58.270
8.583	58.270
8.593	58.270
8.603	58.270
8.613	0.000
8.623	0.000
8.633	0.000
8.643	0.000
8.653	0.000
8.663	0.000
8.673	0.000
8.683	0.000
8.693	0.000
8.703	0.000
8.713	0.000
8.723	0.000
8.733	0.000
8.743	0.000
8.753	0.000
8.763	0.000
8.773	0.000
8.783	0.000
8.793	0.000
8.803	0.000
8.813	0.000
8.823	0.000
8.833	0.000
8.843	0.000
8.853	0.000
8.863	58.270
8.873	58.270
8.883	58.270
8.893	58.270
8.903	58.270
8.913	58.270
8.923	58.270
8.933	58.270
8.943	58.270
8.953	58.270
8.963	58.270
8.973	58.270
8.983	58.270
8.993	58.270
9.003	58.270
9.013	58.270
9.023	58.270
9.033	58.270
9.043	58.270
9.053	58.270
9.063	58.270
9.073	58.270
9.083	58.270
9.093	58.270
9.103	58.270
9.113	58.270
9.123	58.270
9.133	58.270
9.143	58.270
9.153	58.270
9.163	58.270
9.173	58.270
9.183	58.270
9.193	0.000
9.203	0.000
9.213	0.000
9.223	0.000
9.233	0.000
9.243	0.000
9.253	48.999
9.263	48.999
9.273	48.999
9.283	48.999
9.293	48.999
9.303	48.999
9.313	48.999
9.323	48.999
9.333	48.999
9.343	48.999
9.353	48.999
9.363	48.999
9.373	48.999
9.383	48.999
9.393	48.999
9.403	48.999
9.413	48.999
9.423	48.999
9.433	48.999
9.443	48.999
9.453	48.999
9.463	48.999
9.473	48.999
9.483	48.999
9.493	48.999
9.503	48.999
9.513	0.000
9.523	0.000
9.533	65.406
9.543	65.406
9.553	65.406
9.563	65.406
9.573	65.406
9.583	65.406
9.593	65.406
9.603	65.406
9.613	65.406
9.623	65.406
9.633	65.406
9.643	65.406
9.653	65.406
9.663	65.406
9.673	65.406
9.683	65.406
9.693	65.406
9.703	65.406
9.713	65.406
9.723	65.406
9.733	65.406
9.743	65.406
9.753	65.406
9.763	65.406
9.773	65.406
9.783	65.406
9.793	65.406
9.803	65.406
9.813	0.000
9.823	0.000
9.833	48.999
9.843	48.999
9.853	48.999
9.863	48.999
9.873	48.999
9.883	48.999
9.893	48.999
9.903	48.999
9.913	48.999
9.923	48.999
9.933	48.999
9.943	48.999
9.953	48.999
9.963	48.999
9.973	48.999
9.983	48.999
9.993	48.999
10.003	48.999
10.013	48.999
10.023	48.999
10.033	48.999
10.043	48.999
10.053	48.999
10.063	48.999
10.073	48.999
10.083	48.999
10.093	48.999
10.103	48.999
10.113	48.999
10.123	48.999
10.133	48.999
10.143	48.999
10.153	48.999
10.163	0.000
10.173	0.000
10.183	0.000
10.193	0.000
10.203	65.406
10.213	65.406
10.223	65.406
10.233	65.406
10.243	65.406
10.253	65.406
10.263	65.406
10.273	65.406
10.283	65.406
10.293	65.406
10.303	65.406
10.313	65.406
10.323	65.406
10.333	65.406
10.343	65.406
10.353	65.406
10.363	65.406
10.373	65.406
10.383	65.406
10.393	65.406
10.403	65.406
10.413	65.406
10.423	65.406
10.433	65.406
10.443	65.406
10.453	65.406
10.463	65.406
10.473	65.406
10.483	0.000
10.493	0.000
10.503	0.000
10.513	0.000
10.523	0.000
10.533	43.654
10.543	43.654
10.553	43.654
10.563	43.654
10.573	43.654
10.583	43.654
10.593	43.654
10.603	43.654
10.613	43.654
10.623	43.654
10.633	43.654
10.643	43.654
10.653	43.654
10.663	43.654
10.673	43.654
10.683	43.654
10.693	43.654
10.703	43.654
10.713	43.654
10.723	43.654
10.733	43.654
10.743	43.654
10.753	43.654
10.763	43.654
10.773	43.654
10.783	43.654
10.793	43.654
10.803	43.654
10.813	43.654
10.823	43.654
10.833	43.654
10.843	43.654
10.853	43.654
10.863	43.654
10.873	0.000
10.883	0.000
10.893	0.000
10.903	58.270
10.913	58.270
10.923	58.270
10.933	58.270
10.943	58.270
10.953	58.270
10.963	58.270
10.973	58.270
10.983	58.270
10.993	58.270
11.003	58.270
11.013	58.270
11.023	58.270
11.033	58.270
11.043	58.270
11.053	58.270
11.063	58.270
11.073	58.270
11.083	58.270
11.093	58.270
11.103	58.270
11.113	58.270
11.123	58.270
11.133	58.270
11.143	58.270
11.153	58.270
11.163	58.270
11.173	58.270
11.183	58.270
11.193	58.270
11.203	0.000
11.213	0.000
11.223	0.000
11.233	73.416
11.243	73.416
11.253	73.416
11.263	73.416
11.273	73.416
11.283	73.416
11.293	73.416
11.303	73.416
11.313	73.416
11.323	73.416
11.333	73.416
11.343	73.416
11.353	73.416
11.363	73.416
11.373	73.416
11.383	73.416
11.393	73.416
11.403	73.416
11.413	73.416
11.423	73.416
11.433	73.416
11.443	73.416
11.453	73.416
11.463	73.416
11.473	73.416
11.483	73.416
11.493	73.416
11.503	73.416
11.513	0.000
11.523	87.307
11.533	87.307
11.543	87.307
11.553	87.307
11.563	87.307
11.573	87.307
11.583	87.307
11.593	87.307
11.603	87.307
11.613	87.307
11.623	87.307
11.633	87.307
11.643	87.307
11.653	87.307
11.663	87.307
11.673	87.307
11.683	87.307
11.693	87.307
11.703	87.307
11.713	87.307
11.723	87.307
11.733	87.307
11.743	87.307
11.753	87.307
11.763	87.307
11.773	87.307
11.783	87.307
11.793	87.307
11.803	87.307
11.813	87.307
11.823	87.307
11.833	87.307
11.843	87.307
11.853	87.307
11.863	87.307
11.873	87.307
11.883	87.307
11.893	87.307
11.903	87.307
11.913	87.307
11.923	87.307
11.933	87.307
11.943	87.307
11.953	87.307
11.963	87.307
11.973	87.307
11.983	87.307
11.993	87.307
12.003	87.307
12.013	87.307
12.023	87.307
12.033	87.307
12.043	87.307
12.053	87.307
12.063	87.307
12.073	87.307
12.083	87.307
12.093	87.307
12.103	87.307
12.113	87.307
12.123	87.307
12.133	87.307
12.143	87.307
12.153	87.307
12.163	87.307
12.173	87.307
12.183	87.307
12.193	87.307
12.203	87.307
12.213	87.307
12.223	87.307
12.233	87.307
12.243	87.307
12.253	87.307
12.263	87.307
12.273	87.307
12.283	87.307
12.293	87.307
12.303	87.307
12.313	87.307
12.323	87.307
12.333	87.307
12.343	87.307
12.353	87.307
12.363	87.307
12.373	87.307
12.383	87.307
12.393	87.307
12.403	87.307
12.413	87.307
12.423	87.307
12.433	87.307
12.443	87.307
12.453	87.307
12.463	87.307
12.473	87.307
12.483	87.307
12.493	87.307
12.503	87.307
12.513	87.307
12.523	87.307
12.533	87.307
12.543	87.307
12.553	87.307
12.563	87.307
12.573	87.307
12.583	87.307
12.593	87.307
12.603	87.307
12.613	87.307
12.623	87.307
12.633	87.307
12.643	87.307
12.653	87.307
12.663	87.307
12.673	87.307
12.683	87.307
12.693	87.307
12.703	87.307
12.713	87.307
12.723	87.307
12.733	87.307
12.743	87.307
12.753	87.307
12.763	87.307
12.773	87.307
12.783	87.307
12.793	87.307
12.803	87.307
12.813	87.307
12.823	87.307
12.833	87.307
12.843	87.307
12.853	87.307
12.863	87.307
12.873	87.307
12.883	87.307
12.893	87.307
12.903	87.307
12.913	87.307
12.923	87.307
12.933	87.307
12.943	87.307
12.953	87.307
12.963	87.307
12.973	87.307
12.983	87.307
12.993	87.307
13.003	87.307
13.013	87.307
13.023	87.307
13.033	87.307
13.043	87.307
13.053	87.307
13.063	87.307
13.073	87.307
13.083	87.307
13.093	87.307
13.103	87.307
13.113	87.307
13.123	87.307
13.133	87.307
13.143	87.307
13.153	87.307
13.163	87.307
13.173	87.307
13.183	87.307
13.193	87.307
13.203	87.307
13.213	87.307
13.223	87.307
13.233	87.307
13.243	87.307
13.253	87.307
13.263	87.307
13.273	87.307
13.283	87.307
13.293	87.307
13.303	87.307
13.313	87.307
13.323	87.307
13.333	87.307
13.343	87.307
13.353	87.307
13.363	87.307
13.373	87.307
13.383	87.307
13.393	87.307
13.403	87.307
13.413	87.307
13.423	87.307
13.433	87.307
13.443	87.307
13.453	87.307
13.463	87.307
13.473	87.307
13.483	87.307
13.493	87.307
13.503	87.307
13.513	87.307
13.523	87.307
13.533	87.307
13.543	87.307
13.553	87.307
13.563	87.307
13.573	87.307
13.583	87.307
13.593	87.307
13.603	87.307
13.613	87.307
13.623	87.307
13.633	87.307
13.643	87.307
13.653	87.307
13.663	87.307
13.673	87.307
13.683	87.307
13.693	87.307
13.703	87.307
13.713	87.307
13.723	87.307
13.733	87.307
13.743	87.307
13.753	87.307
13.763	87.307
13.773	87.307
13.783	87.307
13.793	87.307
13.803	0.000
13.813	0.000
13.823	0.000
13.833	0.000
13.843	0.000
13.853	0.000
13.863	0.000
13.873	0.000
13.883	0.000
13.893	0.000
13.903	0.000
13.913	0.000
13.923	0.000
13.933	0.000
13.943	0.000
13.953	0.000
13.963	0.000
13.973	0.000
13.983	0.000
13.993	0.000
14.003	0.000
14.013	0.000
14.023	0.000
14.033	0.000
14.043	0.000
14.053	0.000
14.063	0.000
14.073	0.000
14.083	0.000
14.093	0.000
14.103	0.000
14.113	0.000
14.123	58.270
14.133	58.270
14.143	58.270
14.153	58.270
14.163	58.270
14.173	58.270
14.183	58.270
14.193	58.270
14.203	58.270
14.213	58.270
14.223	58.270
14.233	58.270
14.243	58.270
14.253	58.270
14.263	58.270
14.273	58.270
14.283	58.270
14.293	58.270
14.303	58.270
14.313	58.270
14.323	58.270
14.333	58.270
14.343	58.270
14.353	58.270
14.363	58.270
14.373	58.270
14.383	58.270
14.393	58.270
14.403	58.270
14.413	58.270
14.423	0.000
14.433	0.000
14.443	0.000
14.453	0.000
14.463	0.000
14.473	0.000
14.483	0.000
14.493	43.654
14.503	43.654
14.513	43.654
14.523	43.654
14.533	43.654
14.543	43.654
14.553	43.654
14.563	43.654
14.573	43.654
14.583	43.654
14.593	43.654
14.603	43.654
14.613	43.654
14.623	43.654
14.633	43.654
14.643	43.654
14.653	43.654
14.663	43.654
14.673	43.654
14.683	43.654
14.693	43.654
14.703	43.654
14.713	43.654
14.723	43.654
14.733	43.654
14.743	43.654
14.753	0.000
14.763	0.000
14.773	0.000
14.783	0.000
14.793	0.000
14.803	58.270
14.813	58.270
14.823	58.270
14.833	58.270
14.843	58.270
14.853	58.270
14.863	58.270
14.873	58.270
14.883	58.270
14.893	58.270
14.903	58.270
14.913	58.270
14.923	58.270
14.933	58.270
14.943	58.270
14.953	58.270
14.963	58.270
14.973	58.270
14.983	58.270
14.993	58.270
15.003	58.270
15.013	58.270
15.023	58.270
15.033	58.270
15.043	58.270
15.053	58.270
15.063	58.270
15.073	58.270
15.083	58.270
15.093	58.270
15.103	58.270
15.113	58.270
15.123	58.270
15.133	0.000
15.143	0.000
15.153	73.416
15.163	73.416
15.173	73.416
15.183	73.416
15.193	73.416
15.203	73.416
15.213	73.416
15.223	73.416
15.233	73.416
15.243	73.416
15.253	73.416
15.263	73.416
15.273	73.416
15.283	73.416
15.293	73.416
15.303	73.416
15.313	73.416
15.323	73.416
15.333	73.416
15.343	73.416
15.353	73.416
15.363	73.416
15.373	73.416
15.383	73.416
15.393	73.416
15.403	73.416
15.413	73.416
15.423	73.416
15.433	0.000
15.443	0.000
15.453	65.406
15.463	65.406
15.473	65.406
15.483	65.406
15.493	65.406
15.503	65.406
15.513	65.406
15.523	65.406
15.533	65.406
15.543	65.406
15.553	65.406
15.563	65.406
15.573	65.406
15.583	65.406
15.593	65.406
15.603	65.406
15.613	65.406
15.623	65.406
15.633	65.406
15.643	65.406
15.653	65.406
15.663	65.406
15.673	65.406
15.683	65.406
15.693	65.406
15.703	65.406
15.713	65.406
15.723	65.406
15.733	65.406
15.743	65.406
15.753	65.406
15.763	65.406
15.773	65.406
15.783	0.000
15.793	0.000
15.803	0.000
15.813	0.000
15.823	0.000
15.833	58.270
15.843	58.270
15.853	58.270
15.863	58.270
15.873	58.270
15.883	58.270
15.893	58.270
15.903	58.270
15.913	58.270
15.923	58.270
15.933	58.270
15.943	58.270
15.953	58.270
15.963	58.270
15.973	58.270
15.983	58.270
15.993	58.270
16.003	58.270
16.013	58.270
16.023	58.270
16.033	58.270
16.043	58.270
16.053	58.270
16.063	58.270
16.073	58.270
16.083	58.270
16.093	58.270
16.103	0.000
16.113	0.000
16.123	0.000
16.133	0.000
16.143	0.000
16.153	0.000
16.163	0.000
16.173	0.000
16.183	0.000
16.193	0.000
16.203	0.000
16.213	0.000
16.223	58.270
16.233	58.270
16.243	58.270
16.253	58.270
16.263	58.270
16.273	58.270
16.283	58.270
16.293	58.270
16.303	58.270
16.313	58.270
16.323	58.270
16.333	58.270
16.343	58.270
16.353	58.270
16.363	58.270
16.373	58.270
16.383	58.270
16.393	58.270
16.403	58.270
16.413	58.270
16.423	58.270
16.433	58.270
16.443	58.270
16.453	58.270
16.463	58.270
16.473	58.270
16.483	58.270
16.493	58.270
16.503	58.270
16.513	0.000
16.523	0.000
16.533	0.000
16.543	77.782
16.553	77.782
16.563	77.782
16.573	77.782
16.583	77.782
16.593	77.782
16.603	77.782
16.613	77.782
16.623	77.782
16.633	77.782
16.643	77.782
16.653	77.782
16.663	77.782
16.673	77.782
16.683	77.782
16.693	77.782
16.703	77.782
16.713	77.782
16.723	77.782
16.733	77.782
16.743	77.782
16.753	77.782
16.763	77.782
16.773	77.782
16.783	77.782
16.793	77.782
16.803	77.782
16.813	77.782
16.823	77.782
16.833	0.000
16.843	0.000
16.853	0.000
16.863	0.000
16.873	0.000
16.883	0.000
16.893	0.000
16.903	73.416
16.913	73.416
16.923	73.416
16.933	73.416
16.943	73.416
16.953	73.416
16.963	73.416
16.973	73.416
16.983	73.416
16.993	73.416
17.003	73.416
17.013	73.416
17.023	73.416
17.033	73.416
17.043	73.416
17.053	73.416
17.063	73.416
17.073	73.416
17.083	73.416
17.093	73.416
17.103	73.416
17.113	73.416
17.123	73.416
17.133	73.416
17.143	73.416
17.153	73.416
17.163	73.416
17.173	73.416
17.183	73.416
17.193	73.416
17.203	73.416
17.213	73.416
17.223	73.416
17.233	73.416
17.243	73.416
17.253	73.416
17.263	73.416
17.273	73.416
17.283	73.416
17.293	73.416
17.303	73.416
17.313	73.416
17.323	73.416
17.333	73.416
17.343	73.416
17.353	73.416
17.363	73.416
17.373	73.416
17.383	73.416
17.393	73.416
17.403	73.416
17.413	73.416
17.423	73.416
17.433	73.416
17.443	73.416
17.453	73.416
17.463	73.416
17.473	73.416
17.483	73.416
17.493	73.416
17.503	73.416
17.513	73.416
17.523	73.416
17.533	73.416
17.543	73.416
17.553	73.416
17.563	73.416
17.573	73.416
17.583	73.416
17.593	73.416
17.603	73.416
17.613	73.416
17.623	73.416
17.633	73.416
17.643	73.416
17.653	73.416
17.663	73.416
17.673	73.416
17.683	73.416
17.693	73.416
17.703	73.416
17.713	73.416
17.723	73.416
17.733	73.416
17.743	73.416
17.753	73.416
17.763	73.416
17.773	73.416
17.783	73.416
17.793	73.416
17.803	73.416
17.813	73.416
17.823	73.416
17.833	73.416
17.843	73.416
17.853	73.416
17.863	73.416
17.873	73.416
17.883	73.416
17.893	73.416
17.903	73.416
17.913	73.416
17.923	73.416
17.933	73.416
17.943	73.416
17.953	73.416
17.963	73.416
17.973	73.416
17.983	73.416
17.993	73.416
18.003	73.416
18.013	73.416
18.023	73.416
18.033	73.416
18.043	73.416
18.053	73.416
18.063	73.416
18.073	73.416
18.083	73.416
18.093	73.416
18.103	73.416
18.113	73.416
18.123	73.416
18.133	73.416
18.143	73.416
18.153	73.416
18.163	73.416
18.173	73.416
18.183	73.416
18.193	73.416
18.203	73.416
18.213	73.416
18.223	73.416
18.233	73.416
18.243	73.416
18.253	73.416
18.263	73.416
18.273	73.416
18.283	73.416
18.293	73.416
18.303	73.416
18.313	73.416
18.323	73.416
18.333	73.416
18.343	73.416
18.353	73.416
18.363	73.416
18.373	73.416
18.383	73.416
18.393	73.416
18.403	73.416
18.413	73.416
18.423	73.416
18.433	73.416
18.443	73.416
18.453	73.416
18.463	73.416
18.473	73.416
18.483	73.416
18.493	73.416
18.503	73.416
18.513	73.416
18.523	73.416
18.533	73.416
18.543	73.416
18.553	73.416
18.563	73.416
18.573	73.416
18.583	73.416
18.593	73.416
18.603	73.416
18.613	73.416
18.623	73.416
18.633	73.416
18.643	73.416
18.653	73.416
18.663	73.416
18.673	73.416
18.683	73.416
18.693	73.416
18.703	73.416
18.713	73.416
18.723	73.416
18.733	73.416
18.743	73.416
18.753	73.416
18.763	73.416
18.773	73.416
18.783	73.416
18.793	73.416
18.803	73.416
18.813	73.416
18.823	73.416
18.833	73.416
18.843	73.416
18.853	73.416
18.863	73.416
18.873	73.416
18.883	73.416
18.893	73.416
18.903	73.416
18.913	73.416
18.923	73.416
18.933	73.416
18.943	73.416
18.953	73.416
18.963	73.416
18.973	73.416
18.983	73.416
18.993	73.416
19.003	73.416
19.013	73.416
19.023	73.416
19.033	73.416
19.043	73.416
19.053	73.416
19.063	73.416
19.073	73.416
19.083	73.416
19.093	73.416
19.103	73.416
19.113	73.416
19.123	73.416
19.133	73.416
19.143	73.416
19.153	73.416
19.163	73.416
19.173	73.416
19.183	73.416
19.193	73.416
19.203	73.416
19.213	0.000
19.223	0.000
19.233	0.000
19.243	0.000
19.253	0.000
19.263	0.000
19.273	0.000
19.283	0.000
19.293	0.000
19.303	0.000
19.313	0.000
19.323	0.000
19.333	0.000
19.343	0.000
19.353	0.000
19.363	0.000
19.373	0.000
19.383	0.000
19.393	0.000
19.403	0.000
19.413	0.000
19.423	0.000
19.433	0.000
19.443	0.000
19.453	0.000
19.463	0.000
19.473	0.000
19.483	0.000
19.493	0.000
19.503	73.416
19.513	73.416
19.523	73.416
19.533	73.416
19.543	73.416
19.553	73.416
19.563	73.416
19.573	73.416
19.583	73.416
19.593	73.416
19.603	73.416
19.613	73.416
19.623	73.416
19.633	73.416
19.643	73.416
19.653	73.416
19.663	73.416
19.673	73.416
19.683	73.416
19.693	73.416
19.703	73.416
19.713	73.416
19.723	73.416
19.733	73.416
19.743	73.416
19.753	73.416
19.763	73.416
19.773	73.416
19.783	73.416
19.793	73.416
19.803	73.416
19.813	73.416
19.823	97.999
19.833	97.999
19.843	97.999
19.853	97.999
19.863	97.999
19.873	97.999
19.883	97.999
19.893	97.999
19.903	97.999
19.913	97.999
19.923	97.999
19.933	97.999
19.943	97.999
19.953	97.999
19.963	97.999
19.973	97.999
19.983	97.999
19.993	97.999
20.003	97.999
20.013	97.999
20.023	97.999
20.033	97.999
20.043	97.999
20.053	97.999
20.063	97.999
20.073	97.999
20.083	97.999
20.093	97.999
20.103	97.999
20.113	97.999
20.123	97.999
20.133	97.999
20.143	97.999
20.153	0.000
20.163	0.000
20.173	0.000
20.183	130.810
20.193	130.810
20.203	130.810
20.213	130.810
20.223	130.810
20.233	130.810
20.243	130.810
20.253	130.810
20.263	130.810
20.273	130.810
20.283	130.810
20.293	130.810
20.303	130.810
20.313	130.810
20.323	130.810
20.333	130.810
20.343	130.810
20.353	130.810
20.363	130.810
20.373	130.810
20.383	130.810
20.393	130.810
20.403	130.810
20.413	130.810
20.423	130.810
20.433	130.810
20.443	130.810
20.453	130.810
20.463	130.810
20.473	130.810
20.483	130.810
20.493	130.810
20.503	130.810
20.513	130.810
20.523	130.810
20.533	0.000
20.543	97.999
20.553	97.999
20.563	97.999
20.573	97.999
20.583	97.999
20.593	97.999
20.603	97.999
20.613	97.999
20.623	97.999
20.633	97.999
20.643	97.999
20.653	97.999
20.663	97.999
20.673	97.999
20.683	97.999
20.693	97.999
20.703	97.999
20.713	97.999
20.723	97.999
20.733	97.999
20.743	97.999
20.753	97.999
20.763	97.999
20.773	97.999
20.783	97.999
20.793	97.999
20.803	97.999
20.813	97.999
20.823	97.999
20.833	97.999
20.843	97.999
20.853	97.999
20.863	0.000
20.873	0.000
20.883	130.810
20.893	130.810
20.903	130.810
20.913	130.810
20.923	130.810
20.933	130.810
20.943	130.810
20.953	130.810
20.963	130.810
20.973	130.810
20.983	130.810
20.993	130.810
21.003	130.810
21.013	130.810
21.023	130.810
21.033	130.810
21.043	130.810
21.053	130.810
21.063	130.810
21.073	130.810
21.083	130.810
21.093	130.810
21.103	130.810
21.113	130.810
21.123	130.810
21.133	130.810
21.143	130.810
21.153	130.810
21.163	130.810
21.173	130.810
21.183	130.810
21.193	0.000
21.203	0.000
21.213	0.000
21.223	0.000
21.233	0.000
21.243	0.000
21.253	77.782
21.263	77.782
21.273	77.782
21.283	77.782
21.293	77.782
21.303	77.782
21.313	77.782
21.323	77.782
21.333	77.782
21.343	77.782
21.353	77.782
21.363	77.782
21.373	77.782
21.383	77.782
21.393	77.782
21.403	77.782
21.413	77.782
21.423	77.782
21.433	77.782
21.443	77.782
21.453	77.782
21.463	77.782
21.473	77.782
21.483	77.782
21.493	77.782
21.503	77.782
21.513	77.782
21.523	77.782
21.533	77.782
21.543	77.782
21.553	77.782
21.563	0.000
21.573	0.000
21.583	87.307
21.593	87.307
21.603	87.307
21.613	87.307
21.623	87.307
21.633	87.307
21.643	87.307
21.653	87.307
21.663	87.307
21.673	87.307
21.683	87.307
21.693	87.307
21.703	87.307
21.713	87.307
21.723	87.307
21.733	87.307
21.743	87.307
21.753	87.307
21.763	87.307
21.773	87.307
21.783	87.307
21.793	87.307
21.803	87.307
21.813	87.307
21.823	87.307
21.833	87.307
21.843	87.307
21.853	87.307
21.863	87.307
21.873	87.307
21.883	87.307
21.893	87.307
21.903	87.307
21.913	87.307
21.923	87.307
21.933	87.307
21.943	87.307
21.953	87.307
21.963	87.307
21.973	87.307
21.983	87.307
21.993	87.307
22.003	87.307
22.013	87.307
22.023	87.307
22.033	87.307
22.043	87.307
22.053	87.307
22.063	87.307
22.073	87.307
22.083	87.307
22.093	87.307
22.103	87.307
22.113	87.307
22.123	87.307
22.133	87.307
22.143	87.307
22.153	87.307
22.163	87.307
22.173	87.307
22.183	87.307
22.193	87.307
22.203	87.307
22.213	87.307
22.223	87.307
22.233	87.307
22.243	87.307
22.253	87.307
22.263	87.307
22.273	87.307
22.283	87.307
22.293	87.307
22.303	87.307
22.313	87.307
22.323	87.307
22.333	87.307
22.343	87.307
22.353	87.307
22.363	87.307
22.373	87.307
22.383	87.307
22.393	0.000
22.403	58.270
22.413	58.270
22.423	58.270
22.433	58.270
22.443	58.270
22.453	58.270
22.463	58.270
22.473	58.270
22.483	58.270
22.493	58.270
22.503	58.270
22.513	58.270
22.523	58.270
22.533	58.270
22.543	58.270
22.553	58.270
22.563	58.270
22.573	58.270
22.583	58.270
22.593	58.270
22.603	58.270
22.613	58.270
22.623	58.270
22.633	58.270
22.643	58.270
22.653	58.270
22.663	58.270
22.673	58.270
22.683	58.270
22.693	58.270
22.703	58.270
22.713	58.270
22.723	58.270
22.733	58.270
22.743	58.270
22.753	58.270
22.763	58.270
22.773	58.270
22.783	58.270
22.793	58.270
22.803	58.270
22.813	58.270
22.823	58.270
22.833	58.270
22.843	58.270
22.853	58.270
22.863	58.270
22.873	58.270
22.883	58.270
22.893	58.270
22.903	58.270
22.913	58.270
22.923	58.270
22.933	58.270
22.943	58.270
22.953	58.270
22.963	58.270
22.973	58.270
22.983	58.270
22.993	58.270
23.003	58.270
23.013	58.270
23.023	58.270
23.033	58.270
23.043	58.270
23.053	58.270
23.063	58.270
23.073	58.270
23.083	58.270
23.093	58.270
23.103	58.270
23.113	58.270
23.123	58.270
23.133	58.270
23.143	58.270
23.153	58.270
23.163	58.270
23.173	58.270
23.183	58.270
23.193	58.270
23.203	58.270
23.213	58.270
23.223	58.270
23.233	58.270
23.243	58.270
23.253	58.270
23.263	58.270
23.273	58.270
23.283	58.270
23.293	58.270
23.303	58.270
23.313	58.270
23.323	58.270
23.333	58.270
23.343	58.270
23.353	58.270
23.363	58.270
23.373	58.270
23.383	58.270
23.393	58.270
23.403	58.270
23.413	58.270
23.423	58.270
23.433	58.270
23.443	58.270
23.453	58.270
23.463	58.270
23.473	58.270
23.483	58.270
23.493	58.270
23.503	58.270
23.513	58.270
23.523	58.270
23.533	58.270
23.543	58.270
23.553	58.270
23.563	58.270
23.573	58.270
23.583	58.270
23.593	58.270
23.603	58.270
23.613	58.270
23.623	58.270
23.633	58.270
23.643	58.270
23.653	58.270
23.663	58.270
23.673	58.270
23.683	58.270
23.693	58.270
23.703	58.270
23.713	58.270
23.723	58.270
23.733	58.270
23.743	58.270
23.753	58.270
23.763	58.270
23.773	58.270
23.783	58.270
23.793	58.270
23.803	58.270
23.813	58.270
23.823	58.270
23.833	58.270
23.843	58.270
23.853	58.270
23.863	58.270
23.873	58.270
23.883	58.270
23.893	58.270
23.903	58.270
23.913	58.270
23.923	58.270
23.933	58.270
23.943	58.270
23.953	58.270
23.963	58.270
23.973	58.270
23.983	58.270
23.993	58.270
24.003	58.270
24.013	58.270
24.023	58.270
24.033	58.270
24.043	58.270
24.053	58.270
24.063	58.270
24.073	58.270
24.083	58.270
24.093	58.270
24.103	58.270
24.113	58.270
24.123	58.270
24.133	58.270
24.143	58.270
24.153	58.270
24.163	58.270
24.173	58.270
24.183	58.270
24.193	58.270
24.203	58.270
24.213	58.270
24.223	58.270
24.233	58.270
24.243	58.270
24.253	58.270
24.263	58.270
24.273	58.270
24.283	58.270
24.293	58.270
24.303	58.270
24.313	58.270
24.323	58.270
24.333	58.270
24.343	58.270
24.353	58.270
24.363	58.270
24.373	58.270
24.383	58.270
24.393	58.270
24.403	58.270
24.413	58.270
24.423	58.270
24.433	58.270
24.443	58.270
24.453	58.270
24.463	58.270
24.473	58.270
24.483	58.270
24.493	58.270
24.503	58.270
24.513	58.270
24.523	58.270
24.533	58.270
24.543	58.270
24.553	58.270
24.563	58.270
24.573	0.000
24.583	0.000
24.593	0.000
24.603	0.000
24.613	0.000
24.623	0.000
24.633	0.000
24.643	0.000
24.653	0.000
24.663	0.000
24.673	0.000
24.683	0.000
24.693	0.000
24.703	0.000
24.713	0.000
24.723	0.000
24.733	0.000
24.743	0.000
24.753	0.000
24.763	0.000
24.773	0.000
24.783	0.000
24.793	0.000
24.803	0.000
24.813	0.000
24.823	0.000
24.833	0.000
24.843	0.000
24.853	0.000
24.863	0.000
24.873	0.000
24.883	0.000
24.893	0.000
24.903	0.000
24.913	0.000
24.923	0.000
24.933	0.000
24.943	0.000
24.953	58.270
24.963	58.270
24.973	58.270
24.983	58.270
24.993	58.270
25.003	58.270
25.013	58.270
25.023	58.270
25.033	58.270
25.043	58.270
25.053	58.270
25.063	58.270
25.073	58.270
25.083	58.270
25.093	58.270
25.103	58.270
25.113	58.270
25.123	58.270
25.133	58.270
25.143	58.270
25.153	58.270
25.163	58.270
25.173	58.270
25.183	58.270
25.193	58.270
25.203	58.270
25.213	58.270
25.223	58.270
25.233	58.270
25.243	58.270
25.253	58.270
25.263	0.000
25.273	0.000
25.283	0.000
25.293	43.654
25.303	43.654
25.313	43.654
25.323	43.654
25.333	43.654
25.343	43.654
25.353	43.654
25.363	43.654
25.373	43.654
25.383	43.654
25.393	43.654
25.403	43.654
25.413	43.654
25.423	43.654
25.433	43.654
25.443	43.654
25.453	43.654
25.463	43.654
25.473	43.654
25.483	43.654
25.493	43.654
25.503	43.654
25.513	43.654
25.523	43.654
25.533	43.654
25.543	43.654
25.553	43.654
25.563	43.654
25.573	43.654
25.583	43.654
25.593	43.654
25.603	43.654
25.613	0.000
25.623	0.000
25.633	0.000
25.643	0.000
25.653	58.270
25.663	58.270
25.673	58.270
25.683	58.270
25.693	58.270
25.703	58.270
25.713	58.270
25.723	58.270
25.733	58.270
25.743	58.270
25.753	58.270
25.763	58.270
25.773	58.270
25.783	58.270
25.793	58.270
25.803	58.270
25.813	58.270
25.823	58.270
25.833	58.270
25.843	58.270
25.853	58.270
25.863	58.270
25.873	58.270
25.883	58.270
25.893	58.270
25.903	58.270
25.913	58.270
25.923	58.270
25.933	58.270
25.943	58.270
25.953	58.270
25.963	0.000
25.973	0.000
25.983	0.000
25.993	0.000
26.003	0.000
26.013	0.000
26.023	0.000
26.033	0.000
26.043	0.000
26.053	0.000
26.063	97.999
26.073	97.999
26.083	97.999
26.093	97.999
26.103	97.999
26.113	97.999
26.123	97.999
26.133	97.999
26.143	97.999
26.153	97.999
26.163	97.999
26.173	97.999
26.183	97.999
26.193	97.999
26.203	97.999
26.213	97.999
26.223	97.999
26.233	97.999
26.243	97.999
26.253	97.999
26.263	97.999
26.273	97.999
26.283	97.999
26.293	97.999
26.303	97.999
26.313	97.999
26.323	0.000
26.333	87.307
26.343	87.307
26.353	87.307
26.363	87.307
26.373	87.307
26.383	87.307
26.393	87.307
26.403	87.307
26.413	87.307
26.423	87.307
26.433	87.307
26.443	87.307
26.453	87.307
26.463	87.307
26.473	87.307
26.483	87.307
26.493	87.307
26.503	87.307
26.513	87.307
26.523	87.307
26.533	87.307
26.543	87.307
26.553	87.307
26.563	87.307
26.573	87.307
26.583	87.307
26.593	87.307
26.603	87.307
26.613	87.307
26.623	87.307
26.633	87.307
26.643	0.000
26.653	58.270
26.663	58.270
26.673	58.270
26.683	58.270
26.693	58.270
26.703	58.270
26.713	58.270
26.723	58.270
26.733	58.270
26.743	58.270
26.753	58.270
26.763	58.270
26.773	58.270
26.783	58.270
26.793	58.270
26.803	58.270
26.813	58.270
26.823	58.270
26.833	58.270
26.843	58.270
26.853	58.270
26.863	58.270
26.873	58.270
26.883	58.270
26.893	58.270
26.903	0.000
26.913	0.000
26.923	0.000
26.933	0.000
26.943	0.000
26.953	0.000
26.963	0.000
26.973	0.000
26.983	0.000
26.993	0.000
27.003	0.000
27.013	0.000
27.023	0.000
27.033	0.000
27.043	58.270
27.053	58.270
27.063	58.270
27.073	58.270
27.083	58.270
27.093	58.270
27.103	58.270
27.113	58.270
27.123	58.270
27.133	58.270
27.143	58.270
27.153	58.270
27.163	58.270
27.173	58.270
27.183	58.270
27.193	58.270
27.203	58.270
27.213	58.270
27.223	58.270
27.233	58.270
27.243	58.270
27.253	58.270
27.263	58.270
27.273	58.270
27.283	58.270
27.293	58.270
27.303	58.270
27.313	58.270
27.323	58.270
27.333	0.000
27.343	0.000
27.353	0.000
27.363	77.782
27.373	77.782
27.383	77.782
27.393	77.782
27.403	77.782
27.413	77.782
27.423	77.782
27.433	77.782
27.443	77.782
27.453	77.782
27.463	77.782
27.473	77.782
27.483	77.782
27.493	77.782
27.503	77.782
27.513	77.782
27.523	77.782
27.533	77.782
27.543	77.782
27.553	77.782
27.563	77.782
27.573	77.782
27.583	77.782
27.593	77.782
27.603	77.782
27.613	77.782
27.623	77.782
27.633	77.782
27.643	77.782
27.653	77.782
27.663	77.782
27.673	0.000
27.683	0.000
27.693	0.000
27.703	58.270
27.713	58.270
27.723	58.270
27.733	58.270
27.743	58.270
27.753	58.270
27.763	58.270
27.773	58.270
27.783	58.270
27.793	58.270
27.803	58.270
27.813	58.270
27.823	58.270
27.833	58.270
27.843	58.270
27.853	58.270
27.863	58.270
27.873	58.270
27.883	58.270
27.893	58.270
27.903	58.270
27.913	58.270
27.923	58.270
27.933	58.270
27.943	58.270
27.953	58.270
27.963	58.270
27.973	58.270
27.983	58.270
27.993	58.270
28.003	58.270
28.013	58.270
28.023	58.270
28.033	58.270
28.043	58.270
28.053	58.270
28.063	58.270
28.073	58.270
28.083	58.270
28.093	58.270
28.103	58.270
28.113	58.270
28.123	58.270
28.133	58.270
28.143	58.270
28.153	58.270
28.163	58.270
28.173	58.270
28.183	58.270
28.193	58.270
28.203	58.270
28.213	58.270
28.223	58.270
28.233	58.270
28.243	58.270
28.253	58.270
28.263	58.270
28.273	58.270
28.283	58.270
28.293	58.270
28.303	58.270
28.313	58.270
28.323	58.270
28.333	58.270
28.343	58.270
28.353	58.270
28.363	58.270
28.373	58.270
28.383	58.270
28.393	58.270
28.403	58.270
28.413	58.270
28.423	58.270
28.433	58.270
28.443	58.270
28.453	58.270
28.463	58.270
28.473	58.270
28.483	58.270
28.493	58.270
28.503	58.270
28.513	58.270
28.523	58.270
28.533	58.270
28.543	58.270
28.553	58.270
28.563	58.270
28.573	58.270
28.583	58.270
28.593	58.270
28.603	58.270
28.613	58.270
28.623	58.270
28.633	58.270
28.643	58.270
28.653	58.270
28.663	58.270
28.673	58.270
28.683	58.270
28.693	58.270
28.703	58.270
28.713	58.270
28.723	58.270
28.733	58.270
28.743	58.270
28.753	58.270
28.763	58.270
28.773	58.270
28.783	58.270
28.793	58.270
28.803	58.270
28.813	58.270
28.823	58.270
28.833	58.270
28.843	58.270
28.853	58.270
28.863	58.270
28.873	58.270
28.883	58.270
28.893	58.270
28.903	58.270
28.913	58.270
28.923	58.270
28.933	58.270
28.943	58.270
28.953	58.270
28.963	58.270
28.973	58.270
28.983	58.270
28.993	58.270
29.003	58.270
29.013	58.270
29.023	58.270
29.033	58.270
29.043	58.270
29.053	58.270
29.063	58.270
29.073	58.270
29.083	58.270
29.093	58.270
29.103	58.270
29.113	58.270
29.123	58.270
29.133	58.270
29.143	58.270
29.153	58.270
29.163	58.270
29.173	58.270
29.183	58.270
29.193	58.270
29.203	58.270
29.213	58.270
29.223	58.270
29.233	58.270
29.243	58.270
29.253	58.270
29.263	58.270
29.273	58.270
29.283	58.270
29.293	58.270
29.303	58.270
29.313	58.270
29.323	58.270
29.333	58.270
29.343	58.270
29.353	58.270
29.363	58.270
29.373	58.270
29.383	58.270
29.393	58.270
29.403	58.270
29.413	58.270
29.423	58.270
29.433	58.270
29.443	58.270
29.453	58.270
29.463	58.270
29.473	58.270
29.483	58.270
29.493	58.270
29.503	58.270
29.513	58.270
29.523	58.270
29.533	58.270
29.543	58.270
29.553	58.270
29.563	58.270
29.573	58.270
29.583	58.270
29.593	58.270
29.603	58.270
29.613	58.270
29.623	58.270
29.633	58.270
29.643	58.270
29.653	58.270
29.663	58.270
29.673	58.270
29.683	58.270
29.693	58.270
29.703	58.270
29.713	58.270
29.723	58.270
29.733	58.270
29.743	58.270
29.753	58.270
29.763	58.270
29.773	58.270
29.783	58.270
29.793	58.270
29.803	58.270
29.813	58.270
29.823	58.270
29.833	58.270
29.843	58.270
29.853	58.270
29.863	58.270
29.873	58.270
29.883	58.270
29.893	58.270
29.903	58.270
29.913	58.270
29.923	58.270
29.933	58.270
29.943	58.270
29.953	58.270
29.963	58.270
29.973	58.270
29.983	58.270
29.993	58.270
30.003	58.270
30.013	58.270
30.023	58.270
30.033	58.270
30.043	58.270
30.053	58.270
30.063	58.270
30.073	58.270
30.083	58.270
30.093	58.270
30.103	58.270
30.113	58.270
30.123	58.270
30.133	58.270
30.143	0.000
30.153	0.000
30.163	0.000
30.173	0.000
30.183	0.000
30.193	0.000
30.203	0.000
30.213	0.000
30.223	0.000
30.233	0.000
30.243	0.000
30.253	0.000
30.263	0.000
30.273	0.000
30.283	0.000
30.293	0.000
30.303	0.000
30.313	0.000
30.323	0.000
30.333	0.000
30.343	0.000
30.353	0.000
30.363	0.000
30.373	0.000
30.383	0.000
30.393	0.000
30.403	0.000
30.413	0.000
30.423	0.000
30.433	58.270
30.443	58.270
30.453	58.270
30.463	58.270
30.473	58.270
30.483	58.270
30.493	58.270
30.503	58.270
30.513	58.270
30.523	58.270
30.533	58.270
30.543	58.270
30.553	58.270
30.563	58.270
30.573	58.270
30.583	58.270
30.593	58.270
30.603	58.270
30.613	58.270
30.623	58.270
30.633	58.270
30.643	58.270
30.653	58.270
30.663	58.270
30.673	58.270
30.683	58.270
30.693	58.270
30.703	58.270
30.713	58.270
30.723	58.270
30.733	58.270
30.743	58.270
30.753	0.000
30.763	0.000
30.773	0.000
30.783	48.999
30.793	48.999
30.803	48.999
30.813	48.999
30.823	48.999
30.833	48.999
30.843	48.999
30.853	48.999
30.863	48.999
30.873	48.999
30.883	48.999
30.893	48.999
30.903	48.999
30.913	48.999
30.923	48.999
30.933	48.999
30.943	48.999
30.953	48.999
30.963	48.999
30.973	48.999
30.983	48.999
30.993	48.999
31.003	48.999
31.013	48.999
31.023	48.999
31.033	48.999
31.043	48.999
31.053	48.999
31.063	0.000
31.073	0.000
31.083	0.000
31.093	0.000
31.103	0.000
31.113	0.000
31.123	0.000
31.133	65.406
31.143	65.406
31.153	65.406
31.163	65.406
31.173	65.406
31.183	65.406
31.193	65.406
31.203	65.406
31.213	65.406
31.223	65.406
31.233	65.406
31.243	65.406
31.253	65.406
31.263	65.406
31.273	65.406
31.283	65.406
31.293	65.406
31.303	65.406
31.313	65.406
31.323	65.406
31.333	65.406
31.343	65.406
31.353	65.406
31.363	65.406
31.373	65.406
31.383	65.406
31.393	65.406
31.403	65.406
31.413	0.000
31.423	0.000
31.433	0.000
31.443	0.000
31.453	0.000
31.463	48.999
31.473	48.999
31.483	48.999
31.493	48.999
31.503	48.999
31.513	48.999
31.523	48.999
31.533	48.999
31.543	48.999
31.553	48.999
31.563	48.999
31.573	48.999
31.583	48.999
31.593	48.999
31.603	48.999
31.613	48.999
31.623	48.999
31.633	48.999
31.643	48.999
31.653	48.999
31.663	48.999
31.673	48.999
31.683	48.999
31.693	48.999
31.703	48.999
31.713	48.999
31.723	48.999
31.733	48.999
31.743	48.999
31.753	0.000
31.763	0.000
31.773	0.000
31.783	65.406
31.793	65.406
31.803	65.406
31.813	65.406
31.823	65.406
31.833	65.406
31.843	65.406
31.853	65.406
31.863	65.406
31.873	65.406
31.883	65.406
31.893	65.406
31.903	65.406
31.913	65.406
31.923	65.406
31.933	65.406
31.943	65.406
31.953	65.406
31.963	65.406
31.973	65.406
31.983	65.406
31.993	65.406
32.003	65.406
32.013	65.406
32.023	65.406
32.033	65.406
32.043	65.406
32.053	65.406
32.063	65.406
32.073	65.406
32.083	0.000
32.093	0.000
32.103	0.000
32.113	0.000
32.123	0.000
32.133	0.000
32.143	0.000
32.153	0.000
32.163	0.000
32.173	43.654
32.183	43.654
32.193	43.654
32.203	43.654
32.213	43.654
32.223	43.654
32.233	43.654
32.243	43.654
32.253	43.654
32.263	43.654
32.273	43.654
32.283	43.654
32.293	43.654
32.303	43.654
32.313	43.654
32.323	43.654
32.333	43.654
32.343	43.654
32.353	43.654
32.363	43.654
32.373	43.654
32.383	43.654
32.393	43.654
32.403	43.654
32.413	43.654
32.423	43.654
32.433	43.654
32.443	43.654
32.453	43.654
32.463	43.654
32.473	43.654
32.483	0.000
32.493	0.000
32.503	0.000
32.513	0.000
32.523	58.270
32.533	58.270
32.543	58.270
32.553	58.270
32.563	58.270
32.573	58.270
32.583	58.270
32.593	58.270
32.603	58.270
32.613	58.270
32.623	58.270
32.633	58.270
32.643	58.270
32.653	58.270
32.663	58.270
32.673	58.270
32.683	58.270
32.693	58.270
32.703	58.270
32.713	58.270
32.723	58.270
32.733	58.270
32.743	58.270
32.753	58.270
32.763	58.270
32.773	58.270
32.783	58.270
32.793	58.270
32.803	0.000
32.813	0.000
32.823	0.000
32.833	73.416
32.843	73.416
32.853	73.416
32.863	73.416
32.873	73.416
32.883	73.416
32.893	73.416
32.903	73.416
32.913	73.416
32.923	73.416
32.933	73.416
32.943	73.416
32.953	73.416
32.963	73.416
32.973	73.416
32.983	73.416
32.993	73.416
33.003	73.416
33.013	73.416
33.023	73.416
33.033	73.416
33.043	73.416
33.053	73.416
33.063	73.416
33.073	73.416
33.083	73.416
33.093	73.416
33.103	73.416
33.113	73.416
33.123	73.416
33.133	73.416
33.143	0.000
33.153	87.307
33.163	87.307
33.173	87.307
33.183	87.307
33.193	87.307
33.203	87.307
33.213	87.307
33.223	87.307
33.233	87.307
33.243	87.307
33.253	87.307
33.263	87.307
33.273	87.307
33.283	87.307
33.293	87.307
33.303	87.307
33.313	87.307
33.323	87.307
33.333	87.307
33.343	87.307
33.353	87.307
33.363	87.307
33.373	87.307
33.383	87.307
33.393	87.307
33.403	87.307
33.413	87.307
33.423	87.307
33.433	87.307
33.443	87.307
33.453	87.307
33.463	87.307
33.473	87.307
33.483	87.307
33.493	87.307
33.503	87.307
33.513	87.307
33.523	87.307
33.533	87.307
33.543	87.307
33.553	87.307
33.563	87.307
33.573	87.307
33.583	87.307
33.593	87.307
33.603	87.307
33.613	87.307
33.623	87.307
33.633	87.307
33.643	87.307
33.653	87.307
33.663	87.307
33.673	87.307
33.683	87.307
33.693	87.307
33.703	87.307
33.713	87.307
33.723	87.307
33.733	87.307
33.743	87.307
33.753	87.307
33.763	87.307
33.773	87.307
33.783	87.307
33.793	87.307
33.803	87.307
33.813	87.307
33.823	87.307
33.833	87.307
33.843	87.307
33.853	87.307
33.863	87.307
33.873	87.307
33.883	87.307
33.893	87.307
33.903	87.307
33.913	87.307
33.923	87.307
33.933	87.307
33.943	87.307
33.953	87.307
33.963	87.307
33.973	87.307
33.983	87.307
33.993	87.307
34.003	87.307
34.013	87.307
34.023	87.307
34.033	87.307
34.043	87.307
34.053	87.307
34.063	87.307
34.073	87.307
34.083	87.307
34.093	87.307
34.103	87.307
34.113	87.307
34.123	87.307
34.133	87.307
34.143	87.307
34.153	87.307
34.163	87.307
34.173	87.307
34.183	87.307
34.193	87.307
34.203	87.307
34.213	87.307
34.223	87.307
34.233	87.307
34.243	87.307
34.253	87.307
34.263	87.307
34.273	87.307
34.283	87.307
34.293	87.307
34.303	87.307
34.313	87.307
34.323	87.307
34.333	87.307
34.343	87.307
34.353	87.307
34.363	87.307
34.373	87.307
34.383	87.307
34.393	87.307
34.403	87.307
34.413	87.307
34.423	87.307
34.433	87.307
34.443	87.307
34.453	87.307
34.463	87.307
34.473	87.307
34.483	87.307
34.493	87.307
34.503	87.307
34.513	87.307
34.523	87.307
34.533	87.307
34.543	87.307
34.553	87.307
34.563	87.307
34.573	87.307
34.583	87.307
34.593	87.307
34.603	87.307
34.613	87.307
34.623	87.307
34.633	87.307
34.643	87.307
34.653	87.307
34.663	87.307
34.673	87.307
34.683	87.307
34.693	87.307
34.703	87.307
34.713	87.307
34.723	87.307
34.733	87.307
34.743	87.307
34.753	87.307
34.763	87.307
34.773	87.307
34.783	87.307
34.793	87.307
34.803	87.307
34.813	87.307
34.823	87.307
34.833	87.307
34.843	87.307
34.853	87.307
34.863	87.307
34.873	87.307
34.883	87.307
34.893	87.307
34.903	87.307
34.913	87.307
34.923	87.307
34.933	87.307
34.943	87.307
34.953	87.307
34.963	87.307
34.973	87.307
34.983	87.307
34.993	87.307
35.003	87.307
35.013	87.307
35.023	87.307
35.033	87.307
35.043	87.307
35.053	87.307
35.063	87.307
35.073	87.307
35.083	87.307
35.093	87.307
35.103	87.307
35.113	87.307
35.123	87.307
35.133	87.307
35.143	87.307
35.153	87.307
35.163	87.307
35.173	87.307
35.183	87.307
35.193	87.307
35.203	87.307
35.213	87.307
35.223	87.307
35.233	87.307
35.243	87.307
35.253	87.307
35.263	87.307
35.273	87.307
35.283	87.307
35.293	87.307
35.303	87.307
35.313	87.307
35.323	87.307
35.333	87.307
35.343	87.307
35.353	87.307
35.363	87.307
35.373	87.307
35.383	87.307
35.393	87.307
35.403	87.307
35.413	87.307
35.423	0.000
35.433	0.000
35.443	0.000
35.453	0.000
35.463	0.000
35.473	0.000
35.483	0.000
35.493	0.000
35.503	0.000
35.513	0.000
35.523	0.000
35.533	0.000
35.543	0.000
35.553	0.000
35.563	0.000
35.573	0.000
35.583	0.000
35.593	0.000
35.603	0.000
35.613	0.000
35.623	0.000
35.633	0.000
35.643	0.000
35.653	0.000
35.663	0.000
35.673	0.000
35.683	0.000
35.693	0.000
35.703	0.000
35.713	0.000
35.723	0.000
35.733	0.000
35.743	0.000
35.753	0.000
35.763	0.000
35.773	0.000
35.783	0.000
35.793	0.000
35.803	0.000
35.813	0.000
35.823	0.000
35.833	0.000
35.843	58.270
35.853	58.270
35.863	58.270
35.873	58.270
35.883	58.270
35.893	58.270
35.903	58.270
35.913	58.270
35.923	58.270
35.933	58.270
35.943	58.270
35.953	58.270
35.963	58.270
35.973	58.270
35.983	58.270
35.993	58.270
36.003	58.270
36.013	58.270
36.023	58.270
36.033	58.270
36.043	58.270
36.053	58.270
36.063	58.270
36.073	58.270
36.083	58.270
36.093	58.270
36.103	58.270
36.113	58.270
36.123	58.270
36.133	58.270
36.143	0.000
36.153	0.000
36.163	43.654
36.173	43.654
36.183	43.654
36.193	43.654
36.203	43.654
36.213	43.654
36.223	43.654
36.233	43.654
36.243	43.654
36.253	43.654
36.263	43.654
36.273	43.654
36.283	43.654
36.293	43.654
36.303	43.654
36.313	43.654
36.323	43.654
36.333	43.654
36.343	43.654
36.353	43.654
36.363	43.654
36.373	43.654
36.383	43.654
36.393	43.654
36.403	43.654
36.413	43.654
36.423	43.654
36.433	43.654
36.443	43.654
36.453	43.654
36.463	43.654
36.473	43.654
36.483	43.654
36.493	43.654
36.503	43.654
36.513	0.000
36.523	0.000
36.533	0.000
36.543	0.000
36.553	0.000
36.563	0.000
36.573	58.270
36.583	58.270
36.593	58.270
36.603	58.270
36.613	58.270
36.623	58.270
36.633	58.270
36.643	58.270
36.653	58.270
36.663	58.270
36.673	58.270
36.683	58.270
36.693	58.270
36.703	58.270
36.713	58.270
36.723	58.270
36.733	58.270
36.743	58.270
36.753	58.270
36.763	58.270
36.773	58.270
36.783	58.270
36.793	58.270
36.803	58.270
36.813	58.270
36.823	58.270
36.833	58.270
36.843	58.270
36.853	58.270
36.863	58.270
36.873	58.270
36.883	0.000
36.893	0.000
36.903	0.000
36.913	73.416
36.923	73.416
36.933	73.416
36.943	73.416
36.953	73.416
36.963	73.416
36.973	73.416
36.983	73.416
36.993	73.416
37.003	73.416
37.013	73.416
37.023	73.416
37.033	73.416
37.043	73.416
37.053	73.416
37.063	73.416
37.073	73.416
37.083	73.416
37.093	73.416
37.103	73.416
37.113	73.416
37.123	73.416
37.133	73.416
37.143	73.416
37.153	73.416
37.163	73.416
37.173	73.416
37.183	73.416
37.193	73.416
37.203	73.416
37.213	73.416
37.223	73.416
37.233	0.000
37.243	65.406
37.253	65.406
37.263	65.406
37.273	65.406
37.283	65.406
37.293	65.406
37.303	65.406
37.313	65.406
37.323	65.406
37.333	65.406
37.343	65.406
37.353	65.406
37.363	65.406
37.373	65.406
37.383	65.406
37.393	65.406
37.403	65.406
37.413	65.406
37.423	65.406
37.433	65.406
37.443	65.406
37.453	65.406
37.463	65.406
37.473	65.406
37.483	65.406
37.493	65.406
37.503	65.406
37.513	65.406
37.523	65.406
37.533	65.406
37.543	65.406
37.553	0.000
37.563	0.000
37.573	58.270
37.583	58.270
37.593	58.270
37.603	58.270
37.613	58.270
37.623	58.270
37.633	58.270
37.643	58.270
37.653	58.270
37.663	58.270
37.673	58.270
37.683	58.270
37.693	58.270
37.703	58.270
37.713	58.270
37.723	58.270
37.733	58.270
37.743	58.270
37.753	58.270
37.763	58.270
37.773	58.270
37.783	58.270
37.793	58.270
37.803	58.270
37.813	58.270
37.823	58.270
37.833	58.270
37.843	0.000
37.853	0.000
37.863	0.000
37.873	0.000
37.883	0.000
37.893	0.000
37.903	0.000
37.913	0.000
37.923	0.000
37.933	0.000
37.943	0.000
37.953	0.000
37.963	58.270
37.973	58.270
37.983	58.270
37.993	58.270
38.003	58.270
38.013	58.270
38.023	58.270
38.033	58.270
38.043	58.270
38.053	58.270
38.063	58.270
38.073	58.270
38.083	58.270
38.093	58.270
38.103	58.270
38.113	58.270
38.123	58.270
38.133	58.270
38.143	58.270
38.153	58.270
38.163	58.270
38.173	58.270
38.183	58.270
38.193	58.270
38.203	58.270
38.213	58.270
38.223	58.270
38.233	58.270
38.243	58.270
38.253	58.270
38.263	0.000
38.273	0.000
38.283	77.782
38.293	77.782
38.303	77.782
38.313	77.782
38.323	77.782
38.333	77.782
38.343	77.782
38.353	77.782
38.363	77.782
38.373	77.782
38.383	77.782
38.393	77.782
38.403	77.782
38.413	77.782
38.423	77.782
38.433	77.782
38.443	77.782
38.453	77.782
38.463	77.782
38.473	77.782
38.483	77.782
38.493	77.782
38.503	77.782
38.513	77.782
38.523	77.782
38.533	77.782
38.543	77.782
38.553	77.782
38.563	77.782
38.573	77.782
38.583	77.782
38.593	77.782
38.603	0.000
38.613	0.000
38.623	0.000
38.633	0.000
38.643	73.416
38.653	73.416
38.663	73.416
38.673	73.416
38.683	73.416
38.693	73.416
38.703	73.416
38.713	73.416
38.723	73.416
38.733	73.416
38.743	73.416
38.753	73.416
38.763	73.416
38.773	73.416
38.783	73.416
38.793	73.416
38.803	73.416
38.813	73.416
38.823	73.416
38.833	73.416
38.843	73.416
38.853	73.416
38.863	73.416
38.873	73.416
38.883	73.416
38.893	73.416
38.903	73.416
38.913	73.416
38.923	73.416
38.933	73.416
38.943	73.416
38.953	73.416
38.963	73.416
38.973	73.416
38.983	73.416
38.993	73.416
39.003	73.416
39.013	73.416
39.023	73.416
39.033	73.416
39.043	73.416
39.053	73.416
39.063	73.416
39.073	73.416
39.083	73.416
39.093	73.416
39.103	73.416
39.113	73.416
39.123	73.416
39.133	73.416
39.143	73.416
39.153	73.416
39.163	73.416
39.173	73.416
39.183	73.416
39.193	73.416
39.203	73.416
39.213	73.416
39.223	73.416
39.233	73.416
39.243	73.416
39.253	73.416
39.263	73.416
39.273	73.416
39.283	73.416
39.293	73.416
39.303	73.416
39.313	73.416
39.323	73.416
39.333	73.416
39.343	73.416
39.353	73.416
39.363	73.416
39.373	73.416
39.383	73.416
39.393	73.416
39.403	73.416
39.413	73.416
39.423	73.416
39.433	73.416
39.443	73.416
39.453	73.416
39.463	73.416
39.473	73.416
39.483	73.416
39.493	73.416
39.503	73.416
39.513	73.416
39.523	73.416
39.533	73.416
39.543	73.416
39.553	73.416
39.563	73.416
39.573	73.416
39.583	73.416
39.593	73.416
39.603	73.416
39.613	73.416
39.623	73.416
39.633	73.416
39.643	73.416
39.653	73.416
39.663	73.416
39.673	73.416
39.683	73.416
39.693	73.416
39.703	73.416
39.713	73.416
39.723	73.416
39.733	73.416
39.743	73.416
39.753	73.416
39.763	73.416
39.773	73.416
39.783	73.416
39.793	73.416
39.803	73.416
39.813	73.416
39.823	73.416
39.833	73.416
39.843	73.416
39.853	73.416
39.863	73.416
39.873	73.416
39.883	73.416
39.893	73.416
39.903	73.416
39.913	73.416
39.923	73.416
39.933	73.416
39.943	73.416
39.953	73.416
39.963	73.416
39.973	73.416
39.983	73.416
39.993	73.416
40.003	73.416
40.013	73.416
40.023	73.416
40.033	73.416
40.043	73.416
40.053	73.416
40.063	73.416
40.073	73.416
40.083	73.416
40.093	73.416
40.103	73.416
40.113	73.416
40.123	73.416
40.133	73.416
40.143	73.416
40.153	73.416
40.163	73.416
40.173	73.416
40.183	73.416
40.193	73.416
40.203	73.416
40.213	73.416
40.223	73.416
40.233	73.416
40.243	73.416
40.253	73.416
40.263	73.416
40.273	73.416
40.283	73.416
40.293	73.416
40.303	73.416
40.313	73.416
40.323	73.416
40.333	73.416
40.343	73.416
40.353	73.416
40.363	73.416
40.373	73.416
40.383	73.416
40.393	73.416
40.403	73.416
40.413	73.416
40.423	73.416
40.433	73.416
40.443	73.416
40.453	73.416
40.463	73.416
40.473	73.416
40.483	73.416
40.493	73.416
40.503	73.416
40.513	73.416
40.523	73.416
40.533	73.416
40.543	73.416
40.553	73.416
40.563	73.416
40.573	73.416
40.583	73.416
40.593	73.416
40.603	73.416
40.613	73.416
40.623	73.416
40.633	73.416
40.643	73.416
40.653	73.416
40.663	73.416
40.673	73.416
40.683	73.416
40.693	73.416
40.703	73.416
40.713	73.416
40.723	73.416
40.733	73.416
40.743	73.416
40.753	73.416
40.763	73.416
40.773	73.416
40.783	73.416
40.793	73.416
40.803	73.416
40.813	73.416
40.823	73.416
40.833	73.416
40.843	73.416
40.853	73.416
40.863	73.416
40.873	73.416
40.883	73.416
40.893	73.416
40.903	73.416
40.913	73.416
40.923	73.416
40.933	73.416
40.943	73.416
40.953	73.416
40.963	73.416
40.973	73.416
40.983	73.416
40.993	73.416
41.003	73.416
41.013	0.000
41.023	0.000
41.033	0.000
41.043	0.000
41.053	0.000
41.063	0.000
41.073	0.000
41.083	0.000
41.093	0.000
41.103	0.000
41.113	0.000
41.123	0.000
41.133	0.000
41.143	0.000
41.153	0.000
41.163	0.000
41.173	0.000
41.183	0.000
41.193	0.000
41.203	0.000
41.213	0.000
41.223	0.000
41.233	0.000
41.243	0.000
41.253	0.000
41.263	0.000
41.273	0.000
41.283	0.000
41.293	0.000
41.303	0.000
41.313	0.000
41.323	0.000
41.333	73.416
41.343	73.416
41.353	73.416
41.363	73.416
41.373	73.416
41.383	73.416
41.393	73.416
41.403	73.416
41.413	73.416
41.423	73.416
41.433	73.416
41.443	73.416
41.453	73.416
41.463	73.416
41.473	73.416
41.483	73.416
41.493	73.416
41.503	73.416
41.513	73.416
41.523	73.416
41.533	73.416
41.543	73.416
41.553	73.416
41.563	73.416
41.573	73.416
41.583	73.416
41.593	73.416
41.603	73.416
41.613	73.416
41.623	73.416
41.633	73.416
41.643	73.416
41.653	73.416
41.663	0.000
41.673	0.000
41.683	97.999
41.693	97.999
41.703	97.999
41.713	97.999
41.723	97.999
41.733	97.999
41.743	97.999
41.753	97.999
41.763	97.999
41.773	97.999
41.783	97.999
41.793	97.999
41.803	97.999
41.813	97.999
41.823	97.999
41.833	97.999
41.843	97.999
41.853	97.999
41.863	97.999
41.873	97.999
41.883	97.999
41.893	97.999
41.903	97.999
41.913	97.999
41.923	97.999
41.933	97.999
41.943	97.999
41.953	97.999
41.963	97.999
41.973	97.999
41.983	97.999
41.993	0.000
42.003	0.000
42.013	0.000
42.023	130.810
42.033	130.810
42.043	130.810
42.053	130.810
42.063	130.810
42.073	130.810
42.083	130.810
42.093	130.810
42.103	130.810
42.113	130.810
42.123	130.810
42.133	130.810
42.143	130.810
42.153	130.810
42.163	130.810
42.173	130.810
42.183	130.810
42.193	130.810
42.203	130.810
42.213	130.810
42.223	130.810
42.233	130.810
42.243	130.810
42.253	130.810
42.263	130.810
42.273	130.810
42.283	130.810
42.293	130.810
42.303	130.810
42.313	130.810
42.323	130.810
42.333	130.810
42.343	130.810
42.353	130.810
42.363	97.999
42.373	97.999
42.383	97.999
42.393	97.999
42.403	97.999
42.413	97.999
42.423	97.999
42.433	97.999
42.443	97.999
42.453	97.999
42.463	97.999
42.473	97.999
42.483	97.999
42.493	97.999
42.503	97.999
42.513	97.999
42.523	97.999
42.533	97.999
42.543	97.999
42.553	97.999
42.563	97.999
42.573	97.999
42.583	97.999
42.593	97.999
42.603	97.999
42.613	97.999
42.623	97.999
42.633	97.999
42.643	97.999
42.653	97.999
42.663	97.999
42.673	97.999
42.683	97.999
42.693	97.999
42.703	97.999
42.713	97.999
42.723	97.999
42.733	0.000
42.743	0.000
42.753	0.000
42.763	0.000
42.773	130.810
42.783	130.810
42.793	130.810
42.803	130.810
42.813	130.810
42.823	130.810
42.833	130.810
42.843	130.810
42.853	130.810
42.863	130.810
42.873	130.810
42.883	130.810
42.893	130.810
42.903	130.810
42.913	130.810
42.923	130.810
42.933	130.810
42.943	130.810
42.953	130.810
42.963	130.810
42.973	130.810
42.983	130.810
42.993	130.810
43.003	130.810
43.013	0.000
43.023	0.000
43.033	0.000
43.043	0.000
43.053	77.782
43.063	77.782
43.073	77.782
43.083	77.782
43.093	77.782
43.103	77.782
43.113	77.782
43.123	77.782
43.133	77.782
43.143	77.782
43.153	77.782
43.163	77.782
43.173	77.782
43.183	77.782
43.193	77.782
43.203	77.782
43.213	77.782
43.223	77.782
43.233	77.782
43.243	77.782
43.253	77.782
43.263	77.782
43.273	77.782
43.283	77.782
43.293	77.782
43.303	77.782
43.313	77.782
43.323	77.782
43.333	77.782
43.343	77.782
43.353	77.782
43.363	77.782
43.373	77.782
43.383	0.000
43.393	87.307
43.403	87.307
43.413	87.307
43.423	87.307
43.433	87.307
43.443	87.307
43.453	87.307
43.463	87.307
43.473	87.307
43.483	87.307
43.493	87.307
43.503	87.307
43.513	87.307
43.523	87.307
43.533	87.307
43.543	87.307
43.553	87.307
43.563	87.307
43.573	87.307
43.583	0.000
43.593	0.000
43.603	0.000
43.613	0.000
43.623	0.000
43.633	0.000
43.643	0.000
43.653	0.000
43.663	0.000
43.673	0.000
43.683	0.000
43.693	0.000
43.703	0.000
43.713	0.000
43.723	0.000
43.733	0.000
43.743	0.000
43.753	0.000
43.763	87.307
43.773	87.307
43.783	87.307
43.793	87.307
43.803	87.307
43.813	87.307
43.823	87.307
43.833	87.307
43.843	87.307
43.853	87.307
43.863	87.307
43.873	87.307
43.883	87.307
43.893	87.307
43.903	87.307
43.913	87.307
43.923	87.307
43.933	87.307
43.943	87.307
43.953	87.307
43.963	87.307
43.973	87.307
43.983	87.307
43.993	87.307
44.003	87.307
44.013	87.307
44.023	87.307
44.033	87.307
44.043	87.307
44.053	87.307
44.063	87.307
44.073	87.307
44.083	87.307
44.093	87.307
44.103	87.307
44.113	0.000
44.123	0.000
44.133	58.270
44.143	58.270
44.153	58.270
44.163	58.270
44.173	58.270
44.183	58.270
44.193	58.270
44.203	58.270
44.213	58.270
44.223	58.270
44.233	58.270
44.243	58.270
44.253	58.270
44.263	58.270
44.273	58.270
44.283	58.270
44.293	58.270
44.303	58.270
44.313	58.270
44.323	58.270
44.333	58.270
44.343	58.270
44.353	58.270
44.363	58.270
44.373	58.270
44.383	58.270
44.393	58.270
44.403	58.270
44.413	58.270
44.423	58.270
44.433	58.270
44.443	58.270
44.453	58.270
44.463	58.270
44.473	58.270
44.483	58.270
44.493	58.270
44.503	58.270
44.513	58.270
44.523	58.270
44.533	58.270
44.543	58.270
44.553	58.270
44.563	58.270
44.573	58.270
44.583	58.270
44.593	58.270
44.603	58.270
44.613	58.270
44.623	58.270
44.633	58.270
44.643	58.270
44.653	58.270
44.663	58.270
44.673	58.270
44.683	58.270
44.693	58.270
44.703	58.270
44.713	58.270
44.723	58.270
44.733	58.270
44.743	58.270
44.753	58.270
44.763	58.270
44.773	58.270
44.783	58.270
44.793	58.270
44.803	58.270
44.813	58.270
44.823	58.270
44.833	58.270
44.843	58.270
44.853	58.270
44.863	58.270
44.873	58.270
44.883	58.270
44.893	58.270
44.903	58.270
44.913	58.270
44.923	58.270
44.933	58.270
44.943	58.270
44.953	58.270
44.963	58.270
44.973	58.270
44.983	58.270
44.993	58.270
45.003	58.270
45.013	58.270
45.023	58.270
45.033	58.270
45.043	58.270
45.053	58.270
45.063	58.270
45.073	58.270
45.083	58.270
45.093	58.270
45.103	58.270
45.113	58.270
45.123	58.270
45.133	58.270
45.143	58.270
45.153	58.270
45.163	58.270
45.173	58.270
45.183	58.270
45.193	58.270
45.203	58.270
45.213	58.270
45.223	58.270
45.233	58.270
45.243	58.270
45.253	58.270
45.263	58.270
45.273	58.270
45.283	58.270
45.293	58.270
45.303	58.270
45.313	58.270
45.323	58.270
45.333	58.270
45.343	58.270
45.353	58.270
45.363	58.270
45.373	58.270
45.383	58.270
45.393	58.270
45.403	58.270
45.413	58.270
45.423	58.270
45.433	58.270
45.443	58.270
45.453	58.270
45.463	58.270
45.473	58.270
45.483	58.270
45.493	58.270
45.503	58.270
45.513	58.270
45.523	58.270
45.533	58.270
45.543	58.270
45.553	58.270
45.563	58.270
45.573	58.270
45.583	58.270
45.593	58.270
45.603	58.270
45.613	58.270
45.623	58.270
45.633	58.270
45.643	58.270
45.653	58.270
45.663	58.270
45.673	58.270
45.683	58.270
45.693	58.270
45.703	58.270
45.713	58.270
45.723	58.270
45.733	58.270
45.743	58.270
45.753	58.270
45.763	58.270
45.773	58.270
45.783	58.270
45.793	58.270
45.803	58.270
45.813	58.270
45.823	58.270
45.833	58.270
45.843	58.270
45.853	58.270
45.863	58.270
45.873	58.270
45.883	58.270
45.893	58.270
45.903	58.270
45.913	58.270
45.923	58.270
45.933	58.270
45.943	58.270
45.953	58.270
45.963	58.270
45.973	58.270
45.983	58.270
45.993	58.270
46.003	58.270
46.013	58.270
46.023	58.270
46.033	58.270
46.043	58.270
46.053	58.270
46.063	58.270
46.073	58.270
46.083	58.270
46.093	58.270
46.103	58.270
46.113	58.270
46.123	58.270
46.133	58.270
46.143	58.270
46.153	58.270
46.163	58.270
46.173	58.270
46.183	58.270
46.193	0.000
46.203	0.000
46.213	0.000
46.223	0.000
46.233	0.000
46.243	0.000
46.253	0.000
46.263	0.000
46.273	0.000
46.283	0.000
46.293	0.000
46.303	0.000
46.313	0.000
46.323	0.000
46.333	0.000
46.343	0.000
46.353	0.000
46.363	0.000
46.373	0.000
46.383	0.000
46.393	0.000
46.403	0.000
46.413	0.000
46.423	0.000
46.433	0.000
46.443	0.000
46.453	0.000
46.463	0.000
46.473	0.000
46.483	0.000
46.493	0.000
46.503	58.270
46.513	58.270
46.523	58.270
46.533	58.270
46.543	58.270
46.553	58.270
46.563	58.270
46.573	58.270
46.583	58.270
46.593	58.270
46.603	58.270
46.613	58.270
46.623	58.270
46.633	58.270
46.643	58.270
46.653	58.270
46.663	58.270
46.673	58.270
46.683	58.270
46.693	58.270
46.703	58.270
46.713	58.270
46.723	58.270
46.733	58.270
46.743	58.270
46.753	58.270
46.763	58.270
46.773	58.270
46.783	58.270
46.793	58.270
46.803	58.270
46.813	58.270
46.823	58.270
46.833	58.270
46.843	58.270
46.853	58.270
46.863	58.270
46.873	58.270
46.883	58.270
46.893	58.270
46.903	58.270
46.913	58.270
46.923	58.270
46.933	58.270
46.943	58.270
46.953	58.270
46.963	58.270
46.973	58.270
46.983	58.270
46.993	58.270
47.003	58.270
47.013	58.270
47.023	58.270
47.033	58.270
47.043	58.270
47.053	58.270
47.063	58.270
47.073	58.270
47.083	58.270
47.093	58.270
47.103	58.270
47.113	58.270
47.123	58.270
47.133	58.270
47.143	58.270
47.153	58.270
47.163	58.270
47.173	58.270
47.183	58.270
47.193	58.270
47.203	58.270
47.213	58.270
47.223	58.270
47.233	58.270
47.243	58.270
47.253	58.270
47.263	58.270
47.273	58.270
47.283	58.270
47.293	58.270
47.303	58.270
47.313	58.270
47.323	58.270
47.333	58.270
47.343	58.270
47.353	58.270
47.363	58.270
47.373	58.270
47.383	58.270
47.393	58.270
47.403	58.270
47.413	58.270
47.423	58.270
47.433	58.270
47.443	58.270
47.453	58.270
47.463	58.270
47.473	58.270
47.483	58.270
47.493	58.270
47.503	58.270
47.513	58.270
47.523	58.270
47.533	58.270
47.543	58.270
47.553	58.270
47.563	58.270
47.573	58.270
47.583	58.270
47.593	58.270
47.603	58.270
47.613	58.270
47.623	58.270
47.633	58.270
47.643	58.270
47.653	58.270
47.663	58.270
47.673	58.270
47.683	58.270
47.693	58.270
47.703	58.270
47.713	58.270
47.723	58.270
47.733	58.270
47.743	58.270
47.753	58.270
47.763	58.270
47.773	58.270
47.783	58.270
47.793	58.270
47.803	58.270
47.813	58.270
47.823	58.270
47.833	58.270
47.843	58.270
47.853	58.270
47.863	58.270
47.873	58.270
47.883	58.270
47.893	58.270
47.903	58.270
47.913	58.270
47.923	58.270
47.933	58.270
47.943	58.270
47.953	58.270
47.963	58.270
47.973	58.270
47.983	58.270
47.993	58.270
48.003	58.270
48.013	58.270
48.023	58.270
48.033	58.270
48.043	58.270
48.053	58.270
48.063	58.270
48.073	58.270
48.083	58.270
48.093	58.270
48.103	58.270
48.113	58.270
48.123	58.270
48.133	58.270
48.143	58.270
48.153	58.270
48.163	58.270
48.173	58.270
48.183	58.270
48.193	58.270
48.203	58.270
48.213	58.270
48.223	58.270
48.233	58.270
48.243	58.270
48.253	58.270
48.263	58.270
48.273	58.270
48.283	58.270
48.293	58.270
48.303	58.270
48.313	58.270
48.323	58.270
48.333	58.270
48.343	58.270
48.353	58.270
48.363	58.270
48.373	58.270
48.383	58.270
48.393	58.270
48.403	58.270
48.413	58.270
48.423	58.270
48.433	58.270
48.443	58.270
48.453	58.270
48.463	58.270
48.473	58.270
48.483	58.270
48.493	58.270
48.503	58.270
48.513	58.270
48.523	58.270
48.533	58.270
48.543	58.270
48.553	58.270
48.563	58.270
48.573	58.270
48.583	58.270
48.593	58.270
48.603	58.270
48.613	58.270
48.623	58.270
48.633	58.270
48.643	58.270
48.653	58.270
48.663	58.270
48.673	58.270
48.683	58.270
48.693	58.270
48.703	58.270
48.713	58.270
48.723	58.270
48.733	58.270
48.743	58.270
48.753	58.270
48.763	58.270
48.773	58.270
48.783	58.270
48.793	58.270
48.803	58.270
48.813	58.270
48.823	58.270
48.833	58.270
48.843	58.270
48.853	58.270
48.863	58.270
48.873	58.270
48.883	58.270
48.893	58.270
48.903	58.270
48.913	58.270
48.923	58.270
48.933	58.270
48.943	58.270
48.953	58.270
48.963	58.270
48.973	58.270
48.983	58.270
48.993	58.270
49.003	58.270
49.013	58.270
49.023	58.270
49.033	58.270
49.043	0.000
49.053	0.000
49.063	0.000
49.073	0.000
49.083	0.000
49.093	0.000
49.103	0.000
49.113	0.000
49.123	0.000
49.133	0.000
49.143	0.000
49.153	0.000
49.163	0.000
49.173	0.000
49.183	0.000
49.193	0.000
49.203	0.000
49.213	0.000
49.223	0.000
49.233	0.000
49.243	0.000
49.253	0.000
49.263	0.000
49.273	0.000
49.283	0.000
49.293	0.000
49.303	0.000
49.313	58.270
49.323	58.270
49.333	58.270
49.343	58.270
49.353	58.270
49.363	58.270
49.373	58.270
49.383	58.270
49.393	58.270
49.403	58.270
49.413	58.270
49.423	58.270
49.433	58.270
49.443	58.270
49.453	58.270
49.463	58.270
49.473	58.270
49.483	58.270
49.493	58.270
49.503	58.270
49.513	58.270
49.523	58.270
49.533	58.270
49.543	58.270
49.553	58.270
49.563	58.270
49.573	58.270
49.583	58.270
49.593	58.270
49.603	58.270
49.613	58.270
49.623	58.270
49.633	58.270
49.643	58.270
49.653	58.270
49.663	58.270
49.673	58.270
49.683	58.270
49.693	58.270
49.703	58.270
49.713	58.270
49.723	58.270
49.733	58.270
49.743	58.270
49.753	58.270
49.763	58.270
49.773	58.270
49.783	58.270
49.793	58.270
49.803	58.270
49.813	58.270
49.823	58.270
49.833	58.270
49.843	58.270
49.853	58.270
49.863	58.270
49.873	58.270
49.883	58.270
49.893	58.270
49.903	58.270
49.913	58.270
49.923	58.270
49.933	58.270
49.943	58.270
49.953	58.270
49.963	58.270
49.973	58.270
49.983	58.270
49.993	58.270
50.003	58.270
50.013	58.270
50.023	58.270
50.033	58.270
50.043	58.270
50.053	58.270
50.063	58.270
50.073	58.270
50.083	58.270
50.093	58.270
50.103	58.270
50.113	58.270
50.123	58.270
50.133	58.270
50.143	58.270
50.153	58.270
50.163	58.270
50.173	58.270
50.183	58.270
50.193	58.270
50.203	58.270
50.213	58.270
50.223	58.270
50.233	58.270
50.243	58.270
50.253	58.270
50.263	58.270
50.273	58.270
50.283	58.270
50.293	58.270
50.303	58.270
50.313	58.270
50.323	58.270
50.333	58.270
50.343	58.270
50.353	58.270
50.363	58.270
50.373	58.270
50.383	58.270
50.393	58.270
50.403	58.270
50.413	58.270
50.423	58.270
50.433	58.270
50.443	58.270
50.453	58.270
50.463	58.270
50.473	58.270
50.483	58.270
50.493	58.270
50.503	58.270
50.513	58.270
50.523	58.270
50.533	58.270
50.543	58.270
50.553	58.270
50.563	58.270
50.573	58.270
50.583	58.270
50.593	58.270
50.603	58.270
50.613	58.270
50.623	58.270
50.633	58.270
50.643	58.270
50.653	58.270
50.663	58.270
50.673	58.270
50.683	58.270
50.693	58.270
50.703	58.270
50.713	58.270
50.723	58.270
50.733	58.270
50.743	58.270
50.753	58.270
50.763	58.270
50.773	58.270
50.783	58.270
50.793	58.270
50.803	58.270
50.813	58.270
50.823	58.270
50.833	58.270
50.843	58.270
50.853	58.270
50.863	58.270
50.873	58.270
50.883	58.270
50.893	58.270
50.903	58.270
50.913	58.270
50.923	58.270
50.933	58.270
50.943	58.270
50.953	58.270
50.963	58.270
50.973	58.270
50.983	58.270
50.993	58.270
51.003	58.270
51.013	58.270
51.023	58.270
51.033	58.270
51.043	58.270
51.053	58.270
51.063	58.270
51.073	58.270
51.083	58.270
51.093	58.270
51.103	58.270
51.113	58.270
51.123	58.270
51.133	58.270
51.143	58.270
51.153	58.270
51.163	58.270
51.173	58.270
51.183	58.270
51.193	58.270
51.203	58.270
51.213	58.270
51.223	58.270
51.233	58.270
51.243	58.270
51.253	58.270
51.263	58.270
51.273	58.270
51.283	58.270
51.293	58.270
51.303	58.270
51.313	58.270
51.323	58.270
51.333	58.270
51.343	58.270
51.353	58.270
51.363	58.270
51.373	58.270
51.383	58.270
51.393	58.270
51.403	58.270
51.413	58.270
51.423	58.270
51.433	58.270
51.443	58.270
51.453	58.270
51.463	58.270
51.473	58.270
51.483	58.270
51.493	58.270
51.503	58.270
51.513	58.270
51.523	58.270
51.533	58.270
51.543	58.270
51.553	58.270
51.563	58.270
51.573	58.270
51.583	58.270
51.593	58.270
51.603	58.270
51.613	58.270
51.623	58.270
51.633	58.270
51.643	58.270
51.653	58.270
51.663	58.270
51.673	58.270
51.683	58.270
51.693	58.270
51.703	58.270
51.713	58.270
51.723	58.270
51.733	58.270
51.743	58.270
51.753	58.270
51.763	58.270
51.773	58.270
51.783	58.270
51.793	58.270
51.803	58.270
51.813	58.270
51.823	58.270
51.833	58.270
51.843	58.270
51.853	58.270
51.863	58.270
51.873	58.270
51.883	58.270
51.893	58.270
51.903	58.270
51.913	58.270
51.923	58.270
51.933	58.270
51.943	58.270
51.953	58.270
51.963	58.270
51.973	0.000
51.983	0.000
51.993	0.000
52.003	0.000
52.013	0.000
52.023	0.000
52.033	0.000
52.043	0.000
52.053	0.000
52.063	0.000
52.073	0.000
52.083	0.000
52.093	0.000
52.103	0.000
52.113	0.000
52.123	0.000
52.133	0.000
52.143	0.000
52.153	0.000
52.163	0.000
52.173	0.000
52.183	0.000
52.193	0.000
52.203	0.000
52.213	0.000
52.223	0.000
52.233	0.000
52.243	0.000
52.253	0.000
52.263	0.000
52.273	0.000
52.283	0.000
52.293	0.000
52.303	0.000
52.313	0.000
52.323	0.000
52.333	0.000
52.343	0.000
52.353	0.000
52.363	0.000
52.373	0.000
52.383	0.000
52.393	0.000
52.403	0.000
52.413	0.000
52.423	0.000
52.433	0.000
52.443	0.000
52.453	0.000
52.463	0.000
52.473	0.000
52.483	0.000
52.493	0.000
52.503	0.000
52.513	0.000
52.523	0.000
52.533	0.000
52.543	0.000
52.553	0.000
52.563	0.000
52.573	0.000
52.583	0.000
52.593	0.000
52.603	0.000
52.613	0.000
52.623	0.000
52.633	0.000
52.643	0.000
52.653	0.000
52.663	0.000
52.673	0.000
52.683	0.000
52.693	0.000
52.703	0.000
52.713	0.000
52.723	0.000
52.733	0.000
52.743	0.000
52.753	0.000
52.763	0.000
52.773	0.000
52.783	0.000
52.793	0.000
52.803	0.000
52.813	0.000
52.823	0.000
52.833	0.000
52.843	0.000
52.853	0.000
52.863	0.000
52.873	0.000
52.883	0.000
52.893	0.000
52.903	0.000
52.913	0.000
52.923	0.000
52.933	0.000
52.943	0.000
52.953	0.000
52.963	0.000
52.973	0.000
52.983	0.000
52.993	0.000
53.003	0.000
53.013	0.000
53.023	0.000
53.033	0.000
53.043	0.000
53.053	0.000
53.063	0.000
53.073	0.000
53.083	0.000
53.093	0.000
53.103	0.000
53.113	0.000
53.123	0.000
53.133	0.000
53.143	0.000
53.153	0.000
53.163	0.000
53.173	0.000
53.183	0.000
53.193	0.000
53.203	0.000
53.213	0.000
53.223	0.000
53.233	0.000
53.243	0.000
53.253	0.000
53.263	0.000
53.273	0.000
53.283	0.000
53.293	0.000
53.303	0.000
53.313	0.000
53.323	0.000
53.333	0.000
53.343	0.000
53.353	0.000
53.363	0.000
53.373	0.000
53.383	0.000
53.393	0.000
53.403	0.000
53.413	0.000
53.423	0.000
53.433	0.000
53.443	0.000
