0.023	0.000
0.033	0.000
0.043	0.000
0.053	0.000
0.063	0.000
0.073	0.000
0.083	0.000
0.093	0.000
0.103	0.000
0.113	0.000
0.123	0.000
0.133	0.000
0.143	0.000
0.153	0.000
0.163	0.000
0.173	0.000
0.183	0.000
0.193	0.000
0.203	0.000
0.213	0.000
0.223	0.000
0.233	0.000
0.243	0.000
0.253	0.000
0.263	0.000
0.273	0.000
0.283	0.000
0.293	0.000
0.303	0.000
0.313	0.000
0.323	0.000
0.333	0.000
0.343	0.000
0.353	0.000
0.363	0.000
0.373	0.000
0.383	0.000
0.393	0.000
0.403	0.000
0.413	0.000
0.423	0.000
0.433	0.000
0.443	0.000
0.453	0.000
0.463	0.000
0.473	0.000
0.483	0.000
0.493	0.000
0.503	0.000
0.513	0.000
0.523	0.000
0.533	0.000
0.543	0.000
0.553	0.000
0.563	0.000
0.573	0.000
0.583	0.000
0.593	0.000
0.603	0.000
0.613	0.000
0.623	0.000
0.633	0.000
0.643	0.000
0.653	0.000
0.663	0.000
0.673	0.000
0.683	0.000
0.693	0.000
0.703	0.000
0.713	0.000
0.723	0.000
0.733	0.000
0.743	0.000
0.753	0.000
0.763	0.000
0.773	0.000
0.783	0.000
0.793	0.000
0.803	0.000
0.813	0.000
0.823	0.000
0.833	0.000
0.843	0.000
0.853	0.000
0.863	0.000
0.873	0.000
0.883	0.000
0.893	0.000
0.903	0.000
0.913	0.000
0.923	0.000
0.933	0.000
0.943	0.000
0.953	0.000
0.963	0.000
0.973	0.000
0.983	0.000
0.993	0.000
1.003	0.000
1.013	0.000
1.023	0.000
1.033	0.000
1.043	0.000
1.053	0.000
1.063	0.000
1.073	0.000
1.083	0.000
1.093	0.000
1.103	0.000
1.113	0.000
1.123	0.000
1.133	0.000
1.143	0.000
1.153	0.000
1.163	0.000
1.173	0.000
1.183	0.000
1.193	0.000
1.203	0.000
1.213	0.000
1.223	0.000
1.233	0.000
1.243	0.000
1.253	0.000
1.263	0.000
1.273	0.000
1.283	0.000
1.293	0.000
1.303	0.000
1.313	0.000
1.323	0.000
1.333	0.000
1.343	0.000
1.353	0.000
1.363	0.000
1.373	0.000
1.383	0.000
1.393	0.000
1.403	0.000
1.413	0.000
1.423	0.000
1.433	0.000
1.443	0.000
1.453	0.000
1.463	0.000
1.473	0.000
1.483	0.000
1.493	0.000
1.503	0.000
1.513	0.000
1.523	0.000
1.533	0.000
1.543	0.000
1.553	0.000
1.563	0.000
1.573	0.000
1.583	0.000
1.593	0.000
1.603	0.000
1.613	0.000
1.623	0.000
1.633	0.000
1.643	0.000
1.653	0.000
1.663	0.000
1.673	0.000
1.683	0.000
1.693	0.000
1.703	0.000
1.713	0.000
1.723	0.000
1.733	0.000
1.743	0.000
1.753	0.000
1.763	0.000
1.773	0.000
1.783	0.000
1.793	0.000
1.803	0.000
1.813	0.000
1.823	0.000
1.833	0.000
1.843	0.000
1.853	0.000
1.863	0.000
1.873	0.000
1.883	0.000
1.893	0.000
1.903	0.000
1.913	0.000
1.923	0.000
1.933	0.000
1.943	0.000
1.953	0.000
1.963	0.000
1.973	0.000
1.983	0.000
1.993	0.000
2.003	0.000
2.013	0.000
2.023	0.000
2.033	0.000
2.043	0.000
2.053	0.000
2.063	0.000
2.073	0.000
2.083	0.000
2.093	0.000
2.103	0.000
2.113	0.000
2.123	0.000
2.133	0.000
2.143	0.000
2.153	0.000
2.163	0.000
2.173	0.000
2.183	0.000
2.193	0.000
2.203	0.000
2.213	0.000
2.223	0.000
2.233	0.000
2.243	0.000
2.253	0.000
2.263	0.000
2.273	0.000
2.283	914.041
2.293	896.435
2.303	893.458
2.313	892.430
2.323	891.610
2.333	891.869
2.343	891.909
2.353	892.106
2.363	891.918
2.373	892.241
2.383	893.623
2.393	893.718
2.403	893.842
2.413	894.293
2.423	894.829
2.433	895.615
2.443	896.371
2.453	896.813
2.463	896.524
2.473	896.358
2.483	895.803
2.493	895.396
2.503	895.425
2.513	895.518
2.523	895.535
2.533	895.655
2.543	895.667
2.553	896.000
2.563	896.944
2.573	897.833
2.583	899.298
2.593	901.594
2.603	902.892
2.613	905.399
2.623	906.861
2.633	907.278
2.643	907.535
2.653	906.141
2.663	904.501
2.673	903.851
2.683	902.151
2.693	900.362
2.703	898.521
2.713	897.527
2.723	895.892
2.733	895.471
2.743	895.705
2.753	895.869
2.763	896.543
2.773	897.118
2.783	897.268
2.793	898.733
2.803	900.612
2.813	902.589
2.823	903.055
2.833	904.193
2.843	904.509
2.853	904.630
2.863	904.133
2.873	902.898
2.883	901.067
2.893	899.891
2.903	897.326
2.913	894.552
2.923	892.337
2.933	891.585
2.943	889.833
2.953	890.141
2.963	890.711
2.973	892.840
2.983	895.939
2.993	898.556
3.003	899.347
3.013	901.151
3.023	902.381
3.033	902.961
3.043	903.303
3.053	903.300
3.063	903.098
3.073	902.717
3.083	902.157
3.093	901.402
3.103	899.871
3.113	898.644
3.123	896.755
3.133	894.652
3.143	893.666
3.153	891.764
3.163	890.934
3.173	892.536
3.183	893.917
3.193	896.084
3.203	897.210
3.213	897.432
3.223	896.938
3.233	895.921
3.243	894.418
3.253	893.170
3.263	891.573
3.273	890.373
3.283	889.209
3.293	889.352
3.303	884.396
3.313	883.546
3.323	886.121
3.333	0.000
3.343	0.000
3.353	0.000
3.363	0.000
3.373	0.000
3.383	0.000
3.393	0.000
3.403	0.000
3.413	0.000
3.423	920.728
3.433	905.766
3.443	898.167
3.453	897.537
3.463	896.483
3.473	895.819
3.483	894.187
3.493	893.550
3.503	893.347
3.513	892.896
3.523	893.264
3.533	893.356
3.543	893.493
3.553	893.815
3.563	894.741
3.573	895.973
3.583	896.583
3.593	897.489
3.603	898.426
3.613	898.974
3.623	899.196
3.633	898.869
3.643	897.945
3.653	897.014
3.663	895.569
3.673	893.447
3.683	892.471
3.693	890.098
3.703	887.611
3.713	885.406
3.723	884.297
3.733	883.621
3.743	883.984
3.753	886.042
3.763	885.045
3.773	886.288
3.783	884.294
3.793	885.741
3.803	0.000
3.813	0.000
3.823	910.828
3.833	903.263
3.843	901.715
3.853	899.526
3.863	897.787
3.873	895.501
3.883	893.612
3.893	892.290
3.903	891.850
3.913	893.000
3.923	897.119
3.933	900.703
3.943	901.408
3.953	902.462
3.963	902.608
3.973	902.052
3.983	900.525
3.993	898.378
4.003	895.699
4.013	894.674
4.023	892.396
4.033	890.965
4.043	889.919
4.053	888.984
4.063	888.554
4.073	889.832
4.083	891.227
4.093	894.189
4.103	897.211
4.113	899.884
4.123	900.876
4.133	902.627
4.143	903.479
4.153	903.915
4.163	902.604
4.173	900.343
4.183	897.538
4.193	896.229
4.203	894.129
4.213	892.968
4.223	892.974
4.233	892.656
4.243	892.371
4.253	894.274
4.263	894.515
4.273	895.630
4.283	896.669
4.293	897.483
4.303	897.893
4.313	898.632
4.323	899.375
4.333	899.345
4.343	898.445
4.353	897.013
4.363	895.505
4.373	894.639
4.383	892.904
4.393	891.497
4.403	890.186
4.413	888.400
4.423	887.213
4.433	885.149
4.443	884.803
4.453	885.551
4.463	883.881
4.473	883.198
4.483	883.221
4.493	884.646
4.503	889.979
4.513	891.939
4.523	893.035
4.533	884.180
4.543	883.024
4.553	896.815
4.563	900.552
4.573	901.273
4.583	900.592
4.593	899.501
4.603	897.930
4.613	896.297
4.623	895.227
4.633	893.603
4.643	892.104
4.653	890.399
4.663	890.155
4.673	890.448
4.683	892.911
4.693	895.346
4.703	896.959
4.713	897.223
4.723	897.048
4.733	896.683
4.743	895.598
4.753	893.955
4.763	892.320
4.773	891.535
4.783	889.953
4.793	888.255
4.803	887.654
4.813	887.882
4.823	889.416
4.833	891.840
4.843	892.919
4.853	895.665
4.863	898.349
4.873	898.820
4.883	899.777
4.893	900.225
4.903	899.943
4.913	899.398
4.923	898.124
4.933	896.443
4.943	895.118
4.953	894.312
4.963	893.904
4.973	893.158
4.983	892.850
4.993	891.471
5.003	890.858
5.013	891.113
5.023	891.346
5.033	891.698
5.043	893.365
5.053	893.871
5.063	895.179
5.073	896.619
5.083	897.629
5.093	897.716
5.103	897.602
5.113	897.709
5.123	896.868
5.133	896.320
5.143	894.845
5.153	893.253
5.163	892.944
5.173	891.994
5.183	891.276
5.193	891.356
5.203	891.404
5.213	892.525
5.223	893.524
5.233	894.431
5.243	893.453
5.253	883.560
5.263	879.437
5.273	879.700
5.283	922.416
5.293	906.364
5.303	899.933
5.313	899.195
5.323	895.651
5.333	892.680
5.343	892.024
5.353	890.014
5.363	888.749
5.373	887.916
5.383	887.673
5.393	887.280
5.403	887.794
5.413	887.683
5.423	889.832
5.433	893.301
5.443	897.091
5.453	898.246
5.463	899.862
5.473	900.342
5.483	899.542
5.493	898.915
5.503	897.085
5.513	894.642
5.523	893.201
5.533	890.584
5.543	887.719
5.553	884.638
5.563	883.229
5.573	881.877
5.583	884.414
5.593	886.409
5.603	889.090
5.613	891.489
5.623	894.002
5.633	895.057
5.643	896.840
5.653	897.965
5.663	898.537
5.673	899.102
5.683	899.335
5.693	899.081
5.703	898.728
5.713	897.346
5.723	894.870
5.733	892.053
5.743	890.864
5.753	887.806
5.763	885.227
5.773	884.330
5.783	883.479
5.793	883.262
5.803	886.040
5.813	886.981
5.823	890.272
5.833	893.622
5.843	896.206
5.853	897.101
5.863	899.361
5.873	900.790
5.883	900.647
5.893	901.209
5.903	901.302
5.913	900.002
5.923	898.533
5.933	895.897
5.943	893.358
5.953	890.960
5.963	887.903
5.973	886.221
5.983	884.860
5.993	884.319
6.003	884.758
6.013	886.804
6.023	889.014
6.033	889.332
6.043	891.711
6.053	893.938
6.063	895.015
6.073	897.518
6.083	900.097
6.093	901.216
6.103	901.194
6.113	900.458
6.123	899.046
6.133	896.793
6.143	895.152
6.153	892.477
6.163	889.827
6.173	889.040
6.183	886.226
6.193	884.448
6.203	885.047
6.213	885.247
6.223	887.878
6.233	889.421
6.243	890.941
6.253	892.747
6.263	894.545
6.273	896.158
6.283	897.527
6.293	898.395
6.303	898.289
6.313	898.264
6.323	898.255
6.333	896.724
6.343	894.181
6.353	893.245
6.363	890.221
6.373	887.928
6.383	886.221
6.393	886.470
6.403	886.139
6.413	886.962
6.423	887.063
6.433	888.563
6.443	889.177
6.453	889.655
6.463	889.025
6.473	889.720
6.483	890.257
6.493	890.783
6.503	891.457
6.513	891.580
6.523	891.295
6.533	891.841
6.543	891.235
6.553	890.342
6.563	888.540
6.573	888.295
6.583	887.681
6.593	886.725
6.603	887.090
6.613	886.742
6.623	886.652
6.633	886.354
6.643	887.058
6.653	886.740
6.663	889.171
6.673	886.790
6.683	882.286
6.693	875.221
6.703	871.929
6.713	867.904
6.723	0.000
6.733	0.000
6.743	903.587
6.753	900.547
6.763	896.650
6.773	894.096
6.783	893.282
6.793	890.380
6.803	887.829
6.813	885.815
6.823	885.383
6.833	885.338
6.843	886.652
6.853	890.555
6.863	892.194
6.873	895.653
6.883	897.388
6.893	897.117
6.903	897.121
6.913	896.026
6.923	894.494
6.933	893.015
6.943	890.638
6.953	888.176
6.963	886.184
6.973	883.863
6.983	881.597
6.993	882.112
7.003	884.014
7.013	887.421
7.023	889.689
7.033	893.034
7.043	894.060
7.053	896.097
7.063	898.468
7.073	899.593
7.083	900.024
7.093	900.360
7.103	900.440
7.113	899.291
7.123	896.401
7.133	893.823
7.143	891.770
7.153	887.956
7.163	884.474
7.173	883.175
7.183	882.944
7.193	883.657
7.203	886.508
7.213	888.719
7.223	889.976
7.233	892.881
7.243	896.432
7.253	897.256
7.263	899.932
7.273	901.230
7.283	901.292
7.293	900.405
7.303	899.310
7.313	897.933
7.323	895.290
7.333	893.650
7.343	890.773
7.353	887.412
7.363	885.417
7.373	883.843
7.383	884.076
7.393	885.032
7.403	885.918
7.413	888.805
7.423	891.742
7.433	894.155
7.443	896.303
7.453	898.181
7.463	900.106
7.473	900.956
7.483	901.597
7.493	900.426
7.503	898.316
7.513	897.316
7.523	894.479
7.533	890.958
7.543	890.074
7.553	887.230
7.563	885.651
7.573	884.805
7.583	885.745
7.593	887.372
7.603	888.933
7.613	889.074
7.623	889.362
7.633	888.574
7.643	888.228
7.653	888.035
7.663	888.021
7.673	887.226
7.683	886.215
7.693	886.166
7.703	886.117
7.713	885.596
7.723	886.587
7.733	885.441
7.743	880.247
7.753	892.919
7.763	891.742
7.773	905.581
7.783	0.000
7.793	0.000
7.803	0.000
7.813	0.000
7.823	0.000
7.833	0.000
7.843	0.000
7.853	0.000
7.863	0.000
7.873	0.000
7.883	0.000
7.893	0.000
7.903	0.000
7.913	0.000
7.923	0.000
7.933	0.000
7.943	0.000
7.953	0.000
7.963	0.000
7.973	0.000
7.983	0.000
7.993	0.000
8.003	0.000
8.013	0.000
8.023	0.000
8.033	0.000
8.043	0.000
8.053	0.000
8.063	0.000
8.073	0.000
8.083	0.000
8.093	0.000
8.103	0.000
8.113	0.000
8.123	0.000
8.133	0.000
8.143	0.000
8.153	0.000
8.163	0.000
8.173	700.207
8.183	702.327
8.193	701.876
8.203	702.000
8.213	702.376
8.223	702.289
8.233	702.182
8.243	701.713
8.253	701.946
8.263	702.084
8.273	702.221
8.283	702.350
8.293	702.549
8.303	702.807
8.313	702.824
8.323	703.210
8.333	703.641
8.343	704.175
8.353	704.701
8.363	705.187
8.373	705.413
8.383	705.391
8.393	705.684
8.403	705.783
8.413	705.919
8.423	706.050
8.433	706.246
8.443	706.215
8.453	706.587
8.463	706.794
8.473	706.649
8.483	706.776
8.493	706.735
8.503	706.728
8.513	706.834
8.523	707.023
8.533	706.878
8.543	707.243
8.553	707.180
8.563	707.278
8.573	707.449
8.583	707.717
8.593	708.059
8.603	708.099
8.613	708.287
8.623	708.483
8.633	708.744
8.643	709.169
8.653	709.232
8.663	709.415
8.673	709.931
8.683	710.081
8.693	710.561
8.703	710.252
8.713	710.328
8.723	710.168
8.733	710.090
8.743	711.500
8.753	712.517
8.763	713.549
8.773	716.843
8.783	0.000
8.793	0.000
8.803	0.000
8.813	932.615
8.823	934.497
8.833	936.343
8.843	937.368
8.853	938.829
8.863	940.409
8.873	941.865
8.883	942.663
8.893	943.637
8.903	943.745
8.913	943.911
8.923	944.055
8.933	944.225
8.943	944.708
8.953	944.727
8.963	944.825
8.973	944.931
8.983	945.004
8.993	945.286
9.003	945.492
9.013	945.291
9.023	945.673
9.033	945.609
9.043	945.681
9.053	946.294
9.063	946.539
9.073	947.802
9.083	949.384
9.093	950.139
9.103	951.417
9.113	953.241
9.123	954.744
9.133	954.108
9.143	953.012
9.153	951.081
9.163	950.029
9.173	947.860
9.183	946.763
9.193	945.577
9.203	944.591
9.213	943.851
9.223	942.975
9.233	942.519
9.243	942.381
9.253	942.851
9.263	944.324
9.273	945.374
9.283	947.648
9.293	950.184
9.303	952.989
9.313	954.289
9.323	956.575
9.333	957.595
9.343	957.495
9.353	956.371
9.363	954.232
9.373	952.027
9.383	950.272
9.393	948.132
9.403	946.675
9.413	945.033
9.423	944.257
9.433	943.311
9.443	942.787
9.453	942.300
9.463	942.736
9.473	943.971
9.483	945.477
9.493	946.550
9.503	949.124
9.513	952.138
9.523	953.484
9.533	956.900
9.543	960.576
9.553	961.504
9.563	960.570
9.573	959.706
9.583	958.806
9.593	955.980
9.603	954.291
9.613	950.820
9.623	947.610
9.633	946.511
9.643	944.140
9.653	942.221
9.663	941.036
9.673	940.431
9.683	940.799
9.693	942.116
9.703	942.995
9.713	945.600
9.723	948.424
9.733	951.618
9.743	953.854
9.753	957.223
9.763	959.023
9.773	959.347
9.783	959.282
9.793	958.899
9.803	957.642
9.813	956.370
9.823	954.147
9.833	950.902
9.843	948.383
9.853	946.615
9.863	945.156
9.873	943.777
9.883	943.015
9.893	943.339
9.903	944.881
9.913	946.982
9.923	948.178
9.933	951.433
9.943	954.359
9.953	956.735
9.963	958.099
9.973	958.515
9.983	958.262
9.993	957.670
10.003	955.146
10.013	951.637
10.023	948.820
10.033	947.602
10.043	946.152
10.053	945.407
10.063	944.635
10.073	944.590
10.083	945.329
10.093	947.139
10.103	948.098
10.113	949.578
10.123	949.899
10.133	948.883
10.143	947.511
10.153	939.340
10.163	919.747
10.173	909.757
10.183	896.518
10.193	891.483
10.203	889.038
10.213	888.263
10.223	888.211
10.233	888.535
10.243	889.265
10.253	889.100
10.263	889.702
10.273	889.514
10.283	889.532
10.293	890.103
10.303	889.755
10.313	889.913
10.323	890.252
10.333	890.227
10.343	891.053
10.353	891.009
10.363	891.325
10.373	891.274
10.383	891.622
10.393	891.718
10.403	892.027
10.413	892.565
10.423	893.351
10.433	893.071
10.443	893.517
10.453	893.843
10.463	893.335
10.473	893.470
10.483	892.906
10.493	892.755
10.503	893.038
10.513	892.788
10.523	892.852
10.533	892.580
10.543	892.698
10.553	892.948
10.563	892.909
10.573	893.113
10.583	893.184
10.593	893.320
10.603	893.267
10.613	893.012
10.623	893.138
10.633	893.120
10.643	893.009
10.653	893.178
10.663	893.865
10.673	894.786
10.683	894.975
10.693	895.686
10.703	896.643
10.713	896.479
10.723	897.293
10.733	897.998
10.743	898.490
10.753	898.345
10.763	898.147
10.773	896.961
10.783	895.766
10.793	887.629
10.803	854.792
10.813	808.815
10.823	799.961
10.833	792.324
10.843	789.767
10.853	788.288
10.863	788.283
10.873	787.468
10.883	786.841
10.893	786.187
10.903	786.058
10.913	785.782
10.923	785.980
10.933	786.070
10.943	786.379
10.953	787.187
10.963	787.902
10.973	788.398
10.983	788.970
10.993	790.060
11.003	790.262
11.013	790.894
11.023	791.438
11.033	792.090
11.043	792.150
11.053	792.903
11.063	793.543
11.073	794.016
11.083	795.065
11.093	796.129
11.103	797.474
11.113	798.032
11.123	799.052
11.133	799.904
11.143	800.190
11.153	799.860
11.163	799.303
11.173	797.958
11.183	797.241
11.193	795.645
11.203	793.490
11.213	791.753
11.223	791.336
11.233	790.134
11.243	789.685
11.253	789.507
11.263	789.779
11.273	789.508
11.283	790.871
11.293	791.437
11.303	793.171
11.313	795.801
11.323	797.813
11.333	798.698
11.343	800.177
11.353	801.107
11.363	801.346
11.373	801.352
11.383	800.538
11.393	799.898
11.403	798.991
11.413	796.152
11.423	793.744
11.433	792.013
11.443	791.488
11.453	790.446
11.463	789.271
11.473	788.582
11.483	788.427
11.493	788.323
11.503	789.305
11.513	790.042
11.523	792.342
11.533	794.448
11.543	795.427
11.553	797.489
11.563	798.865
11.573	800.076
11.583	801.079
11.593	801.819
11.603	801.710
11.613	801.483
11.623	800.975
11.633	799.045
11.643	796.496
11.653	795.334
11.663	792.586
11.673	790.850
11.683	789.782
11.693	789.123
11.703	788.888
11.713	789.508
11.723	790.225
11.733	791.207
11.743	792.703
11.753	794.061
11.763	794.978
11.773	796.402
11.783	797.352
11.793	798.564
11.803	798.780
11.813	800.201
11.823	801.324
11.833	801.521
11.843	801.121
11.853	799.631
11.863	797.654
11.873	796.778
11.883	794.628
11.893	791.741
11.903	790.954
11.913	789.248
11.923	788.164
11.933	787.561
11.943	787.529
11.953	787.658
11.963	788.667
11.973	790.507
11.983	791.640
11.993	793.517
12.003	796.073
12.013	797.568
12.023	799.299
12.033	800.298
12.043	800.439
12.053	800.404
12.063	799.690
12.073	798.180
12.083	796.679
12.093	794.222
12.103	792.206
12.113	790.257
12.123	789.855
12.133	788.880
12.143	788.440
12.153	787.787
12.163	788.226
12.173	788.549
12.183	789.232
12.193	789.865
12.203	791.331
12.213	792.711
12.223	795.170
12.233	796.506
12.243	798.400
12.253	800.325
12.263	801.057
12.273	802.261
12.283	802.724
12.293	801.504
12.303	800.833
12.313	799.784
12.323	797.496
12.333	794.911
12.343	793.422
12.353	790.786
12.363	788.677
12.373	787.684
12.383	786.150
12.393	785.893
12.403	786.695
12.413	787.101
12.423	789.128
12.433	791.139
12.443	793.026
12.453	793.890
12.463	795.243
12.473	796.514
12.483	797.043
12.493	797.794
12.503	798.366
12.513	798.520
12.523	798.150
12.533	798.425
12.543	797.633
12.553	797.319
12.563	795.697
12.573	793.482
12.583	791.693
12.593	790.824
12.603	789.288
12.613	788.527
12.623	788.226
12.633	788.186
12.643	787.557
12.653	788.459
12.663	788.930
12.673	790.660
12.683	791.685
12.693	793.215
12.703	794.188
12.713	794.804
12.723	795.937
12.733	796.172
12.743	796.874
12.753	797.491
12.763	798.492
12.773	798.057
12.783	798.477
12.793	798.026
12.803	796.007
12.813	795.181
12.823	793.683
12.833	791.883
12.843	791.423
12.853	790.426
12.863	789.215
12.873	789.004
12.883	789.198
12.893	789.054
12.903	789.395
12.913	790.274
12.923	791.790
12.933	793.714
12.943	796.100
12.953	796.849
12.963	799.773
12.973	801.716
12.983	803.732
12.993	803.635
13.003	803.778
13.013	802.148
13.023	801.185
13.033	798.546
13.043	795.338
13.053	791.951
13.063	790.535
13.073	788.843
13.083	787.790
13.093	787.716
13.103	786.930
13.113	787.147
13.123	788.444
13.133	788.900
13.143	789.967
13.153	791.140
13.163	792.327
13.173	792.817
13.183	794.929
13.193	796.286
13.203	796.900
13.213	797.648
13.223	798.159
13.233	797.946
13.243	797.676
13.253	796.383
13.263	793.720
13.273	793.161
13.283	791.684
13.293	790.379
13.303	789.908
13.313	790.109
13.323	790.614
13.333	790.893
13.343	791.282
13.353	791.612
13.363	791.274
13.373	791.691
13.383	792.103
13.393	792.131
13.403	792.478
13.413	792.533
13.423	792.533
13.433	792.926
13.443	792.749
13.453	792.117
13.463	791.982
13.473	791.662
13.483	791.241
13.493	791.342
13.503	791.756
13.513	791.704
13.523	792.045
13.533	792.259
13.543	792.582
13.553	792.501
13.563	792.551
13.573	792.506
13.583	792.722
13.593	792.569
13.603	792.747
13.613	792.986
13.623	792.826
13.633	792.182
13.643	788.646
13.653	775.555
13.663	735.921
13.673	714.981
13.683	706.538
13.693	703.890
13.703	700.384
13.713	699.558
13.723	704.568
13.733	704.696
13.743	704.425
13.753	703.187
13.763	701.682
13.773	700.591
13.783	700.318
13.793	700.181
13.803	699.892
13.813	699.677
13.823	699.712
13.833	699.723
13.843	699.985
13.853	700.065
13.863	700.964
13.873	703.101
13.883	705.342
13.893	706.312
13.903	708.397
13.913	709.360
13.923	709.469
13.933	709.170
13.943	707.468
13.953	705.635
13.963	704.671
13.973	702.798
13.983	701.052
13.993	699.615
14.003	699.152
14.013	698.901
14.023	699.046
14.033	699.657
14.043	701.384
14.053	703.340
14.063	705.323
14.073	706.239
14.083	707.932
14.093	708.957
14.103	709.519
14.113	710.099
14.123	710.380
14.133	709.986
14.143	709.444
14.153	708.135
14.163	706.251
14.173	704.251
14.183	703.415
14.193	701.716
14.203	699.975
14.213	699.451
14.223	698.543
14.233	697.839
14.243	698.245
14.253	698.710
14.263	700.400
14.273	702.688
14.283	703.854
14.293	705.249
14.303	707.248
14.313	708.720
14.323	709.255
14.333	710.045
14.343	710.135
14.353	709.935
14.363	709.455
14.373	708.087
14.383	706.624
14.393	705.822
14.403	704.019
14.413	702.359
14.423	701.102
14.433	700.422
14.443	699.659
14.453	699.515
14.463	699.473
14.473	700.380
14.483	701.286
14.493	702.810
14.503	703.853
14.513	705.441
14.523	706.953
14.533	708.296
14.543	708.578
14.553	709.089
14.563	708.985
14.573	708.930
14.583	708.692
14.593	707.438
14.603	706.507
14.613	706.126
14.623	705.027
14.633	703.538
14.643	702.696
14.653	701.499
14.663	700.087
14.673	698.775
14.683	698.447
14.693	698.113
14.703	699.333
14.713	701.314
14.723	702.369
14.733	704.588
14.743	705.582
14.753	705.833
14.763	707.049
14.773	707.555
14.783	707.945
14.793	708.401
14.803	708.076
14.813	707.589
14.823	707.189
14.833	706.333
14.843	705.194
14.853	703.783
14.863	702.926
14.873	701.370
14.883	700.338
14.893	699.474
14.903	699.058
14.913	698.872
14.923	699.487
14.933	699.963
14.943	701.575
14.953	702.410
14.963	703.409
14.973	704.206
14.983	705.323
14.993	706.742
15.003	708.276
15.013	708.983
15.023	709.762
15.033	709.705
15.043	709.440
15.053	708.478
15.063	706.689
15.073	704.858
15.083	704.038
15.093	702.304
15.103	700.571
15.113	699.940
15.123	699.472
15.133	698.222
15.143	698.065
15.153	698.204
15.163	699.422
15.173	700.944
15.183	701.759
15.193	702.092
15.203	702.629
15.213	703.700
15.223	704.315
15.233	704.864
15.243	705.643
15.253	705.668
15.263	705.566
15.273	704.981
15.283	704.503
15.293	703.970
15.303	703.066
15.313	702.411
15.323	701.796
15.333	701.496
15.343	700.920
15.353	700.554
15.363	701.096
15.373	701.158
15.383	701.467
15.393	702.023
15.403	702.141
15.413	702.458
15.423	702.053
15.433	701.737
15.443	701.773
15.453	701.407
15.463	700.721
15.473	700.562
15.483	700.305
15.493	700.162
15.503	699.549
15.513	699.187
15.523	698.877
15.533	699.103
15.543	699.231
15.553	699.080
15.563	699.266
15.573	699.329
15.583	699.242
15.593	699.585
15.603	699.578
15.613	699.426
15.623	699.497
15.633	699.324
15.643	699.119
15.653	699.174
15.663	698.650
15.673	698.664
15.683	699.328
15.693	699.377
15.703	698.831
15.713	699.244
15.723	700.464
15.733	704.047
15.743	713.305
15.753	0.000
15.763	0.000
15.773	0.000
15.783	0.000
15.793	0.000
15.803	0.000
15.813	0.000
15.823	0.000
15.833	0.000
15.843	0.000
15.853	0.000
15.863	0.000
15.873	0.000
15.883	0.000
15.893	0.000
15.903	0.000
15.913	0.000
15.923	0.000
15.933	0.000
15.943	0.000
15.953	0.000
15.963	0.000
15.973	0.000
15.983	0.000
15.993	0.000
16.003	0.000
16.013	0.000
16.023	0.000
16.033	0.000
16.043	0.000
16.053	0.000
16.063	0.000
16.073	0.000
16.083	0.000
16.093	0.000
16.103	0.000
16.113	0.000
16.123	0.000
16.133	0.000
16.143	0.000
16.153	0.000
16.163	0.000
16.173	0.000
16.183	0.000
16.193	0.000
16.203	0.000
16.213	0.000
16.223	0.000
16.233	0.000
16.243	0.000
16.253	0.000
16.263	0.000
16.273	0.000
16.283	0.000
16.293	0.000
16.303	0.000
16.313	0.000
16.323	0.000
16.333	0.000
16.343	0.000
16.353	0.000
16.363	0.000
16.373	0.000
16.383	0.000
16.393	0.000
16.403	0.000
16.413	0.000
16.423	0.000
16.433	0.000
16.443	0.000
16.453	0.000
16.463	0.000
16.473	0.000
16.483	0.000
16.493	0.000
16.503	0.000
16.513	0.000
16.523	0.000
16.533	0.000
16.543	0.000
16.553	0.000
16.563	0.000
16.573	0.000
16.583	0.000
16.593	0.000
16.603	0.000
16.613	0.000
16.623	0.000
16.633	0.000
16.643	0.000
16.653	0.000
16.663	0.000
16.673	0.000
16.683	0.000
16.693	0.000
16.703	0.000
16.713	0.000
16.723	0.000
16.733	0.000
16.743	0.000
16.753	0.000
16.763	0.000
16.773	0.000
16.783	0.000
16.793	0.000
16.803	0.000
16.813	0.000
16.823	0.000
16.833	0.000
16.843	0.000
16.853	0.000
16.863	0.000
16.873	0.000
16.883	0.000
16.893	0.000
16.903	0.000
16.913	0.000
16.923	0.000
16.933	0.000
16.943	0.000
16.953	0.000
16.963	0.000
16.973	0.000
16.983	0.000
16.993	0.000
17.003	0.000
17.013	0.000
17.023	0.000
17.033	0.000
17.043	0.000
17.053	0.000
17.063	0.000
17.073	0.000
17.083	0.000
17.093	0.000
17.103	0.000
17.113	0.000
17.123	0.000
17.133	0.000
17.143	0.000
17.153	0.000
17.163	0.000
17.173	0.000
17.183	0.000
17.193	0.000
17.203	0.000
17.213	0.000
17.223	0.000
17.233	794.108
17.243	792.112
17.253	789.835
17.263	789.763
17.273	789.742
17.283	790.013
17.293	789.624
17.303	789.920
17.313	790.221
17.323	791.286
17.333	791.753
17.343	791.663
17.353	792.038
17.363	792.618
17.373	793.475
17.383	794.212
17.393	795.510
17.403	797.678
17.413	800.633
17.423	802.028
17.433	804.326
17.443	805.995
17.453	804.878
17.463	803.543
17.473	801.610
17.483	799.050
17.493	797.765
17.503	796.412
17.513	794.992
17.523	793.964
17.533	793.487
17.543	793.302
17.553	793.618
17.563	794.767
17.573	795.914
17.583	797.943
17.593	800.337
17.603	801.516
17.613	804.195
17.623	804.203
17.633	803.890
17.643	803.713
17.653	801.724
17.663	799.420
17.673	798.408
17.683	797.564
17.693	796.603
17.703	795.037
17.713	794.617
17.723	794.687
17.733	794.373
17.743	793.919
17.753	793.822
17.763	794.134
17.773	794.931
17.783	794.947
17.793	794.770
17.803	794.838
17.813	794.628
17.823	794.609
17.833	794.296
17.843	793.516
17.853	793.218
17.863	792.964
17.873	792.383
17.883	789.646
17.893	788.668
17.903	787.447
17.913	797.482
17.923	803.530
17.933	805.448
17.943	798.632
17.953	793.455
17.963	792.433
17.973	791.353
17.983	791.761
17.993	792.172
18.003	792.207
18.013	792.609
18.023	793.509
18.033	793.897
18.043	797.388
18.053	800.539
18.063	803.185
18.073	804.108
18.083	804.594
18.093	802.506
18.103	799.736
18.113	798.022
18.123	795.100
18.133	792.861
18.143	792.118
18.153	790.819
18.163	789.622
18.173	787.589
18.183	786.993
18.193	785.113
18.203	784.814
18.213	784.549
18.223	784.417
18.233	784.407
18.243	787.000
18.253	788.275
18.263	787.201
18.273	785.069
18.283	785.326
18.293	791.772
18.303	810.287
18.313	801.577
18.323	799.791
18.333	796.480
18.343	795.115
18.353	795.168
18.363	795.044
18.373	794.811
18.383	795.126
18.393	794.845
18.403	794.857
18.413	794.488
18.423	794.479
18.433	794.942
18.443	794.342
18.453	794.575
18.463	794.974
18.473	794.778
18.483	795.285
18.493	795.759
18.503	795.942
18.513	795.954
18.523	795.839
18.533	795.875
18.543	795.943
18.553	796.409
18.563	796.060
18.573	796.679
18.583	797.108
18.593	797.399
18.603	798.415
18.613	798.296
18.623	798.589
18.633	798.231
18.643	798.914
18.653	799.360
18.663	799.350
18.673	798.135
18.683	795.383
18.693	789.335
18.703	790.053
18.713	802.531
18.723	805.872
18.733	804.353
18.743	800.862
18.753	799.515
18.763	796.374
18.773	793.162
18.783	792.128
18.793	791.970
18.803	791.514
18.813	792.001
18.823	794.179
18.833	796.294
18.843	799.706
18.853	801.610
18.863	802.906
18.873	802.334
18.883	801.006
18.893	798.398
18.903	797.110
18.913	795.349
18.923	794.444
18.933	793.186
18.943	793.292
18.953	792.729
18.963	792.299
18.973	792.437
18.983	793.306
18.993	793.943
19.003	795.838
19.013	796.520
19.023	798.058
19.033	800.142
19.043	801.175
19.053	802.830
19.063	804.082
19.073	804.241
19.083	804.159
19.093	803.216
19.103	802.325
19.113	800.963
19.123	800.059
19.133	797.210
19.143	795.445
19.153	794.547
19.163	793.605
19.173	793.100
19.183	791.790
19.193	791.714
19.203	791.718
19.213	792.070
19.223	792.693
19.233	795.633
19.243	798.498
19.253	800.337
19.263	801.105
19.273	803.263
19.283	804.497
19.293	804.617
19.303	804.733
19.313	803.729
19.323	802.191
19.333	801.451
19.343	799.423
19.353	797.000
19.363	795.229
19.373	794.357
19.383	792.956
19.393	791.999
19.403	791.715
19.413	791.041
19.423	791.307
19.433	792.627
19.443	793.190
19.453	796.657
19.463	800.240
19.473	803.799
19.483	804.842
19.493	805.925
19.503	805.443
19.513	804.611
19.523	804.704
19.533	803.855
19.543	800.850
19.553	799.195
19.563	797.113
19.573	795.060
19.583	794.494
19.593	793.724
19.603	793.447
19.613	792.996
19.623	793.556
19.633	794.069
19.643	796.178
19.653	797.327
19.663	798.071
19.673	799.119
19.683	800.688
19.693	801.496
19.703	802.422
19.713	803.739
19.723	802.735
19.733	801.810
19.743	800.770
19.753	800.026
19.763	799.894
19.773	797.370
19.783	796.283
19.793	795.606
19.803	794.755
19.813	793.776
19.823	793.080
19.833	793.272
19.843	793.121
19.853	793.518
19.863	794.361
19.873	795.244
19.883	796.293
19.893	797.370
19.903	798.041
19.913	797.903
19.923	797.839
19.933	797.603
19.943	797.437
19.953	796.808
19.963	796.384
19.973	795.497
19.983	795.252
19.993	794.566
20.003	794.181
20.013	794.230
20.023	793.996
20.033	794.473
20.043	794.795
20.053	794.324
20.063	790.401
20.073	785.330
20.083	789.129
20.093	797.972
20.103	802.935
20.113	798.380
20.123	795.008
20.133	794.171
20.143	794.358
20.153	795.376
20.163	795.831
20.173	797.906
20.183	799.548
20.193	800.936
20.203	801.276
20.213	801.680
20.223	800.103
20.233	799.565
20.243	797.461
20.253	795.810
20.263	794.379
20.273	793.452
20.283	792.823
20.293	792.356
20.303	792.270
20.313	792.584
20.323	793.516
20.333	794.772
20.343	795.352
20.353	796.925
20.363	798.451
20.373	798.923
20.383	799.123
20.393	800.301
20.403	801.345
20.413	801.603
20.423	801.545
20.433	800.446
20.443	799.039
20.453	798.553
20.463	797.113
20.473	795.091
20.483	793.993
20.493	793.311
20.503	792.374
20.513	792.354
20.523	792.276
20.533	790.962
20.543	790.366
20.553	790.130
20.563	789.565
20.573	789.250
20.583	788.408
20.593	788.573
20.603	788.659
20.613	790.298
20.623	790.293
20.633	792.843
20.643	801.336
20.653	0.000
20.663	0.000
20.673	0.000
20.683	0.000
20.693	0.000
20.703	0.000
20.713	0.000
20.723	0.000
20.733	0.000
20.743	0.000
20.753	0.000
20.763	0.000
20.773	0.000
20.783	0.000
20.793	0.000
20.803	0.000
20.813	0.000
20.823	0.000
20.833	0.000
20.843	0.000
20.853	0.000
20.863	0.000
20.873	0.000
20.883	0.000
20.893	0.000
20.903	0.000
20.913	0.000
20.923	0.000
20.933	0.000
20.943	0.000
20.953	0.000
20.963	0.000
20.973	0.000
20.983	0.000
20.993	0.000
21.003	0.000
21.013	0.000
21.023	0.000
21.033	0.000
21.043	0.000
21.053	0.000
21.063	0.000
21.073	0.000
21.083	0.000
21.093	0.000
21.103	0.000
21.113	0.000
21.123	0.000
21.133	0.000
21.143	0.000
21.153	0.000
21.163	0.000
21.173	0.000
21.183	0.000
21.193	0.000
21.203	0.000
21.213	0.000
21.223	0.000
21.233	0.000
21.243	0.000
21.253	0.000
21.263	0.000
21.273	0.000
21.283	0.000
21.293	0.000
21.303	0.000
21.313	0.000
21.323	0.000
21.333	0.000
21.343	0.000
21.353	0.000
21.363	0.000
21.373	0.000
21.383	0.000
21.393	0.000
21.403	0.000
21.413	0.000
21.423	0.000
21.433	0.000
21.443	0.000
21.453	0.000
21.463	0.000
21.473	0.000
21.483	0.000
21.493	0.000
21.503	0.000
21.513	0.000
21.523	0.000
21.533	0.000
21.543	0.000
21.553	0.000
21.563	0.000
21.573	0.000
21.583	0.000
21.593	0.000
21.603	0.000
21.613	0.000
21.623	0.000
21.633	0.000
21.643	0.000
21.653	0.000
21.663	0.000
21.673	0.000
21.683	0.000
21.693	0.000
21.703	0.000
21.713	0.000
21.723	0.000
21.733	0.000
21.743	0.000
21.753	0.000
21.763	0.000
21.773	0.000
21.783	0.000
21.793	0.000
21.803	0.000
21.813	0.000
21.823	0.000
21.833	0.000
21.843	0.000
21.853	0.000
21.863	0.000
21.873	0.000
21.883	0.000
21.893	0.000
21.903	0.000
21.913	0.000
21.923	0.000
21.933	0.000
21.943	0.000
21.953	0.000
21.963	0.000
21.973	0.000
21.983	0.000
21.993	0.000
22.003	0.000
22.013	0.000
22.023	0.000
22.033	0.000
22.043	0.000
22.053	0.000
22.063	0.000
22.073	0.000
22.083	0.000
22.093	0.000
22.103	0.000
22.113	0.000
22.123	0.000
22.133	0.000
22.143	0.000
22.153	0.000
22.163	0.000
22.173	0.000
22.183	0.000
22.193	0.000
22.203	0.000
22.213	0.000
22.223	0.000
22.233	0.000
22.243	0.000
22.253	0.000
22.263	0.000
22.273	0.000
22.283	0.000
22.293	0.000
22.303	0.000
22.313	0.000
22.323	0.000
22.333	0.000
22.343	0.000
22.353	0.000
22.363	0.000
22.373	0.000
22.383	0.000
22.393	0.000
22.403	0.000
22.413	0.000
22.423	0.000
22.433	0.000
22.443	0.000
22.453	0.000
22.463	0.000
22.473	0.000
22.483	0.000
22.493	0.000
22.503	0.000
22.513	0.000
22.523	0.000
22.533	0.000
22.543	0.000
22.553	0.000
22.563	0.000
22.573	0.000
22.583	0.000
22.593	0.000
22.603	0.000
22.613	0.000
22.623	0.000
22.633	0.000
22.643	0.000
22.653	0.000
22.663	0.000
22.673	0.000
22.683	0.000
22.693	0.000
22.703	0.000
22.713	0.000
22.723	0.000
22.733	0.000
22.743	0.000
22.753	0.000
22.763	0.000
22.773	0.000
22.783	0.000
22.793	0.000
22.803	0.000
22.813	0.000
22.823	0.000
22.833	0.000
22.843	0.000
22.853	0.000
22.863	0.000
22.873	0.000
22.883	0.000
22.893	0.000
22.903	0.000
22.913	0.000
22.923	0.000
22.933	0.000
22.943	0.000
22.953	0.000
22.963	0.000
22.973	0.000
22.983	0.000
22.993	0.000
23.003	0.000
23.013	0.000
23.023	0.000
23.033	0.000
23.043	0.000
23.053	0.000
23.063	0.000
23.073	0.000
23.083	0.000
23.093	0.000
23.103	0.000
23.113	0.000
23.123	0.000
23.133	0.000
23.143	0.000
23.153	0.000
23.163	0.000
23.173	0.000
23.183	0.000
23.193	0.000
23.203	0.000
23.213	0.000
23.223	0.000
23.233	0.000
23.243	0.000
23.253	0.000
23.263	0.000
23.273	0.000
23.283	0.000
23.293	0.000
23.303	0.000
23.313	0.000
23.323	0.000
23.333	0.000
23.343	0.000
23.353	0.000
23.363	0.000
23.373	0.000
23.383	0.000
23.393	0.000
23.403	0.000
23.413	0.000
23.423	0.000
23.433	0.000
23.443	0.000
23.453	0.000
23.463	0.000
23.473	0.000
23.483	0.000
23.493	0.000
23.503	0.000
23.513	0.000
23.523	0.000
23.533	0.000
23.543	0.000
23.553	0.000
23.563	0.000
23.573	0.000
23.583	0.000
23.593	0.000
23.603	0.000
23.613	0.000
23.623	0.000
23.633	0.000
23.643	0.000
23.653	0.000
23.663	0.000
23.673	0.000
23.683	0.000
23.693	0.000
23.703	0.000
23.713	0.000
23.723	0.000
23.733	0.000
23.743	0.000
23.753	0.000
23.763	0.000
23.773	0.000
23.783	0.000
23.793	0.000
23.803	0.000
23.813	0.000
23.823	0.000
23.833	0.000
23.843	0.000
23.853	0.000
23.863	0.000
23.873	0.000
23.883	0.000
23.893	0.000
23.903	0.000
23.913	0.000
23.923	0.000
23.933	0.000
23.943	0.000
23.953	0.000
23.963	0.000
23.973	0.000
23.983	0.000
23.993	0.000
24.003	0.000
24.013	0.000
24.023	0.000
24.033	0.000
24.043	0.000
24.053	0.000
24.063	0.000
24.073	0.000
24.083	0.000
24.093	0.000
24.103	0.000
24.113	0.000
24.123	0.000
24.133	0.000
24.143	0.000
24.153	0.000
24.163	0.000
24.173	0.000
24.183	0.000
24.193	0.000
24.203	0.000
24.213	0.000
24.223	0.000
24.233	0.000
24.243	0.000
24.253	0.000
24.263	0.000
24.273	0.000
24.283	0.000
24.293	0.000
24.303	0.000
24.313	0.000
24.323	0.000
24.333	0.000
24.343	0.000
24.353	0.000
24.363	0.000
24.373	0.000
24.383	0.000
24.393	0.000
24.403	0.000
24.413	0.000
24.423	0.000
24.433	0.000
24.443	0.000
24.453	0.000
24.463	0.000
24.473	0.000
24.483	0.000
24.493	0.000
24.503	0.000
24.513	0.000
24.523	0.000
24.533	0.000
24.543	0.000
24.553	0.000
24.563	0.000
24.573	0.000
24.583	0.000
24.593	0.000
24.603	0.000
24.613	0.000
24.623	0.000
24.633	0.000
24.643	0.000
24.653	0.000
24.663	0.000
24.673	0.000
24.683	797.278
24.693	793.706
24.703	792.209
24.713	791.240
24.723	791.462
24.733	791.562
24.743	791.662
24.753	792.590
24.763	793.026
24.773	793.692
24.783	793.333
24.793	794.251
24.803	795.120
24.813	795.588
24.823	795.778
24.833	796.593
24.843	797.123
24.853	797.225
24.863	797.464
24.873	797.875
24.883	798.350
24.893	799.887
24.903	801.451
24.913	802.312
24.923	802.820
24.933	803.156
24.943	803.719
24.953	803.784
24.963	803.008
24.973	802.375
24.983	801.193
24.993	800.997
25.003	799.564
25.013	798.739
25.023	798.457
25.033	798.196
25.043	797.970
25.053	798.061
25.063	798.128
25.073	798.371
25.083	799.125
25.093	800.357
25.103	801.493
25.113	802.541
25.123	803.869
25.133	805.253
25.143	805.381
25.153	805.710
25.163	804.967
25.173	805.391
25.183	804.419
25.193	802.581
25.203	801.663
25.213	800.474
25.223	798.889
25.233	797.320
25.243	796.681
25.253	796.761
25.263	796.345
25.273	795.800
25.283	795.443
25.293	795.365
25.303	795.137
25.313	794.615
25.323	794.615
25.333	794.593
25.343	794.633
25.353	794.727
25.363	795.397
25.373	796.101
25.383	796.219
25.393	796.370
25.403	797.536
25.413	799.510
25.423	800.853
25.433	801.977
25.443	803.700
25.453	804.890
25.463	804.355
25.473	804.156
25.483	802.943
25.493	800.664
25.503	799.906
25.513	798.022
25.523	797.070
25.533	796.615
25.543	796.034
25.553	795.466
25.563	795.435
25.573	795.588
25.583	796.022
25.593	796.338
25.603	796.967
25.613	797.146
25.623	797.310
25.633	797.029
25.643	796.887
25.653	796.191
25.663	795.907
25.673	801.856
25.683	809.889
25.693	864.088
25.703	891.714
25.713	893.526
25.723	892.436
25.733	891.129
25.743	890.279
25.753	890.039
25.763	889.635
25.773	890.203
25.783	892.159
25.793	892.759
25.803	894.465
25.813	895.479
25.823	895.607
25.833	896.136
25.843	896.021
25.853	895.163
25.863	895.004
25.873	894.491
25.883	893.769
25.893	894.029
25.903	893.041
25.913	890.674
25.923	885.616
25.933	882.876
25.943	878.381
25.953	0.000
25.963	0.000
25.973	712.948
25.983	706.705
25.993	704.811
26.003	704.472
26.013	704.183
26.023	704.248
26.033	704.877
26.043	704.626
26.053	704.669
26.063	704.948
26.073	705.031
26.083	705.265
26.093	705.580
26.103	705.693
26.113	705.785
26.123	706.283
26.133	706.814
26.143	707.274
26.153	707.984
26.163	708.583
26.173	709.460
26.183	709.785
26.193	710.006
26.203	710.133
26.213	709.060
26.223	707.664
26.233	702.744
26.243	688.251
26.253	680.221
26.263	671.138
26.273	674.093
26.283	670.056
26.293	668.112
26.303	666.773
26.313	664.869
26.323	664.102
26.333	664.157
26.343	664.585
26.353	665.050
26.363	665.997
26.373	666.968
26.383	668.948
26.393	670.292
26.403	670.824
26.413	671.358
26.423	671.530
26.433	671.511
26.443	671.327
26.453	670.875
26.463	670.294
26.473	670.185
26.483	669.676
26.493	669.363
26.503	669.195
26.513	669.092
26.523	668.666
26.533	668.856
26.543	669.024
26.553	669.110
26.563	668.787
26.573	674.058
26.583	681.991
26.593	697.702
26.603	701.625
26.613	700.689
26.623	701.804
26.633	704.546
26.643	705.567
26.653	704.900
26.663	704.085
26.673	703.511
26.683	702.705
26.693	702.510
26.703	701.878
26.713	701.629
26.723	701.834
26.733	702.344
26.743	705.184
26.753	708.730
26.763	710.253
26.773	712.822
26.783	714.106
26.793	714.616
26.803	713.502
26.813	711.220
26.823	709.273
26.833	708.559
26.843	707.105
26.853	705.806
26.863	704.545
26.873	704.113
26.883	703.032
26.893	703.114
26.903	703.376
26.913	704.338
26.923	705.562
26.933	707.489
26.943	707.998
26.953	709.492
26.963	710.635
26.973	710.631
26.983	710.655
26.993	709.573
27.003	708.369
27.013	707.429
27.023	705.333
27.033	703.752
27.043	702.756
27.053	702.198
27.063	701.454
27.073	701.584
27.083	701.972
27.093	703.557
27.103	705.213
27.113	707.141
27.123	707.744
27.133	709.198
27.143	710.130
27.153	710.448
27.163	710.713
27.173	710.281
27.183	710.099
27.193	709.893
27.203	709.208
27.213	708.993
27.223	708.788
27.233	708.875
27.243	710.098
27.253	710.862
27.263	713.115
27.273	0.000
27.283	0.000
27.293	938.787
27.303	939.013
27.313	939.278
27.323	938.388
27.333	938.338
27.343	938.374
27.353	937.833
27.363	937.219
27.373	937.154
27.383	937.260
27.393	937.949
27.403	938.863
27.413	939.743
27.423	941.171
27.433	942.270
27.443	943.236
27.453	944.080
27.463	945.262
27.473	946.201
27.483	946.532
27.493	947.046
27.503	947.289
27.513	947.109
27.523	947.035
27.533	946.272
27.543	944.654
27.553	943.491
27.563	941.364
27.573	939.452
27.583	937.764
27.593	937.595
27.603	937.732
27.613	938.422
27.623	939.165
27.633	940.460
27.643	942.650
27.653	944.800
27.663	945.935
27.673	946.625
27.683	947.228
27.693	947.438
27.703	947.443
27.713	947.379
27.723	946.655
27.733	946.126
27.743	944.442
27.753	942.918
27.763	941.434
27.773	940.337
27.783	939.111
27.793	938.564
27.803	938.653
27.813	938.861
27.823	939.046
27.833	939.641
27.843	940.243
27.853	941.372
27.863	942.576
27.873	943.813
27.883	944.457
27.893	945.429
27.903	946.589
27.913	947.113
27.923	947.716
27.933	947.629
27.943	946.612
27.953	945.600
27.963	943.073
27.973	941.025
27.983	938.854
27.993	938.035
28.003	937.142
28.013	937.108
28.023	937.394
28.033	938.831
28.043	940.828
28.053	942.774
28.063	943.357
28.073	945.211
28.083	946.390
28.093	946.915
28.103	947.720
28.113	947.914
28.123	947.230
28.133	946.512
28.143	944.953
28.153	943.800
28.163	942.635
28.173	942.021
28.183	941.181
28.193	940.401
28.203	940.334
28.213	939.799
28.223	940.027
28.233	940.494
28.243	940.569
28.253	940.851
28.263	941.618
28.273	942.018
28.283	942.857
28.293	943.330
28.303	943.291
28.313	943.130
28.323	942.160
28.333	941.440
28.343	941.184
28.353	940.868
28.363	941.008
28.373	941.370
28.383	941.377
28.393	941.841
28.403	941.934
28.413	941.678
28.423	941.499
28.433	941.200
28.443	941.205
28.453	941.152
28.463	941.479
28.473	942.034
28.483	942.133
28.493	942.495
28.503	941.812
28.513	941.061
28.523	937.169
28.533	930.258
28.543	913.500
28.553	894.143
28.563	892.144
28.573	889.458
28.583	888.104
28.593	886.930
28.603	886.916
28.613	885.988
28.623	885.504
28.633	885.585
28.643	885.979
28.653	886.976
28.663	888.548
28.673	888.935
28.683	891.148
28.693	892.655
28.703	893.547
28.713	894.400
28.723	894.417
28.733	894.008
28.743	893.805
28.753	892.800
28.763	891.825
28.773	890.607
28.783	889.610
28.793	887.806
28.803	886.081
28.813	885.555
28.823	885.652
28.833	886.548
28.843	887.962
28.853	889.188
28.863	891.052
28.873	892.530
28.883	892.909
28.893	893.698
28.903	893.981
28.913	893.820
28.923	893.753
28.933	893.638
28.943	893.309
28.953	892.685
28.963	892.490
28.973	890.866
28.983	889.933
28.993	889.794
29.003	889.057
29.013	888.165
29.023	887.901
29.033	888.005
29.043	888.479
29.053	888.639
29.063	888.940
29.073	889.172
29.083	889.099
29.093	889.471
29.103	889.811
29.113	890.269
29.123	889.371
29.133	889.696
29.143	889.626
29.153	889.848
29.163	889.164
29.173	888.854
29.183	888.562
29.193	888.237
29.203	887.676
29.213	887.307
29.223	887.254
29.233	886.765
29.243	886.447
29.253	887.319
29.263	888.257
29.273	889.497
29.283	890.172
29.293	891.744
29.303	892.917
29.313	894.157
29.323	894.096
29.333	893.945
29.343	893.825
29.353	892.801
29.363	892.345
29.373	890.974
29.383	889.236
29.393	888.266
29.403	886.506
29.413	885.452
29.423	885.624
29.433	886.253
29.443	887.327
29.453	887.965
29.463	888.526
29.473	889.126
29.483	889.544
29.493	890.343
29.503	890.540
29.513	891.466
29.523	891.035
29.533	890.794
29.543	890.782
29.553	890.421
29.563	890.209
29.573	889.860
29.583	889.314
29.593	888.545
29.603	888.431
29.613	888.789
29.623	888.447
29.633	888.109
29.643	887.794
29.653	887.782
29.663	887.581
29.673	888.287
29.683	888.616
29.693	889.680
29.703	889.858
29.713	889.584
29.723	889.690
29.733	889.467
29.743	889.502
29.753	889.248
29.763	888.498
29.773	887.828
29.783	887.450
29.793	887.038
29.803	886.690
29.813	886.737
29.823	886.940
29.833	886.912
29.843	886.682
29.853	885.540
29.863	884.463
29.873	852.885
29.883	819.839
29.893	793.307
29.903	790.538
29.913	788.741
29.923	788.443
29.933	788.696
29.943	787.960
29.953	788.032
29.963	788.281
29.973	788.795
29.983	788.504
29.993	789.268
30.003	789.757
30.013	790.513
30.023	792.189
30.033	793.341
30.043	793.539
30.053	793.934
30.063	794.363
30.073	794.060
30.083	794.039
30.093	793.841
30.103	793.756
30.113	793.662
30.123	793.124
30.133	791.421
30.143	785.690
30.153	774.377
30.163	731.823
30.173	707.351
30.183	705.680
30.193	703.262
30.203	702.184
30.213	701.589
30.223	701.674
30.233	701.629
30.243	702.227
30.253	703.097
30.263	703.432
30.273	704.721
30.283	705.637
30.293	706.057
30.303	706.861
30.313	707.504
30.323	707.790
30.333	707.716
30.343	707.234
30.353	705.922
30.363	704.511
30.373	703.528
30.383	701.476
30.393	700.238
30.403	699.838
30.413	699.718
30.423	700.722
30.433	701.938
30.443	702.533
30.453	703.917
30.463	704.291
30.473	704.153
30.483	702.567
30.493	699.571
30.503	686.260
30.513	677.440
30.523	667.627
30.533	664.445
30.543	664.688
30.553	664.635
30.563	664.063
30.573	663.479
30.583	663.490
30.593	663.257
30.603	663.440
30.613	664.087
30.623	664.208
30.633	664.568
30.643	665.354
30.653	666.128
30.663	667.245
30.673	667.738
30.683	667.240
30.693	666.096
30.703	665.431
30.713	665.223
30.723	664.203
30.733	663.845
30.743	663.362
30.753	662.312
30.763	660.959
30.773	652.239
30.783	623.352
30.793	598.839
30.803	596.059
30.813	593.611
30.823	592.766
30.833	592.381
30.843	591.716
30.853	591.637
30.863	591.840
30.873	592.355
30.883	593.025
30.893	593.433
30.903	594.154
30.913	594.444
30.923	595.362
30.933	596.086
30.943	596.699
30.953	597.375
30.963	597.732
30.973	598.044
30.983	598.020
30.993	597.727
31.003	597.330
31.013	596.933
31.023	596.470
31.033	596.152
31.043	595.637
31.053	595.418
31.063	595.510
31.073	595.818
31.083	595.444
31.093	594.796
31.103	592.734
31.113	589.889
31.123	588.850
31.133	588.395
31.143	592.814
31.153	567.703
31.163	563.645
31.173	562.172
31.183	561.802
31.193	561.302
31.203	561.716
31.213	561.822
31.223	561.646
31.233	561.804
31.243	562.405
31.253	563.088
31.263	563.648
31.273	564.511
31.283	565.977
31.293	567.815
31.303	568.964
31.313	570.817
31.323	572.064
31.333	573.058
31.343	573.445
31.353	572.982
31.363	572.005
31.373	571.280
31.383	569.622
31.393	569.497
31.403	567.230
31.413	565.568
31.423	0.000
31.433	659.677
31.443	662.434
31.453	663.020
31.463	662.108
31.473	662.022
31.483	661.837
31.493	661.826
31.503	662.487
31.513	662.642
31.523	662.757
31.533	662.868
31.543	663.412
31.553	663.695
31.563	663.916
31.573	663.721
31.583	664.213
31.593	664.429
31.603	664.774
31.613	665.114
31.623	665.642
31.633	665.575
31.643	665.881
31.653	666.394
31.663	666.960
31.673	667.228
31.683	667.907
31.693	668.014
31.703	668.120
31.713	668.078
31.723	668.336
31.733	668.670
31.743	669.114
31.753	669.100
31.763	672.496
31.773	677.606
31.783	691.035
31.793	697.134
31.803	701.363
31.813	702.423
31.823	703.119
31.833	702.277
31.843	701.627
31.853	700.368
31.863	699.226
31.873	698.446
31.883	698.185
31.893	697.955
31.903	697.903
31.913	698.442
31.923	698.666
31.933	699.494
31.943	700.818
31.953	701.734
31.963	703.385
31.973	705.507
31.983	707.153
31.993	708.019
32.003	709.015
32.013	709.109
32.023	709.312
32.033	708.057
32.043	706.664
32.053	704.950
32.063	704.005
32.073	702.231
32.083	700.605
32.093	699.735
32.103	699.568
32.113	700.027
32.123	701.367
32.133	702.000
32.143	703.235
32.153	704.387
32.163	705.666
32.173	706.022
32.183	706.907
32.193	707.560
32.203	707.784
32.213	707.538
32.223	707.039
32.233	705.598
32.243	705.125
32.253	703.835
32.263	702.466
32.273	701.226
32.283	700.653
32.293	699.857
32.303	699.284
32.313	698.703
32.323	698.355
32.333	698.994
32.343	700.467
32.353	701.503
32.363	703.493
32.373	704.622
32.383	705.525
32.393	706.410
32.403	707.309
32.413	707.476
32.423	707.238
32.433	706.496
32.443	704.893
32.453	703.162
32.463	702.500
32.473	701.110
32.483	700.008
32.493	699.588
32.503	699.055
32.513	699.096
32.523	699.409
32.533	699.536
32.543	699.928
32.553	701.141
32.563	701.703
32.573	703.036
32.583	704.327
32.593	705.407
32.603	705.944
32.613	706.249
32.623	706.425
32.633	706.219
32.643	705.820
32.653	704.645
32.663	703.636
32.673	702.693
32.683	701.277
32.693	700.240
32.703	698.971
32.713	698.574
32.723	698.237
32.733	698.157
32.743	698.256
32.753	698.903
32.763	700.300
32.773	701.862
32.783	702.897
32.793	704.292
32.803	705.397
32.813	705.843
32.823	706.615
32.833	706.971
32.843	707.715
32.853	707.765
32.863	707.100
32.873	705.715
32.883	704.592
32.893	703.949
32.903	703.009
32.913	702.541
32.923	702.238
32.933	702.082
32.943	701.705
32.953	701.688
32.963	701.574
32.973	701.676
32.983	702.783
32.993	703.976
33.003	704.590
33.013	705.353
33.023	706.606
33.033	706.772
33.043	707.302
33.053	707.541
33.063	707.142
33.073	706.853
33.083	706.240
33.093	704.880
33.103	703.466
33.113	702.778
33.123	701.205
33.133	699.955
33.143	699.224
33.153	698.753
33.163	699.055
33.173	699.205
33.183	699.443
33.193	700.548
33.203	702.148
33.213	703.031
33.223	704.357
33.233	705.595
33.243	706.565
33.253	707.059
33.263	708.141
33.273	708.450
33.283	708.178
33.293	707.960
33.303	706.407
33.313	704.697
33.323	703.796
33.333	702.114
33.343	700.847
33.353	699.943
33.363	699.815
33.373	700.430
33.383	700.854
33.393	701.305
33.403	701.928
33.413	702.577
33.423	703.645
33.433	704.121
33.443	705.819
33.453	707.017
33.463	708.369
33.473	708.867
33.483	709.460
33.493	709.490
33.503	709.080
33.513	708.115
33.523	706.682
33.533	704.832
33.543	703.655
33.553	702.202
33.563	700.741
33.573	699.845
33.583	698.982
33.593	698.938
33.603	699.070
33.613	699.454
33.623	700.799
33.633	701.914
33.643	703.319
33.653	703.636
33.663	704.387
33.673	705.140
33.683	705.369
33.693	706.013
33.703	706.531
33.713	705.755
33.723	705.405
33.733	704.396
33.743	703.145
33.753	702.526
33.763	701.450
33.773	700.588
33.783	700.231
33.793	700.007
33.803	700.178
33.813	701.178
33.823	702.323
33.833	702.989
33.843	704.042
33.853	705.505
33.863	705.936
33.873	706.996
33.883	707.858
33.893	708.305
33.903	708.348
33.913	708.138
33.923	706.839
33.933	706.158
33.943	704.769
33.953	703.323
33.963	702.018
33.973	701.529
33.983	700.580
33.993	699.485
34.003	699.564
34.013	700.190
34.023	701.485
34.033	702.718
34.043	703.205
34.053	704.139
34.063	705.094
34.073	705.873
34.083	706.227
34.093	706.693
34.103	706.466
34.113	706.380
34.123	705.655
34.133	704.604
34.143	703.711
34.153	703.358
34.163	702.663
34.173	702.128
34.183	702.178
34.193	702.085
34.203	701.584
34.213	701.276
34.223	701.122
34.233	700.438
34.243	699.828
34.253	700.103
34.263	700.175
34.273	701.325
34.283	702.874
34.293	706.749
34.303	710.693
34.313	723.240
34.323	0.000
34.333	0.000
34.343	0.000
34.353	0.000
34.363	0.000
34.373	0.000
34.383	0.000
34.393	0.000
34.403	0.000
34.413	0.000
34.423	0.000
34.433	0.000
34.443	0.000
34.453	0.000
34.463	0.000
34.473	0.000
34.483	0.000
34.493	0.000
34.503	0.000
34.513	0.000
34.523	0.000
34.533	0.000
34.543	0.000
34.553	0.000
34.563	0.000
34.573	0.000
34.583	0.000
34.593	0.000
34.603	0.000
34.613	0.000
34.623	0.000
34.633	0.000
34.643	0.000
34.653	0.000
34.663	0.000
34.673	0.000
34.683	0.000
34.693	0.000
34.703	675.118
34.713	671.879
34.723	667.959
34.733	666.808
34.743	665.214
34.753	664.307
34.763	663.828
34.773	664.050
34.783	663.615
34.793	662.970
34.803	663.124
34.813	663.753
34.823	664.030
34.833	664.781
34.843	664.893
34.853	665.793
34.863	665.753
34.873	666.364
34.883	666.507
34.893	666.947
34.903	667.685
34.913	668.850
34.923	669.995
34.933	671.475
34.943	672.772
34.953	673.811
34.963	674.021
34.973	675.168
34.983	675.439
34.993	673.728
35.003	672.630
35.013	670.933
35.023	669.731
35.033	666.893
35.043	663.597
35.053	662.641
35.063	661.205
35.073	660.715
35.083	660.275
35.093	661.469
35.103	662.603
35.113	665.024
35.123	666.192
35.133	668.523
35.143	670.323
35.153	671.742
35.163	672.230
35.173	673.388
35.183	673.966
35.193	672.884
35.203	673.172
35.213	672.423
35.223	671.054
35.233	669.430
35.243	666.881
35.253	664.295
35.263	661.723
35.273	660.789
35.283	660.045
35.293	659.747
35.303	660.572
35.313	662.849
35.323	664.099
35.333	666.037
35.343	667.186
35.353	669.413
35.363	670.873
35.373	672.035
35.383	672.640
35.393	673.202
35.403	673.166
35.413	672.684
35.423	672.150
35.433	670.361
35.443	668.864
35.453	667.736
35.463	665.779
35.473	663.951
35.483	662.587
35.493	661.868
35.503	661.672
35.513	662.269
35.523	662.797
35.533	664.314
35.543	666.526
35.553	668.567
35.563	669.462
35.573	671.002
35.583	671.741
35.593	672.063
35.603	673.529
35.613	674.673
35.623	674.790
35.633	674.581
35.643	674.701
35.653	672.391
35.663	669.795
35.673	668.519
35.683	667.350
35.693	665.334
35.703	664.888
35.713	663.489
35.723	663.222
35.733	662.597
35.743	662.964
35.753	663.302
35.763	664.379
35.773	664.365
35.783	666.196
35.793	667.655
35.803	668.655
35.813	668.993
35.823	670.192
35.833	671.097
35.843	672.127
35.853	672.334
35.863	672.368
35.873	672.013
35.883	671.898
35.893	671.151
35.903	669.161
35.913	667.020
35.923	665.876
35.933	664.276
35.943	663.777
35.953	663.460
35.963	662.935
35.973	662.769
35.983	663.520
35.993	664.308
36.003	664.614
36.013	665.783
36.023	667.575
36.033	668.162
36.043	669.204
36.053	670.898
36.063	671.336
36.073	671.313
36.083	672.338
36.093	672.699
36.103	672.365
36.113	672.221
36.123	672.387
36.133	672.194
36.143	671.165
36.153	669.907
36.163	668.544
36.173	667.974
36.183	667.391
36.193	666.601
36.203	665.889
36.213	665.676
36.223	665.036
36.233	664.486
36.243	664.591
36.253	665.121
36.263	666.322
36.273	667.801
36.283	668.533
36.293	669.291
36.303	670.540
36.313	670.902
36.323	671.686
36.333	671.869
36.343	671.910
36.353	671.499
36.363	671.370
36.373	670.809
36.383	669.684
36.393	669.077
36.403	668.176
36.413	667.176
36.423	666.517
36.433	665.513
36.443	664.722
36.453	664.139
36.463	664.177
36.473	664.266
36.483	664.609
36.493	664.989
36.503	666.049
36.513	667.439
36.523	668.186
36.533	668.994
36.543	669.656
36.553	670.346
36.563	671.074
36.573	671.441
36.583	671.553
36.593	671.637
36.603	671.634
36.613	670.853
36.623	670.106
36.633	669.034
36.643	668.360
36.653	666.699
36.663	665.705
36.673	664.951
36.683	663.887
36.693	663.917
36.703	663.726
36.713	663.746
36.723	663.212
36.733	665.212
36.743	665.557
36.753	666.013
36.763	666.802
36.773	668.235
36.783	668.751
36.793	669.744
36.803	670.479
36.813	671.171
36.823	671.272
36.833	671.612
36.843	670.682
36.853	670.003
36.863	669.758
36.873	668.195
36.883	667.042
36.893	666.552
36.903	665.300
36.913	664.956
36.923	665.555
36.933	664.982
36.943	664.917
36.953	664.814
36.963	665.061
36.973	664.913
36.983	664.832
36.993	665.184
37.003	665.829
37.013	666.606
37.023	667.738
37.033	668.716
37.043	669.006
37.053	669.409
37.063	669.628
37.073	669.527
37.083	669.118
37.093	668.739
37.103	668.008
37.113	667.864
37.123	667.438
37.133	666.343
37.143	665.777
37.153	664.730
37.163	663.931
37.173	662.813
37.183	662.283
37.193	662.023
37.203	662.685
37.213	662.772
37.223	663.057
37.233	664.838
37.243	666.301
37.253	666.695
37.263	668.325
37.273	669.622
37.283	669.800
37.293	670.258
37.303	669.963
37.313	670.566
37.323	670.541
37.333	669.650
37.343	669.286
37.353	668.424
37.363	668.151
37.373	667.463
37.383	666.028
37.393	665.158
37.403	664.901
37.413	664.272
37.423	663.649
37.433	663.850
37.443	663.618
37.453	663.555
37.463	663.691
37.473	663.285
37.483	664.416
37.493	665.218
37.503	665.615
37.513	667.009
37.523	667.852
37.533	668.402
37.543	668.582
37.553	668.477
37.563	668.241
37.573	668.083
37.583	667.698
37.593	667.039
37.603	667.042
37.613	667.205
37.623	666.435
37.633	664.964
37.643	664.776
37.653	664.414
37.663	664.244
37.673	663.973
37.683	664.220
37.693	664.157
37.703	664.522
37.713	664.922
37.723	665.523
37.733	665.083
37.743	665.630
37.753	666.175
37.763	666.408
37.773	666.591
37.783	666.757
37.793	667.087
37.803	667.196
37.813	667.296
37.823	666.018
37.833	665.830
37.843	664.488
37.853	664.706
37.863	664.558
37.873	663.511
37.883	663.234
37.893	663.871
37.903	663.712
37.913	663.711
37.923	664.482
37.933	664.838
37.943	665.205
37.953	665.155
37.963	665.222
37.973	665.891
37.983	665.358
37.993	664.911
38.003	665.651
38.013	665.716
38.023	665.743
38.033	665.822
38.043	666.085
38.053	665.523
38.063	665.355
38.073	664.891
38.083	664.859
38.093	664.764
38.103	664.863
38.113	664.378
38.123	664.560
38.133	664.120
38.143	663.619
38.153	663.593
38.163	663.088
38.173	662.679
38.183	662.805
38.193	662.201
38.203	661.955
38.213	661.388
38.223	661.954
38.233	661.424
38.243	661.680
38.253	661.075
38.263	661.276
38.273	660.877
38.283	659.632
38.293	660.934
38.303	660.912
38.313	663.636
38.323	664.916
38.333	667.359
38.343	671.322
38.353	0.000
38.363	0.000
38.373	0.000
38.383	0.000
38.393	0.000
38.403	0.000
38.413	0.000
38.423	0.000
38.433	0.000
38.443	0.000
38.453	0.000
38.463	0.000
38.473	0.000
38.483	0.000
38.493	0.000
38.503	0.000
38.513	0.000
38.523	0.000
38.533	0.000
38.543	0.000
38.553	0.000
38.563	0.000
38.573	0.000
38.583	0.000
38.593	0.000
38.603	0.000
38.613	0.000
38.623	0.000
38.633	0.000
38.643	0.000
38.653	0.000
38.663	0.000
38.673	0.000
38.683	0.000
38.693	0.000
38.703	0.000
38.713	0.000
38.723	0.000
38.733	0.000
38.743	0.000
38.753	0.000
38.763	0.000
38.773	0.000
38.783	0.000
38.793	0.000
38.803	0.000
38.813	0.000
38.823	0.000
38.833	0.000
38.843	0.000
38.853	0.000
38.863	0.000
38.873	0.000
38.883	0.000
38.893	0.000
38.903	0.000
38.913	0.000
38.923	0.000
38.933	0.000
38.943	0.000
38.953	0.000
38.963	0.000
38.973	0.000
38.983	0.000
38.993	0.000
39.003	0.000
39.013	0.000
39.023	0.000
39.033	0.000
39.043	0.000
39.053	0.000
39.063	0.000
39.073	0.000
39.083	0.000
39.093	0.000
39.103	0.000
39.113	0.000
39.123	0.000
39.133	0.000
39.143	0.000
39.153	0.000
39.163	0.000
39.173	0.000
39.183	0.000
39.193	0.000
39.203	0.000
39.213	0.000
39.223	0.000
39.233	0.000
39.243	0.000
39.253	0.000
39.263	0.000
39.273	0.000
39.283	0.000
39.293	0.000
39.303	0.000
39.313	0.000
39.323	0.000
39.333	0.000
39.343	0.000
39.353	0.000
39.363	0.000
39.373	0.000
39.383	0.000
39.393	0.000
39.403	0.000
39.413	0.000
39.423	0.000
39.433	0.000
39.443	0.000
39.453	0.000
39.463	0.000
39.473	0.000
39.483	0.000
39.493	0.000
39.503	0.000
39.513	0.000
39.523	0.000
39.533	0.000
39.543	0.000
39.553	0.000
39.563	0.000
39.573	0.000
39.583	0.000
39.593	0.000
39.603	0.000
39.613	0.000
39.623	0.000
39.633	0.000
39.643	0.000
39.653	0.000
39.663	0.000
39.673	0.000
39.683	0.000
39.693	0.000
39.703	0.000
39.713	0.000
39.723	0.000
39.733	0.000
39.743	0.000
39.753	0.000
39.763	0.000
39.773	0.000
39.783	0.000
39.793	0.000
39.803	0.000
39.813	0.000
39.823	0.000
39.833	0.000
39.843	0.000
39.853	0.000
39.863	0.000
39.873	0.000
39.883	0.000
39.893	0.000
39.903	0.000
39.913	0.000
39.923	0.000
39.933	0.000
