0.023	0.000
0.033	0.000
0.043	0.000
0.053	0.000
0.063	0.000
0.073	0.000
0.083	0.000
0.093	0.000
0.103	0.000
0.113	0.000
0.123	0.000
0.133	0.000
0.143	0.000
0.153	0.000
0.163	0.000
0.173	0.000
0.183	0.000
0.193	0.000
0.203	0.000
0.213	0.000
0.223	0.000
0.233	0.000
0.243	0.000
0.253	0.000
0.263	0.000
0.273	0.000
0.283	0.000
0.293	0.000
0.303	0.000
0.313	0.000
0.323	0.000
0.333	0.000
0.343	0.000
0.353	0.000
0.363	0.000
0.373	0.000
0.383	0.000
0.393	0.000
0.403	0.000
0.413	0.000
0.423	0.000
0.433	0.000
0.443	0.000
0.453	0.000
0.463	0.000
0.473	0.000
0.483	0.000
0.493	0.000
0.503	0.000
0.513	0.000
0.523	0.000
0.533	0.000
0.543	0.000
0.553	0.000
0.563	0.000
0.573	0.000
0.583	0.000
0.593	0.000
0.603	0.000
0.613	0.000
0.623	0.000
0.633	0.000
0.643	0.000
0.653	0.000
0.663	0.000
0.673	0.000
0.683	0.000
0.693	0.000
0.703	0.000
0.713	0.000
0.723	0.000
0.733	0.000
0.743	0.000
0.753	0.000
0.763	0.000
0.773	0.000
0.783	0.000
0.793	0.000
0.803	0.000
0.813	0.000
0.823	0.000
0.833	0.000
0.843	0.000
0.853	0.000
0.863	0.000
0.873	0.000
0.883	0.000
0.893	0.000
0.903	0.000
0.913	0.000
0.923	0.000
0.933	0.000
0.943	0.000
0.953	0.000
0.963	0.000
0.973	0.000
0.983	0.000
0.993	0.000
1.003	0.000
1.013	0.000
1.023	0.000
1.033	0.000
1.043	0.000
1.053	0.000
1.063	0.000
1.073	0.000
1.083	0.000
1.093	0.000
1.103	0.000
1.113	0.000
1.123	0.000
1.133	0.000
1.143	0.000
1.153	0.000
1.163	0.000
1.173	0.000
1.183	0.000
1.193	0.000
1.203	0.000
1.213	0.000
1.223	0.000
1.233	0.000
1.243	0.000
1.253	0.000
1.263	0.000
1.273	0.000
1.283	0.000
1.293	0.000
1.303	0.000
1.313	0.000
1.323	0.000
1.333	0.000
1.343	0.000
1.353	0.000
1.363	0.000
1.373	0.000
1.383	0.000
1.393	0.000
1.403	0.000
1.413	0.000
1.423	0.000
1.433	0.000
1.443	0.000
1.453	0.000
1.463	0.000
1.473	0.000
1.483	0.000
1.493	0.000
1.503	0.000
1.513	0.000
1.523	0.000
1.533	0.000
1.543	0.000
1.553	0.000
1.563	0.000
1.573	0.000
1.583	0.000
1.593	0.000
1.603	0.000
1.613	0.000
1.623	0.000
1.633	0.000
1.643	0.000
1.653	0.000
1.663	0.000
1.673	0.000
1.683	0.000
1.693	0.000
1.703	0.000
1.713	0.000
1.723	0.000
1.733	0.000
1.743	0.000
1.753	0.000
1.763	0.000
1.773	0.000
1.783	0.000
1.793	0.000
1.803	0.000
1.813	0.000
1.823	0.000
1.833	0.000
1.843	0.000
1.853	0.000
1.863	0.000
1.873	0.000
1.883	0.000
1.893	0.000
1.903	0.000
1.913	0.000
1.923	0.000
1.933	0.000
1.943	0.000
1.953	0.000
1.963	0.000
1.973	0.000
1.983	0.000
1.993	0.000
2.003	0.000
2.013	0.000
2.023	0.000
2.033	0.000
2.043	0.000
2.053	0.000
2.063	0.000
2.073	0.000
2.083	0.000
2.093	0.000
2.103	0.000
2.113	0.000
2.123	0.000
2.133	0.000
2.143	0.000
2.153	0.000
2.163	0.000
2.173	0.000
2.183	0.000
2.193	0.000
2.203	0.000
2.213	0.000
2.223	0.000
2.233	0.000
2.243	0.000
2.253	0.000
2.263	0.000
2.273	0.000
2.283	0.000
2.293	0.000
2.303	605.773
2.313	600.718
2.323	607.180
2.333	607.555
2.343	604.586
2.353	616.806
2.363	0.000
2.373	0.000
2.383	599.847
2.393	598.359
2.403	598.970
2.413	599.154
2.423	599.095
2.433	599.204
2.443	599.062
2.453	598.811
2.463	598.866
2.473	598.805
2.483	598.585
2.493	598.558
2.503	598.199
2.513	598.018
2.523	598.020
2.533	597.910
2.543	597.924
2.553	597.922
2.563	597.895
2.573	597.842
2.583	597.676
2.593	597.831
2.603	597.751
2.613	597.695
2.623	597.711
2.633	597.732
2.643	597.737
2.653	597.699
2.663	597.756
2.673	597.742
2.683	597.668
2.693	597.807
2.703	597.902
2.713	597.775
2.723	597.755
2.733	597.649
2.743	597.476
2.753	597.322
2.763	597.251
2.773	597.105
2.783	597.052
2.793	597.054
2.803	596.944
2.813	596.912
2.823	596.893
2.833	596.830
2.843	596.714
2.853	596.703
2.863	596.480
2.873	596.323
2.883	596.363
2.893	596.306
2.903	596.325
2.913	596.259
2.923	596.203
2.933	596.149
2.943	596.147
2.953	595.929
2.963	595.960
2.973	595.854
2.983	595.831
2.993	595.793
3.003	595.943
3.013	596.129
3.023	596.414
3.033	596.474
3.043	596.694
3.053	596.698
3.063	596.771
3.073	596.682
3.083	596.517
3.093	596.412
3.103	596.337
3.113	596.388
3.123	596.459
3.133	596.780
3.143	597.052
3.153	597.647
3.163	597.848
3.173	597.798
3.183	597.804
3.193	597.527
3.203	597.197
3.213	597.071
3.223	596.850
3.233	596.446
3.243	595.932
3.253	595.702
3.263	595.354
3.273	595.646
3.283	596.326
3.293	596.512
3.303	596.855
3.313	596.928
3.323	596.848
3.333	597.001
3.343	597.124
3.353	597.217
3.363	597.263
3.373	597.261
3.383	597.078
3.393	597.007
3.403	596.922
3.413	599.078
3.423	602.876
3.433	605.264
3.443	616.010
3.453	608.853
3.463	598.759
3.473	596.793
3.483	597.250
3.493	597.769
3.503	598.217
3.513	598.312
3.523	598.101
3.533	597.796
3.543	597.720
3.553	597.721
3.563	597.636
3.573	597.419
3.583	597.414
3.593	597.192
3.603	597.310
3.613	597.320
3.623	597.273
3.633	597.245
3.643	597.116
3.653	597.100
3.663	596.965
3.673	596.967
3.683	596.890
3.693	596.801
3.703	596.419
3.713	596.237
3.723	596.047
3.733	596.148
3.743	596.214
3.753	596.318
3.763	596.465
3.773	596.587
3.783	598.207
3.793	598.860
3.803	602.362
3.813	598.750
3.823	598.308
3.833	598.306
3.843	598.674
3.853	599.059
3.863	599.153
3.873	598.911
3.883	598.065
3.893	597.122
3.903	596.737
3.913	596.213
3.923	596.290
3.933	596.332
3.943	596.203
3.953	596.247
3.963	596.269
3.973	596.135
3.983	596.093
3.993	595.801
4.003	595.719
4.013	595.606
4.023	595.473
4.033	595.215
4.043	595.207
4.053	594.988
4.063	594.791
4.073	594.542
4.083	594.444
4.093	594.360
4.103	594.202
4.113	594.333
4.123	594.377
4.133	594.277
4.143	594.368
4.153	594.255
4.163	594.428
4.173	594.319
4.183	594.363
4.193	594.319
4.203	594.296
4.213	594.380
4.223	594.357
4.233	594.475
4.243	594.548
4.253	594.604
4.263	594.667
4.273	594.755
4.283	594.881
4.293	594.944
4.303	594.961
4.313	594.604
4.323	593.815
4.333	593.261
4.343	592.175
4.353	591.861
4.363	592.827
4.373	593.706
4.383	595.414
4.393	596.210
4.403	596.360
4.413	596.555
4.423	596.607
4.433	596.439
4.443	596.236
4.453	595.987
4.463	595.749
4.473	595.535
4.483	595.345
4.493	595.351
4.503	595.583
4.513	595.831
4.523	596.354
4.533	598.073
4.543	601.967
4.553	608.046
4.563	606.182
4.573	597.961
4.583	596.872
4.593	597.680
4.603	598.243
4.613	598.565
4.623	598.743
4.633	598.286
4.643	597.929
4.653	597.638
4.663	597.465
4.673	597.122
4.683	596.912
4.693	596.938
4.703	596.750
4.713	596.794
4.723	596.749
4.733	596.796
4.743	596.614
4.753	596.691
4.763	596.749
4.773	596.751
4.783	596.854
4.793	596.748
4.803	596.716
4.813	596.839
4.823	596.904
4.833	596.937
4.843	596.997
4.853	596.984
4.863	596.920
4.873	596.976
4.883	596.926
4.893	596.872
4.903	596.804
4.913	596.955
4.923	597.000
4.933	597.018
4.943	597.170
4.953	597.130
4.963	597.157
4.973	597.275
4.983	597.354
4.993	597.386
5.003	597.424
5.013	597.583
5.023	597.494
5.033	597.704
5.043	597.613
5.053	597.650
5.063	597.470
5.073	597.471
5.083	597.423
5.093	597.301
5.103	597.348
5.113	597.086
5.123	596.418
5.133	595.954
5.143	594.616
5.153	593.032
5.163	592.403
5.173	592.559
5.183	594.822
5.193	596.650
5.203	597.093
5.213	597.459
5.223	597.801
5.233	597.878
5.243	598.157
5.253	598.333
5.263	599.757
5.273	600.521
5.283	605.144
5.293	0.000
5.303	0.000
5.313	530.192
5.323	528.750
5.333	528.699
5.343	528.931
5.353	530.031
5.363	530.598
5.373	530.925
5.383	531.868
5.393	531.408
5.403	530.526
5.413	531.361
5.423	530.804
5.433	530.504
5.443	530.536
5.453	530.403
5.463	530.973
5.473	530.449
5.483	530.081
5.493	530.238
5.503	529.991
5.513	530.133
5.523	530.070
5.533	530.047
5.543	530.196
5.553	530.681
5.563	530.455
5.573	530.627
5.583	530.557
5.593	530.619
5.603	530.325
5.613	530.182
5.623	530.227
5.633	530.282
5.643	529.840
5.653	530.139
5.663	530.523
5.673	530.262
5.683	530.881
5.693	530.515
5.703	530.581
5.713	530.475
5.723	530.222
5.733	530.010
5.743	530.319
5.753	530.098
5.763	530.025
5.773	530.128
5.783	530.066
5.793	530.261
5.803	530.248
5.813	530.307
5.823	530.156
5.833	530.216
5.843	530.376
5.853	530.449
5.863	530.575
5.873	530.481
5.883	530.805
5.893	530.599
5.903	530.728
5.913	530.861
5.923	530.918
5.933	530.927
5.943	531.181
5.953	531.125
5.963	531.342
5.973	531.448
5.983	531.465
5.993	531.536
6.003	531.384
6.013	531.292
6.023	531.523
6.033	531.251
6.043	531.301
6.053	531.192
6.063	531.123
6.073	531.032
6.083	531.037
6.093	531.119
6.103	530.963
6.113	531.013
6.123	530.860
6.133	530.543
6.143	530.370
6.153	529.845
6.163	529.093
6.173	528.962
6.183	528.725
6.193	529.099
6.203	529.775
6.213	530.037
6.223	530.287
6.233	530.207
6.243	530.197
6.253	530.200
6.263	530.107
6.273	530.046
6.283	530.141
6.293	529.970
6.303	529.903
6.313	529.824
6.323	529.611
6.333	529.853
6.343	530.089
6.353	530.337
6.363	529.992
6.373	529.650
6.383	529.657
6.393	529.711
6.403	529.859
6.413	529.759
6.423	529.995
6.433	529.676
6.443	530.037
6.453	530.051
6.463	530.133
6.473	529.946
6.483	530.265
6.493	530.312
6.503	530.096
6.513	530.070
6.523	529.848
6.533	529.872
6.543	529.856
6.553	529.671
6.563	529.452
6.573	529.194
6.583	529.216
6.593	529.429
6.603	530.440
6.613	535.778
6.623	544.982
6.633	555.271
6.643	549.393
6.653	532.296
6.663	529.473
6.673	529.977
6.683	530.172
6.693	530.773
6.703	530.754
6.713	530.256
6.723	529.761
6.733	529.782
6.743	529.792
6.753	530.091
6.763	530.403
6.773	530.183
6.783	530.358
6.793	530.088
6.803	529.890
6.813	529.628
6.823	529.669
6.833	529.866
6.843	529.996
6.853	529.889
6.863	530.128
6.873	529.936
6.883	529.971
6.893	529.818
6.903	529.561
6.913	529.774
6.923	529.814
6.933	529.821
6.943	529.843
6.953	529.879
6.963	529.904
6.973	529.562
6.983	529.765
6.993	529.921
7.003	529.869
7.013	529.820
7.023	529.680
7.033	529.837
7.043	529.939
7.053	529.731
7.063	529.874
7.073	530.162
7.083	530.098
7.093	529.956
7.103	529.861
7.113	529.937
7.123	530.356
7.133	530.244
7.143	530.327
7.153	530.609
7.163	530.568
7.173	530.542
7.183	530.454
7.193	530.784
7.203	530.845
7.213	530.938
7.223	531.149
7.233	531.248
7.243	531.466
7.253	531.603
7.263	531.698
7.273	531.696
7.283	531.700
7.293	531.651
7.303	531.529
7.313	531.351
7.323	531.412
7.333	531.584
7.343	532.642
7.353	535.154
7.363	536.937
7.373	534.103
7.383	540.208
7.393	528.704
7.403	529.667
7.413	530.010
7.423	531.051
7.433	531.138
7.443	530.918
7.453	530.588
7.463	530.800
7.473	530.953
7.483	531.020
7.493	530.475
7.503	530.626
7.513	530.662
7.523	530.740
7.533	530.964
7.543	530.639
7.553	530.998
7.563	530.535
7.573	530.585
7.583	530.847
7.593	530.696
7.603	530.300
7.613	530.457
7.623	530.294
7.633	530.586
7.643	530.317
7.653	530.308
7.663	530.317
7.673	530.178
7.683	530.191
7.693	530.225
7.703	530.344
7.713	530.331
7.723	530.303
7.733	530.307
7.743	530.376
7.753	530.393
7.763	530.214
7.773	530.249
7.783	530.061
7.793	529.989
7.803	530.000
7.813	529.977
7.823	530.129
7.833	530.078
7.843	530.104
7.853	530.078
7.863	529.984
7.873	530.099
7.883	530.093
7.893	530.053
7.903	530.013
7.913	530.004
7.923	529.847
7.933	529.995
7.943	529.727
7.953	529.916
7.963	529.880
7.973	529.925
7.983	529.930
7.993	529.958
8.003	530.076
8.013	530.079
8.023	530.036
8.033	530.060
8.043	530.123
8.053	530.114
8.063	530.156
8.073	530.121
8.083	530.367
8.093	530.562
8.103	531.080
8.113	531.047
8.123	531.129
8.133	530.803
8.143	530.644
8.153	530.640
8.163	530.643
8.173	530.896
8.183	530.774
8.193	530.584
8.203	530.633
8.213	530.730
8.223	530.891
8.233	530.855
8.243	531.219
8.253	531.322
8.263	531.610
8.273	531.370
8.283	531.119
8.293	530.909
8.303	531.068
8.313	530.357
8.323	530.486
8.333	530.469
8.343	530.981
8.353	531.045
8.363	531.193
8.373	531.012
8.383	531.213
8.393	531.197
8.403	531.193
8.413	531.211
8.423	531.115
8.433	531.094
8.443	531.234
8.453	531.016
8.463	531.042
8.473	532.005
8.483	532.154
8.493	532.755
8.503	532.137
8.513	532.030
8.523	532.214
8.533	531.463
8.543	531.218
8.553	531.343
8.563	531.128
8.573	531.216
8.583	530.860
8.593	530.898
8.603	531.064
8.613	531.221
8.623	530.970
8.633	531.044
8.643	530.694
8.653	530.732
8.663	530.813
8.673	530.560
8.683	530.512
8.693	530.648
8.703	530.723
8.713	532.874
8.723	536.127
8.733	541.476
8.743	496.618
8.753	474.521
8.763	474.709
8.773	475.044
8.783	475.694
8.793	475.208
8.803	475.181
8.813	474.758
8.823	474.133
8.833	473.968
8.843	473.657
8.853	473.347
8.863	473.392
8.873	473.432
8.883	473.232
8.893	473.104
8.903	473.106
8.913	473.066
8.923	473.255
8.933	473.132
8.943	472.997
8.953	473.169
8.963	473.274
8.973	473.267
8.983	473.376
8.993	473.262
9.003	473.470
9.013	473.563
9.023	473.569
9.033	473.833
9.043	473.876
9.053	473.929
9.063	473.922
9.073	474.631
9.083	476.962
9.093	478.685
9.103	484.521
9.113	487.078
9.123	0.000
9.133	0.000
9.143	598.517
9.153	598.581
9.163	598.686
9.173	598.569
9.183	598.440
9.193	598.010
9.203	597.991
9.213	597.815
9.223	597.835
9.233	597.793
9.243	597.625
9.253	597.693
9.263	597.724
9.273	597.698
9.283	597.961
9.293	598.186
9.303	598.431
9.313	598.584
9.323	598.753
9.333	598.725
9.343	598.695
9.353	598.556
9.363	598.604
9.373	598.606
9.383	598.565
9.393	598.582
9.403	598.607
9.413	598.647
9.423	600.139
9.433	603.454
9.443	0.000
9.453	0.000
9.463	0.000
9.473	0.000
9.483	396.850
9.493	397.150
9.503	397.653
9.513	397.604
9.523	397.399
9.533	397.084
9.543	396.747
9.553	395.968
9.563	395.808
9.573	395.025
9.583	394.883
9.593	395.043
9.603	394.947
9.613	394.851
9.623	394.893
9.633	394.952
9.643	394.886
9.653	394.974
9.663	395.082
9.673	395.101
9.683	394.883
9.693	394.853
9.703	394.844
9.713	395.109
9.723	395.123
9.733	394.785
9.743	394.750
9.753	394.689
9.763	394.422
9.773	394.520
9.783	394.562
9.793	394.314
9.803	394.210
9.813	394.456
9.823	394.633
9.833	394.641
9.843	394.682
9.853	394.693
9.863	394.717
9.873	394.614
9.883	394.587
9.893	394.480
9.903	394.570
9.913	394.465
9.923	394.451
9.933	394.490
9.943	394.533
9.953	394.436
9.963	394.380
9.973	394.405
9.983	394.556
9.993	394.679
10.003	394.778
10.013	395.268
10.023	395.490
10.033	395.520
10.043	395.253
10.053	395.028
10.063	395.049
10.073	395.071
10.083	395.029
10.093	395.046
10.103	395.023
10.113	394.996
10.123	395.107
10.133	397.721
10.143	398.663
10.153	403.135
10.163	416.016
10.173	436.082
10.183	440.043
10.193	443.283
10.203	445.501
10.213	446.335
10.223	446.250
10.233	445.676
10.243	445.641
10.253	445.490
10.263	445.137
10.273	444.918
10.283	445.024
10.293	445.033
10.303	444.976
10.313	444.906
10.323	444.870
10.333	444.879
10.343	445.062
10.353	444.919
10.363	444.947
10.373	444.840
10.383	444.713
10.393	444.794
10.403	444.826
10.413	444.971
10.423	445.182
10.433	445.121
10.443	445.248
10.453	445.224
10.463	445.317
10.473	445.354
10.483	445.460
10.493	445.673
10.503	445.433
10.513	445.460
10.523	445.615
10.533	445.671
10.543	445.671
10.553	445.746
10.563	445.803
10.573	445.871
10.583	445.807
10.593	445.926
10.603	445.942
10.613	445.811
10.623	445.882
10.633	445.994
10.643	446.032
10.653	445.949
10.663	445.789
10.673	445.906
10.683	445.930
10.693	446.096
10.703	446.096
10.713	446.098
10.723	446.159
10.733	446.129
10.743	446.257
10.753	446.368
10.763	446.419
10.773	446.508
10.783	446.591
10.793	446.533
10.803	446.560
10.813	446.640
10.823	446.670
10.833	446.873
10.843	452.146
10.853	459.027
10.863	460.532
10.873	459.447
10.883	0.000
10.893	0.000
10.903	528.473
10.913	529.209
10.923	529.592
10.933	529.744
10.943	529.923
10.953	529.698
10.963	529.453
10.973	529.588
10.983	529.281
10.993	529.182
11.003	529.385
11.013	529.286
11.023	529.209
11.033	529.240
11.043	529.108
11.053	529.162
11.063	529.121
11.073	529.114
11.083	528.929
11.093	528.931
11.103	528.916
11.113	528.922
11.123	528.918
11.133	528.972
11.143	528.957
11.153	528.943
11.163	529.085
11.173	529.035
11.183	529.060
11.193	528.982
11.203	529.137
11.213	529.267
11.223	529.290
11.233	529.400
11.243	529.324
11.253	529.394
11.263	529.530
11.273	529.343
11.283	529.152
11.293	529.065
11.303	529.089
11.313	529.518
11.323	529.570
11.333	529.519
11.343	529.483
11.353	529.349
11.363	529.330
11.373	529.506
11.383	529.283
11.393	529.341
11.403	529.334
11.413	529.125
11.423	529.200
11.433	529.151
11.443	529.186
11.453	529.252
11.463	529.051
11.473	529.190
11.483	529.100
11.493	529.056
11.503	529.151
11.513	528.940
11.523	529.027
11.533	529.158
11.543	529.091
11.553	529.211
11.563	529.266
11.573	529.070
11.583	529.218
11.593	529.213
11.603	529.157
11.613	529.162
11.623	529.215
11.633	529.085
11.643	529.141
11.653	529.261
11.663	529.170
11.673	529.115
11.683	529.169
11.693	529.200
11.703	529.222
11.713	529.036
11.723	529.110
11.733	529.103
11.743	529.114
11.753	529.250
11.763	529.095
11.773	529.149
11.783	529.455
11.793	529.091
11.803	529.108
11.813	529.153
11.823	529.188
11.833	529.376
11.843	529.521
11.853	529.494
11.863	529.633
11.873	529.610
11.883	529.206
11.893	529.127
11.903	529.175
11.913	529.205
11.923	529.315
11.933	529.464
11.943	529.542
11.953	529.684
11.963	529.785
11.973	529.777
11.983	529.765
11.993	529.796
12.003	529.656
12.013	529.673
12.023	529.653
12.033	529.317
12.043	529.545
12.053	529.493
12.063	529.583
12.073	529.821
12.083	529.615
12.093	529.513
12.103	529.478
12.113	529.364
12.123	529.398
12.133	529.439
12.143	529.686
12.153	529.792
12.163	529.717
12.173	529.637
12.183	529.657
12.193	529.394
12.203	529.560
12.213	529.583
12.223	529.595
12.233	529.651
12.243	529.624
12.253	529.585
12.263	529.655
12.273	529.615
12.283	529.829
12.293	529.785
12.303	529.809
12.313	529.689
12.323	529.585
12.333	529.681
12.343	529.632
12.353	529.556
12.363	529.533
12.373	529.710
12.383	529.721
12.393	529.742
12.403	529.797
12.413	529.743
12.423	529.730
12.433	529.740
12.443	529.738
12.453	529.645
12.463	529.642
12.473	529.743
12.483	529.792
12.493	529.839
12.503	529.767
12.513	530.030
12.523	529.741
12.533	529.978
12.543	530.085
12.553	529.985
12.563	530.027
12.573	530.035
12.583	529.755
12.593	529.891
12.603	529.909
12.613	529.992
12.623	530.061
12.633	530.180
12.643	530.333
12.653	530.324
12.663	530.314
12.673	530.339
12.683	530.379
12.693	530.340
12.703	530.235
12.713	530.196
12.723	530.189
12.733	530.115
12.743	530.202
12.753	530.312
12.763	530.420
12.773	530.389
12.783	530.389
12.793	530.437
12.803	530.352
12.813	530.233
12.823	530.170
12.833	530.204
12.843	530.140
12.853	530.220
12.863	530.292
12.873	530.350
12.883	530.241
12.893	530.362
12.903	530.338
12.913	530.283
12.923	530.398
12.933	530.378
12.943	530.460
12.953	530.450
12.963	530.439
12.973	530.368
12.983	530.316
12.993	530.262
13.003	530.196
13.013	530.277
13.023	530.290
13.033	530.208
13.043	530.302
13.053	530.370
13.063	530.371
13.073	530.480
13.083	530.605
13.093	530.578
13.103	530.550
13.113	530.691
13.123	530.630
13.133	530.501
13.143	530.523
13.153	530.263
13.163	530.303
13.173	530.324
13.183	530.323
13.193	530.261
13.203	530.245
13.213	529.978
13.223	529.919
13.233	529.707
13.243	529.683
13.253	529.680
13.263	530.101
13.273	529.980
13.283	530.191
13.293	530.233
13.303	530.123
13.313	530.180
13.323	530.230
13.333	530.116
13.343	529.949
13.353	529.999
13.363	530.048
13.373	530.010
13.383	530.061
13.393	529.985
13.403	529.755
13.413	529.783
13.423	529.423
13.433	529.308
13.443	529.331
13.453	529.364
13.463	529.357
13.473	529.836
13.483	530.055
13.493	530.156
13.503	530.347
13.513	530.426
13.523	530.575
13.533	530.379
13.543	530.443
13.553	530.319
13.563	530.223
13.573	530.096
13.583	530.043
13.593	529.856
13.603	529.904
13.613	529.940
13.623	530.335
13.633	530.356
13.643	530.041
13.653	530.011
13.663	530.244
13.673	530.248
13.683	532.478
13.693	535.673
13.703	540.372
13.713	542.137
13.723	541.739
13.733	530.763
13.743	529.564
13.753	530.292
13.763	530.988
13.773	530.830
13.783	531.066
13.793	530.579
13.803	530.026
13.813	530.201
13.823	530.139
13.833	529.759
13.843	529.919
13.853	530.172
13.863	529.993
13.873	530.025
13.883	530.358
13.893	530.409
13.903	530.123
13.913	530.262
13.923	530.197
13.933	529.894
13.943	530.176
13.953	530.268
13.963	530.178
13.973	530.384
13.983	530.264
13.993	530.576
14.003	530.748
14.013	530.305
14.023	530.058
14.033	530.335
14.043	530.215
14.053	530.422
14.063	530.177
14.073	530.464
14.083	530.297
14.093	530.324
14.103	530.232
14.113	530.466
14.123	530.411
14.133	530.633
14.143	530.550
14.153	530.351
14.163	530.322
14.173	530.296
14.183	530.292
14.193	530.099
14.203	530.349
14.213	530.192
14.223	530.265
14.233	530.472
14.243	530.337
14.253	530.428
14.263	530.547
14.273	530.547
14.283	530.425
14.293	530.557
14.303	530.639
14.313	530.589
14.323	530.381
14.333	530.756
14.343	530.896
14.353	530.642
14.363	530.608
14.373	530.836
14.383	530.492
14.393	530.630
14.403	530.528
14.413	530.748
14.423	530.900
14.433	530.880
14.443	530.838
14.453	530.818
14.463	530.834
14.473	530.716
14.483	530.684
14.493	530.543
14.503	530.453
14.513	530.595
14.523	530.976
14.533	531.012
14.543	531.090
14.553	531.041
14.563	530.913
14.573	530.955
14.583	530.883
14.593	530.739
14.603	530.953
14.613	530.909
14.623	530.868
14.633	530.944
14.643	530.872
14.653	530.883
14.663	530.864
14.673	530.774
14.683	530.699
14.693	530.663
14.703	530.531
14.713	530.484
14.723	530.464
14.733	530.541
14.743	530.178
14.753	530.153
14.763	529.922
14.773	529.788
14.783	530.095
14.793	530.294
14.803	530.482
14.813	530.591
14.823	530.555
14.833	530.659
14.843	530.589
14.853	530.715
14.863	530.636
14.873	530.692
14.883	530.790
14.893	530.705
14.903	530.873
14.913	530.983
14.923	530.849
14.933	531.039
14.943	530.439
14.953	530.357
14.963	530.339
14.973	530.316
14.983	530.436
14.993	530.203
15.003	530.286
15.013	529.864
15.023	530.145
15.033	530.568
15.043	530.546
15.053	530.810
15.063	530.743
15.073	530.690
15.083	530.898
15.093	530.691
15.103	530.718
15.113	531.009
15.123	530.795
15.133	530.380
15.143	530.805
15.153	530.862
15.163	531.263
15.173	531.205
15.183	530.894
15.193	530.804
15.203	530.257
15.213	530.366
15.223	530.944
15.233	530.509
15.243	531.148
15.253	531.168
15.263	532.057
15.273	531.059
15.283	530.226
15.293	529.995
15.303	530.343
15.313	529.696
15.323	529.412
15.333	529.829
15.343	531.679
15.353	532.403
15.363	531.428
15.373	532.069
15.383	531.378
15.393	530.695
15.403	530.363
15.413	530.800
15.423	531.431
15.433	530.889
15.443	530.347
15.453	530.991
15.463	531.167
15.473	530.172
15.483	530.663
15.493	532.466
15.503	533.354
15.513	535.180
15.523	533.468
15.533	532.856
15.543	533.776
15.553	532.188
15.563	532.718
15.573	533.864
15.583	532.955
15.593	533.774
15.603	533.476
15.613	536.165
15.623	537.926
15.633	0.000
15.643	0.000
15.653	0.000
15.663	0.000
15.673	0.000
15.683	0.000
15.693	0.000
15.703	0.000
15.713	0.000
15.723	0.000
15.733	0.000
15.743	0.000
15.753	0.000
15.763	0.000
15.773	0.000
15.783	0.000
15.793	0.000
15.803	0.000
15.813	0.000
15.823	0.000
15.833	0.000
15.843	0.000
15.853	0.000
15.863	0.000
15.873	0.000
15.883	0.000
15.893	0.000
15.903	0.000
15.913	0.000
15.923	0.000
15.933	0.000
15.943	0.000
15.953	0.000
15.963	0.000
15.973	0.000
15.983	0.000
15.993	0.000
16.003	0.000
16.013	0.000
16.023	0.000
16.033	0.000
16.043	0.000
16.053	0.000
16.063	0.000
16.073	0.000
16.083	0.000
16.093	0.000
16.103	0.000
16.113	0.000
16.123	0.000
16.133	0.000
16.143	0.000
16.153	0.000
16.163	0.000
16.173	0.000
16.183	0.000
16.193	0.000
16.203	0.000
16.213	0.000
16.223	0.000
16.233	0.000
16.243	0.000
16.253	0.000
16.263	0.000
16.273	0.000
16.283	0.000
16.293	0.000
16.303	0.000
16.313	0.000
16.323	0.000
16.333	0.000
16.343	0.000
16.353	0.000
16.363	0.000
16.373	0.000
16.383	0.000
16.393	0.000
16.403	0.000
16.413	0.000
16.423	0.000
16.433	0.000
16.443	0.000
16.453	0.000
16.463	0.000
16.473	0.000
16.483	0.000
16.493	0.000
16.503	0.000
16.513	0.000
16.523	0.000
16.533	0.000
16.543	0.000
16.553	0.000
16.563	0.000
16.573	0.000
16.583	0.000
16.593	0.000
16.603	0.000
16.613	0.000
16.623	0.000
16.633	0.000
16.643	0.000
16.653	0.000
16.663	0.000
16.673	0.000
16.683	0.000
16.693	0.000
16.703	0.000
16.713	0.000
16.723	0.000
16.733	0.000
16.743	0.000
16.753	0.000
16.763	0.000
16.773	0.000
16.783	0.000
16.793	0.000
16.803	0.000
16.813	0.000
16.823	0.000
16.833	0.000
16.843	0.000
16.853	0.000
16.863	0.000
16.873	0.000
16.883	0.000
16.893	0.000
16.903	0.000
16.913	0.000
16.923	0.000
16.933	0.000
16.943	0.000
16.953	0.000
16.963	0.000
16.973	0.000
16.983	0.000
16.993	0.000
17.003	0.000
17.013	0.000
17.023	0.000
17.033	0.000
17.043	0.000
17.053	0.000
17.063	0.000
17.073	0.000
17.083	0.000
17.093	0.000
17.103	0.000
17.113	0.000
17.123	0.000
17.133	0.000
17.143	0.000
17.153	0.000
17.163	0.000
17.173	0.000
17.183	0.000
17.193	0.000
17.203	0.000
17.213	0.000
17.223	0.000
17.233	0.000
17.243	0.000
17.253	535.546
17.263	537.927
17.273	536.860
17.283	534.067
17.293	533.118
17.303	532.483
17.313	532.076
17.323	532.091
17.333	531.972
17.343	532.296
17.353	531.934
17.363	532.049
17.373	532.274
17.383	532.272
17.393	532.362
17.403	531.969
17.413	532.257
17.423	532.240
17.433	531.860
17.443	531.976
17.453	532.116
17.463	531.484
17.473	531.631
17.483	531.652
17.493	531.956
17.503	531.912
17.513	531.693
17.523	531.684
17.533	531.436
17.543	531.688
17.553	531.618
17.563	531.628
17.573	531.655
17.583	531.808
17.593	531.922
17.603	532.221
17.613	532.444
17.623	532.508
17.633	532.422
17.643	532.395
17.653	532.316
17.663	532.085
17.673	532.077
17.683	531.785
17.693	531.418
17.703	531.127
17.713	531.153
17.723	531.749
17.733	532.237
17.743	532.507
17.753	532.577
17.763	532.746
17.773	532.695
17.783	532.656
17.793	532.550
17.803	532.793
17.813	532.920
17.823	532.499
17.833	532.549
17.843	532.429
17.853	532.954
17.863	532.891
17.873	532.722
17.883	532.379
17.893	532.142
17.903	531.717
17.913	532.792
17.923	535.010
17.933	538.254
17.943	551.879
17.953	565.886
17.963	544.119
17.973	533.033
17.983	533.021
17.993	533.695
18.003	533.709
18.013	533.416
18.023	532.864
18.033	532.572
18.043	532.144
18.053	531.804
18.063	531.693
18.073	531.634
18.083	531.560
18.093	531.378
18.103	531.483
18.113	531.544
18.123	531.476
18.133	531.316
18.143	531.337
18.153	531.289
18.163	531.392
18.173	531.403
18.183	531.571
18.193	531.608
18.203	531.700
18.213	531.666
18.223	531.564
18.233	531.710
18.243	531.827
18.253	531.846
18.263	531.589
18.273	531.803
18.283	532.888
18.293	533.620
18.303	537.996
18.313	532.298
18.323	530.413
18.333	531.010
18.343	531.491
18.353	531.528
18.363	531.700
18.373	531.379
18.383	531.557
18.393	531.130
18.403	531.172
18.413	531.098
18.423	530.723
18.433	530.595
18.443	530.677
18.453	530.628
18.463	530.720
18.473	530.790
18.483	530.737
18.493	530.566
18.503	530.697
18.513	530.789
18.523	530.768
18.533	530.869
18.543	530.948
18.553	531.063
18.563	531.083
18.573	531.240
18.583	531.584
18.593	531.902
18.603	532.137
18.613	532.211
18.623	532.085
18.633	531.890
18.643	531.980
18.653	532.021
18.663	533.561
18.673	536.363
18.683	541.157
18.693	534.697
18.703	545.736
18.713	540.650
18.723	533.711
18.733	532.290
18.743	533.097
18.753	532.751
18.763	532.584
18.773	532.863
18.783	532.455
18.793	531.962
18.803	531.945
18.813	531.332
18.823	531.749
18.833	531.371
18.843	530.979
18.853	530.995
18.863	531.131
18.873	531.058
18.883	531.642
18.893	531.246
18.903	531.353
18.913	531.444
18.923	531.159
18.933	531.268
18.943	530.990
18.953	531.027
18.963	530.720
18.973	531.042
18.983	530.783
18.993	531.021
19.003	530.993
19.013	531.195
19.023	531.099
19.033	530.728
19.043	530.770
19.053	530.706
19.063	530.768
19.073	530.714
19.083	530.844
19.093	530.791
19.103	530.720
19.113	530.747
19.123	530.597
19.133	530.404
19.143	530.570
19.153	530.313
19.163	530.329
19.173	530.505
19.183	530.444
19.193	530.385
19.203	530.255
19.213	530.253
19.223	530.364
19.233	530.412
19.243	530.458
19.253	530.444
19.263	530.451
19.273	530.422
19.283	530.488
19.293	530.426
19.303	530.472
19.313	530.515
19.323	530.654
19.333	530.534
19.343	530.593
19.353	530.529
19.363	530.524
19.373	530.465
19.383	530.480
19.393	530.525
19.403	530.572
19.413	530.764
19.423	530.534
19.433	530.048
19.443	529.831
19.453	529.023
19.463	528.156
19.473	527.658
19.483	527.622
19.493	528.894
19.503	530.003
19.513	530.315
19.523	530.425
19.533	530.198
19.543	530.028
19.553	530.007
19.563	530.012
19.573	529.856
19.583	530.075
19.593	529.892
19.603	529.799
19.613	529.896
19.623	529.805
19.633	529.621
19.643	529.156
19.653	528.682
19.663	528.530
19.673	528.212
19.683	528.676
19.693	528.986
19.703	529.529
19.713	529.519
19.723	529.547
19.733	529.641
19.743	529.672
19.753	529.822
19.763	529.749
19.773	529.834
19.783	529.784
19.793	529.613
19.803	529.618
19.813	529.505
19.823	529.347
19.833	529.442
19.843	530.097
19.853	530.188
19.863	530.290
19.873	530.338
19.883	530.345
19.893	530.527
19.903	530.684
19.913	530.522
19.923	530.699
19.933	530.637
19.943	530.754
19.953	530.654
19.963	533.493
19.973	537.319
19.983	544.113
19.993	0.000
20.003	0.000
20.013	535.140
20.023	532.464
20.033	533.205
20.043	533.411
20.053	533.514
20.063	532.960
20.073	534.906
20.083	533.855
20.093	534.007
20.103	534.042
20.113	533.369
20.123	532.346
20.133	531.780
20.143	531.609
20.153	531.114
20.163	531.265
20.173	531.160
20.183	530.776
20.193	530.991
20.203	530.904
20.213	530.814
20.223	530.681
20.233	530.812
20.243	530.898
20.253	530.449
20.263	530.579
20.273	530.249
20.283	530.423
20.293	530.112
20.303	530.297
20.313	530.384
20.323	530.335
20.333	530.288
20.343	529.989
20.353	529.990
20.363	530.421
20.373	530.307
20.383	530.301
20.393	530.240
20.403	530.335
20.413	530.358
20.423	530.426
20.433	530.676
20.443	530.687
20.453	530.805
20.463	530.878
20.473	530.704
20.483	530.917
20.493	530.900
20.503	530.713
20.513	530.677
20.523	530.596
20.533	530.662
20.543	530.374
20.553	530.887
20.563	530.552
20.573	530.438
20.583	530.741
20.593	530.658
20.603	530.534
20.613	530.258
20.623	530.385
20.633	530.474
20.643	530.645
20.653	532.784
20.663	537.132
20.673	541.548
20.683	0.000
20.693	0.000
20.703	533.713
20.713	532.914
20.723	534.100
20.733	533.660
20.743	533.682
20.753	533.294
20.763	533.663
20.773	533.306
20.783	533.270
20.793	534.003
20.803	532.859
20.813	533.352
20.823	531.512
20.833	531.294
20.843	531.719
20.853	531.301
20.863	531.272
20.873	531.055
20.883	531.325
20.893	530.721
20.903	530.527
20.913	530.838
20.923	530.578
20.933	530.241
20.943	530.303
20.953	530.508
20.963	530.008
20.973	530.118
20.983	530.034
20.993	530.122
21.003	530.041
21.013	529.779
21.023	529.864
21.033	529.924
21.043	529.986
21.053	529.777
21.063	529.678
21.073	529.473
21.083	529.553
21.093	529.594
21.103	529.559
21.113	529.764
21.123	529.843
21.133	529.882
21.143	529.651
21.153	529.466
21.163	529.762
21.173	529.537
21.183	529.602
21.193	529.603
21.203	529.354
21.213	529.368
21.223	529.268
21.233	529.500
21.243	529.497
21.253	529.489
21.263	529.367
21.273	529.370
21.283	529.336
21.293	529.302
21.303	529.359
21.313	529.363
21.323	529.334
21.333	529.327
21.343	529.503
21.353	529.630
21.363	529.954
21.373	530.120
21.383	530.076
21.393	530.176
21.403	530.167
21.413	529.842
21.423	529.618
21.433	529.413
21.443	529.206
21.453	529.685
21.463	529.539
21.473	530.301
21.483	530.568
21.493	530.271
21.503	530.031
21.513	529.596
21.523	529.195
21.533	529.265
21.543	529.255
21.553	529.294
21.563	529.429
21.573	529.336
21.583	529.281
21.593	529.150
21.603	529.090
21.613	528.721
21.623	528.427
21.633	529.232
21.643	529.732
21.653	529.946
21.663	529.858
21.673	529.855
21.683	529.496
21.693	529.438
21.703	529.184
21.713	529.343
21.723	529.111
21.733	529.246
21.743	528.948
21.753	528.856
21.763	525.465
21.773	516.274
21.783	515.531
21.793	0.000
21.803	597.839
21.813	598.011
21.823	597.935
21.833	597.928
21.843	597.748
21.853	597.718
21.863	597.818
21.873	598.219
21.883	598.424
21.893	598.382
21.903	598.544
21.913	598.513
21.923	598.425
21.933	598.402
21.943	598.254
21.953	598.447
21.963	598.481
21.973	599.201
21.983	599.860
21.993	600.165
22.003	600.194
22.013	600.166
22.023	600.427
22.033	601.549
22.043	603.971
22.053	0.000
22.063	0.000
22.073	472.787
22.083	474.207
22.093	475.057
22.103	475.534
22.113	475.297
22.123	475.069
22.133	474.865
22.143	474.966
22.153	474.892
22.163	474.327
22.173	474.308
22.183	473.822
22.193	473.606
22.203	473.321
22.213	473.058
22.223	472.998
22.233	472.707
22.243	472.573
22.253	472.529
22.263	472.376
22.273	472.368
22.283	472.381
22.293	472.463
22.303	472.601
22.313	472.840
22.323	473.318
22.333	474.354
22.343	477.151
22.353	465.891
22.363	450.501
22.373	448.428
22.383	448.088
22.393	447.756
22.403	447.566
22.413	447.302
22.423	446.689
22.433	446.405
22.443	446.257
22.453	446.188
22.463	446.027
22.473	445.853
22.483	445.731
22.493	445.691
22.503	445.757
22.513	445.903
22.523	446.054
22.533	445.940
22.543	445.855
22.553	445.968
22.563	446.154
22.573	446.218
22.583	446.259
22.593	446.315
22.603	446.316
22.613	446.379
22.623	446.394
22.633	446.432
22.643	446.536
22.653	446.558
22.663	446.551
22.673	446.600
22.683	446.688
22.693	446.828
22.703	447.968
22.713	451.075
22.723	452.184
22.733	459.488
22.743	473.113
22.753	473.266
22.763	473.350
22.773	473.911
22.783	474.250
22.793	474.298
22.803	473.948
22.813	473.649
22.823	473.380
22.833	473.386
22.843	473.486
22.853	473.400
22.863	473.381
22.873	473.180
22.883	473.023
22.893	472.664
22.903	472.298
22.913	472.173
22.923	472.066
22.933	471.868
22.943	471.753
22.953	471.850
22.963	471.957
22.973	471.986
22.983	471.888
22.993	471.761
23.003	471.762
23.013	471.856
23.023	471.759
23.033	471.559
23.043	471.405
23.053	471.465
23.063	471.344
23.073	471.405
23.083	471.469
23.093	471.555
23.103	471.752
23.113	471.666
23.123	471.705
23.133	471.734
23.143	471.739
23.153	471.691
23.163	471.618
23.173	471.582
23.183	471.541
23.193	471.503
23.203	471.593
23.213	471.672
23.223	471.656
23.233	471.647
23.243	471.583
23.253	471.638
23.263	471.581
23.273	471.549
23.283	471.446
23.293	471.326
23.303	471.339
23.313	471.288
23.323	471.305
23.333	471.295
23.343	471.305
23.353	471.236
23.363	471.292
23.373	471.303
23.383	471.353
23.393	471.388
23.403	471.380
23.413	471.361
23.423	471.346
23.433	471.336
23.443	471.225
23.453	471.145
23.463	470.955
23.473	470.615
23.483	470.405
23.493	469.823
23.503	469.365
23.513	469.399
23.523	470.404
23.533	471.398
23.543	471.715
23.553	471.709
23.563	471.734
23.573	471.855
23.583	471.768
23.593	471.779
23.603	471.777
23.613	471.619
23.623	471.489
23.633	471.299
23.643	471.459
23.653	471.924
23.663	472.056
23.673	472.971
23.683	476.940
23.693	485.614
23.703	523.525
23.713	527.015
23.723	527.243
23.733	527.519
23.743	526.944
23.753	526.875
23.763	527.098
23.773	527.149
23.783	527.070
23.793	527.204
23.803	527.423
23.813	527.229
23.823	527.291
23.833	527.438
23.843	527.566
23.853	527.652
23.863	528.080
23.873	528.093
23.883	528.225
23.893	528.413
23.903	528.461
23.913	528.523
23.923	528.536
23.933	528.430
23.943	528.417
23.953	528.480
23.963	528.516
23.973	529.258
23.983	530.366
23.993	532.489
24.003	535.677
24.013	536.287
24.023	540.128
24.033	597.095
24.043	596.113
24.053	595.402
24.063	595.265
24.073	595.559
24.083	595.548
24.093	595.462
24.103	595.241
24.113	595.152
24.123	595.039
24.133	594.698
24.143	594.365
24.153	594.103
24.163	593.856
24.173	593.624
24.183	593.630
24.193	593.913
24.203	593.796
24.213	593.944
24.223	593.970
24.233	593.859
24.243	593.947
24.253	594.035
24.263	594.219
24.273	594.325
24.283	594.232
24.293	594.548
24.303	594.649
24.313	594.719
24.323	594.637
24.333	594.659
24.343	594.700
24.353	594.618
24.363	594.425
24.373	594.746
24.383	594.683
24.393	594.460
24.403	594.341
24.413	594.272
24.423	594.525
24.433	594.601
24.443	594.692
24.453	594.792
24.463	594.754
24.473	594.928
24.483	595.010
24.493	595.060
24.503	594.848
24.513	594.726
24.523	594.801
24.533	594.750
24.543	594.663
24.553	594.899
24.563	594.713
24.573	594.817
24.583	594.815
24.593	594.594
24.603	594.650
24.613	594.572
24.623	594.680
24.633	594.616
24.643	594.621
24.653	594.700
24.663	594.752
24.673	594.726
24.683	594.654
24.693	594.461
24.703	594.492
24.713	594.480
24.723	594.468
24.733	594.859
24.743	594.692
24.753	594.647
24.763	594.717
24.773	594.633
24.783	594.773
24.793	594.750
24.803	594.763
24.813	594.795
24.823	594.849
24.833	594.935
24.843	594.921
24.853	594.915
24.863	595.070
24.873	595.031
24.883	595.030
24.893	595.082
24.903	595.016
24.913	594.997
24.923	595.021
24.933	594.911
24.943	594.768
24.953	594.656
24.963	594.710
24.973	594.526
24.983	594.444
24.993	594.488
25.003	594.452
25.013	594.513
25.023	594.593
25.033	594.494
25.043	594.731
25.053	594.707
25.063	594.665
25.073	594.755
25.083	594.767
25.093	594.772
25.103	594.832
25.113	594.869
25.123	594.889
25.133	594.936
25.143	594.990
25.153	595.005
25.163	595.086
25.173	595.089
25.183	595.170
25.193	595.201
25.203	595.242
25.213	595.099
25.223	594.942
25.233	594.408
25.243	593.764
25.253	593.487
25.263	592.824
25.273	592.537
25.283	592.334
25.293	592.590
25.303	593.782
25.313	594.733
25.323	595.018
25.333	595.270
25.343	595.378
25.353	595.403
25.363	595.429
25.373	595.490
25.383	595.476
25.393	595.410
25.403	595.593
25.413	595.408
25.423	595.421
25.433	595.434
25.443	595.287
25.453	594.925
25.463	594.817
25.473	594.439
25.483	594.063
25.493	593.920
25.503	594.249
25.513	595.072
25.523	595.736
25.533	595.968
25.543	596.145
25.553	596.175
25.563	596.266
25.573	596.289
25.583	596.295
25.593	596.469
25.603	596.370
25.613	596.324
25.623	595.984
25.633	595.629
25.643	595.368
25.653	595.036
25.663	595.094
25.673	595.689
25.683	595.924
25.693	596.102
25.703	596.152
25.713	596.145
25.723	596.043
25.733	596.178
25.743	596.239
25.753	596.166
25.763	596.025
25.773	595.829
25.783	595.450
25.793	595.403
25.803	595.405
25.813	596.255
25.823	596.507
25.833	596.804
25.843	596.876
25.853	596.887
25.863	596.805
25.873	596.760
25.883	596.945
25.893	596.901
25.903	596.975
25.913	596.967
25.923	598.145
25.933	599.042
25.943	604.389
25.953	603.429
25.963	597.325
25.973	596.226
25.983	595.995
25.993	596.338
26.003	596.382
26.013	596.349
26.023	596.058
26.033	595.800
26.043	595.885
26.053	595.452
26.063	595.472
26.073	595.325
26.083	595.109
26.093	595.183
26.103	595.436
26.113	595.669
26.123	595.678
26.133	595.513
26.143	595.642
26.153	595.918
26.163	596.093
26.173	596.322
26.183	596.308
26.193	596.266
26.203	596.240
26.213	596.374
26.223	596.334
26.233	596.368
26.243	596.397
26.253	596.368
26.263	596.351
26.273	596.265
26.283	596.278
26.293	596.347
26.303	596.317
26.313	596.266
26.323	596.323
26.333	596.351
26.343	596.399
26.353	596.351
26.363	596.364
26.373	596.352
26.383	596.362
26.393	596.395
26.403	596.337
26.413	596.382
26.423	596.393
26.433	596.309
26.443	596.390
26.453	596.342
26.463	596.283
26.473	596.364
26.483	596.447
26.493	596.544
26.503	596.721
26.513	596.800
26.523	596.983
26.533	597.152
26.543	597.278
26.553	597.414
26.563	598.479
26.573	601.490
26.583	601.946
26.593	605.112
26.603	595.309
26.613	595.895
26.623	596.469
26.633	597.337
26.643	597.344
26.653	596.952
26.663	596.367
26.673	596.244
26.683	596.140
26.693	596.091
26.703	596.075
26.713	596.524
26.723	596.056
26.733	596.180
26.743	596.417
26.753	596.504
26.763	596.728
26.773	596.950
26.783	597.109
26.793	597.196
26.803	597.349
26.813	597.184
26.823	597.026
26.833	597.031
26.843	596.861
26.853	596.683
26.863	596.803
26.873	596.674
26.883	596.609
26.893	596.483
26.903	596.424
26.913	596.287
26.923	596.347
26.933	596.347
26.943	596.234
26.953	596.255
26.963	596.380
26.973	596.366
26.983	596.416
26.993	596.137
27.003	596.041
27.013	596.126
27.023	595.991
27.033	595.987
27.043	595.979
27.053	595.925
27.063	595.815
27.073	595.938
27.083	595.853
27.093	595.825
27.103	595.589
27.113	595.450
27.123	595.528
27.133	595.430
27.143	595.527
27.153	595.532
27.163	595.553
27.173	595.421
27.183	595.383
27.193	595.284
27.203	595.258
27.213	595.154
27.223	595.146
27.233	595.055
27.243	594.889
27.253	594.769
27.263	594.669
27.273	594.621
27.283	594.662
27.293	594.657
27.303	594.553
27.313	594.700
27.323	594.664
27.333	594.833
27.343	594.835
27.353	594.960
27.363	595.018
27.373	595.127
27.383	595.215
27.393	595.448
27.403	595.400
27.413	595.405
27.423	595.174
27.433	594.762
27.443	594.558
27.453	593.944
27.463	593.416
27.473	592.893
27.483	592.765
27.493	593.383
27.503	594.742
27.513	595.630
27.523	595.787
27.533	595.948
27.543	596.074
27.553	596.138
27.563	596.236
27.573	596.351
27.583	596.363
27.593	596.367
27.603	596.222
27.613	595.833
27.623	595.546
27.633	595.052
27.643	594.652
27.653	594.588
27.663	594.651
27.673	595.522
27.683	596.335
27.693	596.786
27.703	596.808
27.713	597.004
27.723	597.088
27.733	597.049
27.743	596.861
27.753	596.331
27.763	595.566
27.773	595.342
27.783	595.080
27.793	595.863
27.803	597.148
27.813	597.500
27.823	597.919
27.833	598.128
27.843	598.196
27.853	598.285
27.863	598.342
27.873	598.712
27.883	598.939
27.893	601.437
27.903	616.910
27.913	0.000
27.923	539.133
27.933	530.054
27.943	530.987
27.953	531.443
27.963	531.751
27.973	531.391
27.983	531.017
27.993	530.785
28.003	529.849
28.013	530.007
28.023	529.782
28.033	530.260
28.043	530.093
28.053	530.048
28.063	529.998
28.073	529.876
28.083	529.821
28.093	529.995
28.103	529.879
28.113	529.753
28.123	529.435
28.133	529.584
28.143	529.446
28.153	529.568
28.163	529.903
28.173	530.085
28.183	530.137
28.193	530.116
28.203	530.078
28.213	530.019
28.223	530.003
28.233	529.825
28.243	529.666
28.253	529.870
28.263	529.530
28.273	529.716
28.283	529.605
28.293	529.687
28.303	529.850
28.313	529.794
28.323	529.856
28.333	529.790
28.343	529.770
28.353	529.540
28.363	529.594
28.373	529.510
28.383	529.415
28.393	529.344
28.403	529.256
28.413	529.279
28.423	529.213
28.433	529.293
28.443	529.583
28.453	529.603
28.463	529.571
28.473	529.379
28.483	529.445
28.493	529.283
28.503	529.339
28.513	529.371
28.523	529.328
28.533	529.384
28.543	529.432
28.553	529.443
28.563	529.527
28.573	529.566
28.583	529.524
28.593	529.412
28.603	529.510
28.613	529.658
28.623	529.850
28.633	529.917
28.643	530.066
28.653	530.309
28.663	530.609
28.673	530.561
28.683	530.374
28.693	530.148
28.703	530.137
28.713	530.110
28.723	530.395
28.733	530.074
28.743	530.151
28.753	529.990
28.763	529.844
28.773	529.839
28.783	529.807
28.793	529.932
28.803	529.828
28.813	529.794
28.823	529.650
28.833	529.323
28.843	529.456
28.853	529.361
28.863	529.705
28.873	529.795
28.883	529.708
28.893	529.671
28.903	529.577
28.913	529.629
28.923	529.706
28.933	529.446
28.943	529.105
28.953	529.153
28.963	528.884
28.973	529.198
28.983	529.670
28.993	529.597
29.003	529.995
29.013	529.893
29.023	530.333
29.033	530.482
29.043	530.375
29.053	530.363
29.063	530.080
29.073	530.372
29.083	530.165
29.093	529.943
29.103	529.777
29.113	529.996
29.123	529.401
29.133	528.925
29.143	529.279
29.153	529.481
29.163	533.315
29.173	0.000
29.183	0.000
29.193	470.294
29.203	471.607
29.213	472.211
29.223	473.563
29.233	474.383
29.243	474.001
29.253	473.491
29.263	473.025
29.273	472.707
29.283	472.801
29.293	473.158
29.303	473.028
29.313	472.878
29.323	472.969
29.333	473.042
29.343	473.030
29.353	472.921
29.363	473.053
29.373	472.812
29.383	472.635
29.393	472.836
29.403	472.729
29.413	472.685
29.423	472.478
29.433	472.467
29.443	472.558
29.453	472.548
29.463	472.544
29.473	472.376
29.483	472.592
29.493	472.655
29.503	472.506
29.513	472.399
29.523	472.169
29.533	472.179
29.543	472.217
29.553	472.208
29.563	472.503
29.573	472.351
29.583	472.400
29.593	472.552
29.603	472.495
29.613	472.483
29.623	472.570
29.633	472.578
29.643	472.577
29.653	472.641
29.663	472.717
29.673	472.649
29.683	472.736
29.693	472.893
29.703	473.001
29.713	472.949
29.723	472.947
29.733	472.955
29.743	472.869
29.753	472.810
29.763	472.822
29.773	472.804
29.783	472.757
29.793	472.809
29.803	472.555
29.813	472.318
29.823	472.005
29.833	472.022
29.843	469.162
29.853	471.032
29.863	471.843
29.873	472.950
29.883	473.276
29.893	473.332
29.903	473.323
29.913	473.158
29.923	472.998
29.933	473.283
29.943	473.211
29.953	473.213
29.963	473.081
29.973	472.882
29.983	472.472
29.993	472.399
30.003	472.303
30.013	472.325
30.023	472.364
30.033	472.335
30.043	472.381
30.053	472.313
30.063	472.222
30.073	472.207
30.083	472.033
30.093	472.032
30.103	471.932
30.113	471.848
30.123	471.861
30.133	471.928
30.143	471.994
30.153	471.930
30.163	471.966
30.173	472.050
30.183	472.169
30.193	472.211
30.203	472.348
30.213	472.348
30.223	472.343
30.233	471.951
30.243	471.466
30.253	470.659
30.263	470.325
30.273	470.723
30.283	471.906
30.293	472.294
30.303	472.386
30.313	472.510
30.323	472.373
30.333	472.365
30.343	472.196
30.353	472.110
30.363	471.804
30.373	471.685
30.383	470.831
30.393	470.725
30.403	471.123
30.413	472.248
30.423	472.793
30.433	472.947
30.443	472.958
30.453	473.140
30.463	474.039
30.473	473.649
30.483	471.473
30.493	460.415
30.503	446.921
30.513	447.493
30.523	448.336
30.533	447.960
30.543	447.229
30.553	446.881
30.563	446.456
30.573	446.331
30.583	446.090
30.593	446.074
30.603	446.089
30.613	445.841
30.623	445.756
30.633	445.631
30.643	445.435
30.653	445.449
30.663	445.373
30.673	445.277
30.683	445.375
30.693	445.332
30.703	445.419
30.713	445.466
30.723	445.420
30.733	445.567
30.743	445.452
30.753	445.523
30.763	445.405
30.773	445.204
30.783	445.245
30.793	445.217
30.803	445.319
30.813	445.377
30.823	445.420
30.833	445.379
30.843	445.453
30.853	445.530
30.863	445.571
30.873	445.593
30.883	445.659
30.893	445.730
30.903	445.750
30.913	445.704
30.923	445.701
30.933	445.589
30.943	445.625
30.953	445.624
30.963	445.672
30.973	445.745
30.983	445.710
30.993	445.685
31.003	445.663
31.013	445.726
31.023	445.817
31.033	445.888
31.043	445.997
31.053	446.048
31.063	446.918
31.073	449.762
31.083	453.802
31.093	454.894
31.103	448.563
31.113	446.451
31.123	446.722
31.133	446.821
31.143	446.399
31.153	446.248
31.163	445.803
31.173	445.745
31.183	445.705
31.193	445.570
31.203	445.591
31.213	445.645
31.223	445.730
31.233	445.637
31.243	445.522
31.253	445.373
31.263	445.366
31.273	445.356
31.283	445.402
31.293	445.474
31.303	445.418
31.313	445.484
31.323	445.468
31.333	445.408
31.343	445.358
31.353	445.334
31.363	445.328
31.373	445.361
31.383	445.485
31.393	445.424
31.403	445.404
31.413	445.363
31.423	445.419
31.433	445.577
31.443	445.710
31.453	445.787
31.463	445.900
31.473	446.118
31.483	446.195
31.493	446.257
31.503	446.271
31.513	446.225
31.523	446.131
31.533	446.205
31.543	446.237
31.553	446.253
31.563	446.277
31.573	446.185
31.583	446.074
31.593	446.073
31.603	445.820
31.613	445.363
31.623	444.987
31.633	444.802
31.643	444.903
31.653	445.734
31.663	446.108
31.673	446.374
31.683	446.393
31.693	446.374
31.703	446.506
31.713	446.361
31.723	446.258
31.733	446.290
31.743	446.363
31.753	446.485
31.763	446.691
31.773	447.116
31.783	449.591
31.793	454.788
31.803	453.066
31.813	448.130
31.823	443.890
31.833	445.895
31.843	446.755
31.853	447.511
31.863	447.449
31.873	447.200
31.883	447.026
31.893	446.791
31.903	447.011
31.913	447.135
31.923	446.767
31.933	446.307
31.943	446.193
31.953	446.186
31.963	446.005
31.973	445.990
31.983	445.974
31.993	445.898
32.003	446.049
32.013	446.163
32.023	446.091
32.033	446.188
32.043	446.010
32.053	445.749
32.063	445.940
32.073	445.852
32.083	445.775
32.093	445.864
32.103	445.926
32.113	446.099
32.123	446.290
32.133	446.301
32.143	446.459
32.153	446.372
32.163	446.274
32.173	446.454
32.183	446.395
32.193	446.435
32.203	446.427
32.213	446.350
32.223	446.199
32.233	446.289
32.243	446.252
32.253	446.215
32.263	446.279
32.273	446.221
32.283	446.168
32.293	446.168
32.303	446.347
32.313	446.306
32.323	446.338
32.333	446.181
32.343	446.109
32.353	446.140
32.363	446.173
32.373	446.101
32.383	446.119
32.393	446.192
32.403	446.461
32.413	446.462
32.423	446.390
32.433	446.436
32.443	446.623
32.453	446.650
32.463	446.538
32.473	446.369
32.483	446.083
32.493	446.148
32.503	446.284
32.513	446.294
32.523	446.371
32.533	446.406
32.543	446.413
32.553	446.512
32.563	446.584
32.573	446.629
32.583	446.445
32.593	446.519
32.603	446.533
32.613	446.513
32.623	446.357
32.633	446.320
32.643	446.436
32.653	446.580
32.663	446.619
32.673	446.669
32.683	446.579
32.693	446.586
32.703	446.643
32.713	446.661
32.723	446.780
32.733	446.767
32.743	446.692
32.753	446.557
32.763	446.335
32.773	446.239
32.783	446.137
32.793	446.285
32.803	446.493
32.813	446.548
32.823	446.567
32.833	446.581
32.843	446.496
32.853	446.439
32.863	446.431
32.873	446.471
32.883	446.406
32.893	446.407
32.903	446.389
32.913	446.469
32.923	446.551
32.933	446.600
32.943	446.574
32.953	446.515
32.963	446.508
32.973	446.526
32.983	446.416
32.993	446.356
33.003	446.378
33.013	446.430
33.023	446.396
33.033	446.415
33.043	446.316
33.053	446.238
33.063	446.376
33.073	446.427
33.083	446.495
33.093	446.540
33.103	446.536
33.113	446.467
33.123	446.334
33.133	446.286
33.143	446.287
33.153	446.268
33.163	446.421
33.173	446.406
33.183	446.345
33.193	446.372
33.203	446.582
33.213	446.638
33.223	446.506
33.233	446.519
33.243	446.616
33.253	446.674
33.263	446.673
33.273	446.600
33.283	446.537
33.293	446.519
33.303	446.429
33.313	446.512
33.323	446.507
33.333	446.405
33.343	446.322
33.353	446.334
33.363	446.358
33.373	446.414
33.383	446.448
33.393	446.445
33.403	446.454
33.413	446.416
33.423	446.458
33.433	446.409
33.443	446.339
33.453	446.290
33.463	446.413
33.473	446.357
33.483	446.457
33.493	446.525
33.503	446.550
33.513	446.510
33.523	446.489
33.533	446.553
33.543	446.508
33.553	446.466
33.563	446.402
33.573	446.442
33.583	446.360
33.593	446.405
33.603	446.408
33.613	446.423
33.623	446.580
33.633	446.645
33.643	446.636
33.653	446.588
33.663	446.462
33.673	446.364
33.683	446.309
33.693	446.271
33.703	446.405
33.713	446.458
33.723	446.486
33.733	446.588
33.743	446.560
33.753	446.578
33.763	446.489
33.773	446.501
33.783	446.540
33.793	446.580
33.803	446.585
33.813	446.602
33.823	446.532
33.833	446.590
33.843	446.686
33.853	446.671
33.863	446.650
33.873	446.591
33.883	446.527
33.893	446.437
33.903	446.484
33.913	446.536
33.923	446.602
33.933	446.593
33.943	446.501
33.953	446.354
33.963	446.148
33.973	446.018
33.983	445.853
33.993	445.831
34.003	445.925
34.013	445.900
34.023	445.786
34.033	445.930
34.043	446.100
34.053	446.406
34.063	446.613
34.073	446.652
34.083	446.614
34.093	446.555
34.103	446.480
34.113	446.530
34.123	446.346
34.133	446.311
34.143	446.259
34.153	446.296
34.163	446.390
34.173	446.564
34.183	446.612
34.193	446.532
34.203	446.294
34.213	446.025
34.223	445.958
34.233	445.853
34.243	445.836
34.253	446.137
34.263	446.534
34.273	446.690
34.283	446.569
34.293	446.656
34.303	446.616
34.313	446.517
34.323	446.477
34.333	446.455
34.343	446.283
34.353	446.355
34.363	446.462
34.373	446.437
34.383	446.411
34.393	446.410
34.403	446.435
34.413	446.493
34.423	446.657
34.433	446.766
34.443	446.750
34.453	446.783
34.463	446.644
34.473	446.391
34.483	446.373
34.493	446.370
34.503	446.346
34.513	446.364
34.523	446.522
34.533	446.696
34.543	446.849
34.553	446.786
34.563	446.722
34.573	446.587
34.583	446.484
34.593	446.533
34.603	446.626
34.613	446.643
34.623	446.661
34.633	446.803
34.643	448.590
34.653	453.123
34.663	450.027
34.673	448.975
34.683	448.333
34.693	447.421
34.703	448.266
34.713	448.179
34.723	447.652
34.733	447.394
34.743	446.964
34.753	446.822
34.763	446.833
34.773	446.675
34.783	446.376
34.793	446.249
34.803	446.174
34.813	446.100
34.823	445.839
34.833	445.727
34.843	445.694
34.853	445.997
34.863	446.195
34.873	446.182
34.883	446.116
34.893	446.003
34.903	445.967
34.913	446.034
34.923	446.081
34.933	445.980
34.943	445.950
34.953	445.855
34.963	445.807
34.973	445.963
34.983	445.892
34.993	445.961
35.003	446.066
35.013	446.121
35.023	446.155
35.033	446.206
35.043	446.093
35.053	446.183
35.063	446.183
35.073	446.008
35.083	446.034
35.093	445.948
35.103	446.169
35.113	446.116
35.123	446.162
35.133	446.172
35.143	446.187
35.153	446.162
35.163	446.242
35.173	446.110
35.183	446.234
35.193	446.198
35.203	446.199
35.213	446.138
35.223	446.079
35.233	446.071
35.243	446.078
35.253	446.069
35.263	446.072
35.273	446.018
35.283	446.155
35.293	446.161
35.303	446.157
35.313	445.929
35.323	445.724
35.333	445.771
35.343	445.859
35.353	445.850
35.363	445.887
35.373	445.833
35.383	445.792
35.393	445.803
35.403	445.800
35.413	445.801
35.423	445.835
35.433	445.944
35.443	445.957
35.453	445.918
35.463	445.859
35.473	445.865
35.483	445.880
35.493	445.931
35.503	445.897
35.513	445.695
35.523	445.682
35.533	445.817
35.543	445.943
35.553	446.001
35.563	446.005
35.573	446.149
35.583	446.113
35.593	446.060
35.603	445.956
35.613	445.826
35.623	445.907
35.633	445.918
35.643	445.944
35.653	445.973
35.663	445.989
35.673	445.973
35.683	445.979
35.693	446.009
35.703	446.103
35.713	446.121
35.723	446.015
35.733	445.919
35.743	445.969
35.753	446.059
35.763	446.092
35.773	446.081
35.783	446.129
35.793	446.157
35.803	446.036
35.813	446.043
35.823	446.094
35.833	446.238
35.843	446.334
35.853	446.352
35.863	446.264
35.873	446.258
35.883	446.317
35.893	446.328
35.903	446.290
35.913	446.246
35.923	446.207
35.933	446.186
35.943	446.280
35.953	446.249
35.963	446.363
35.973	446.333
35.983	446.254
35.993	446.214
36.003	446.167
36.013	446.326
36.023	446.398
36.033	446.388
36.043	446.331
36.053	446.266
36.063	446.315
36.073	446.297
36.083	446.317
36.093	446.412
36.103	446.351
36.113	446.416
36.123	446.463
36.133	446.519
36.143	446.575
36.153	446.461
36.163	446.351
36.173	446.395
36.183	446.428
36.193	446.381
36.203	446.295
36.213	446.299
36.223	446.311
36.233	446.331
36.243	446.361
36.253	446.340
36.263	446.294
36.273	446.281
36.283	446.265
36.293	446.266
36.303	446.319
36.313	446.330
36.323	446.287
36.333	446.317
36.343	446.418
36.353	446.441
36.363	446.447
36.373	446.487
36.383	446.503
36.393	446.581
36.403	446.553
36.413	446.543
36.423	446.521
36.433	446.458
36.443	446.531
36.453	446.547
36.463	446.568
36.473	446.572
36.483	446.580
36.493	446.596
36.503	446.590
36.513	446.510
36.523	446.505
36.533	446.430
36.543	446.539
36.553	446.478
36.563	446.332
36.573	446.341
36.583	446.261
36.593	446.249
36.603	446.243
36.613	446.236
36.623	446.033
36.633	445.835
36.643	445.825
36.653	445.764
36.663	445.736
36.673	445.871
36.683	446.139
36.693	446.443
36.703	446.602
36.713	446.591
36.723	446.546
36.733	446.518
36.743	446.430
36.753	446.355
36.763	446.232
36.773	446.198
36.783	446.130
36.793	446.198
36.803	446.260
36.813	446.258
36.823	446.228
36.833	446.143
36.843	446.153
36.853	446.131
36.863	446.048
36.873	446.027
36.883	445.856
36.893	445.717
36.903	445.578
36.913	445.576
36.923	445.733
36.933	445.989
36.943	446.033
36.953	446.115
36.963	446.104
36.973	446.178
36.983	446.110
36.993	446.009
37.003	445.848
37.013	445.764
37.023	445.725
37.033	445.864
37.043	445.900
37.053	445.776
37.063	445.625
37.073	445.628
37.083	445.586
37.093	445.959
37.103	445.981
37.113	445.877
37.123	445.782
37.133	445.554
37.143	445.526
37.153	445.200
37.163	444.899
37.173	444.831
37.183	445.157
37.193	445.706
37.203	446.127
37.213	446.272
37.223	446.233
37.233	446.168
37.243	446.084
37.253	445.825
37.263	445.903
37.273	446.226
37.283	446.133
37.293	446.160
37.303	446.074
37.313	446.059
37.323	445.974
37.333	445.969
37.343	446.125
37.353	446.231
37.363	446.060
37.373	445.782
37.383	445.856
37.393	445.990
37.403	446.022
37.413	446.142
37.423	446.055
37.433	445.977
37.443	445.939
37.453	445.824
37.463	445.914
37.473	445.813
37.483	446.119
37.493	446.007
37.503	445.976
37.513	445.889
37.523	445.971
37.533	446.088
37.543	446.165
37.553	446.095
37.563	446.150
37.573	446.306
37.583	446.162
37.593	446.179
37.603	446.003
37.613	446.178
37.623	446.187
37.633	445.914
37.643	445.947
37.653	446.173
37.663	446.364
37.673	446.162
37.683	446.173
37.693	446.047
37.703	446.252
37.713	446.058
37.723	445.970
37.733	446.088
37.743	446.155
37.753	445.989
37.763	446.184
37.773	446.217
37.783	446.306
37.793	446.291
37.803	446.043
37.813	446.136
37.823	446.187
37.833	446.326
37.843	446.404
37.853	446.258
37.863	446.357
37.873	446.422
37.883	446.243
37.893	445.991
37.903	446.081
37.913	446.125
37.923	446.489
37.933	446.332
37.943	446.286
37.953	446.275
37.963	446.463
37.973	446.472
37.983	446.224
37.993	445.917
38.003	446.230
38.013	446.306
38.023	446.087
38.033	445.954
38.043	446.182
38.053	446.084
38.063	445.971
38.073	445.781
38.083	446.254
38.093	446.455
38.103	445.995
38.113	445.891
38.123	445.738
38.133	445.978
38.143	445.834
38.153	445.552
38.163	445.780
38.173	447.048
38.183	446.204
38.193	446.259
38.203	446.112
38.213	446.619
38.223	446.142
38.233	446.145
38.243	445.509
38.253	445.309
38.263	445.332
38.273	446.796
38.283	446.488
38.293	445.767
38.303	446.247
38.313	446.351
38.323	446.364
38.333	446.728
38.343	446.113
38.353	445.824
38.363	445.930
38.373	446.233
38.383	447.053
38.393	447.049
38.403	447.132
38.413	446.879
38.423	448.457
38.433	449.231
38.443	450.468
38.453	447.142
38.463	447.603
38.473	451.556
38.483	452.696
38.493	451.523
38.503	449.465
38.513	450.625
38.523	449.046
38.533	448.763
38.543	451.383
38.553	0.000
38.563	0.000
38.573	0.000
38.583	0.000
38.593	0.000
38.603	0.000
38.613	0.000
38.623	0.000
38.633	0.000
38.643	0.000
38.653	0.000
38.663	0.000
38.673	0.000
38.683	0.000
38.693	0.000
38.703	0.000
38.713	0.000
38.723	0.000
38.733	0.000
38.743	0.000
38.753	0.000
38.763	0.000
38.773	0.000
38.783	0.000
38.793	0.000
38.803	0.000
38.813	0.000
38.823	0.000
38.833	0.000
38.843	0.000
38.853	0.000
38.863	0.000
38.873	0.000
38.883	0.000
38.893	0.000
38.903	0.000
38.913	0.000
38.923	0.000
38.933	0.000
38.943	0.000
38.953	0.000
38.963	0.000
38.973	0.000
38.983	0.000
38.993	0.000
39.003	0.000
39.013	0.000
39.023	0.000
39.033	0.000
39.043	0.000
39.053	0.000
39.063	0.000
39.073	0.000
39.083	0.000
39.093	0.000
39.103	0.000
39.113	0.000
39.123	0.000
39.133	0.000
39.143	0.000
39.153	0.000
39.163	0.000
39.173	0.000
39.183	0.000
39.193	0.000
39.203	0.000
39.213	0.000
39.223	0.000
39.233	0.000
39.243	0.000
39.253	0.000
39.263	0.000
39.273	0.000
39.283	0.000
39.293	0.000
39.303	0.000
39.313	0.000
39.323	0.000
39.333	0.000
39.343	0.000
39.353	0.000
39.363	0.000
39.373	0.000
39.383	0.000
39.393	0.000
39.403	0.000
39.413	0.000
39.423	0.000
39.433	0.000
39.443	0.000
39.453	0.000
39.463	0.000
39.473	0.000
39.483	0.000
39.493	0.000
39.503	0.000
39.513	0.000
39.523	0.000
39.533	0.000
39.543	0.000
39.553	0.000
39.563	0.000
39.573	0.000
39.583	0.000
39.593	0.000
39.603	0.000
39.613	0.000
39.623	0.000
39.633	0.000
39.643	0.000
39.653	0.000
39.663	0.000
39.673	0.000
39.683	0.000
39.693	0.000
39.703	0.000
39.713	0.000
39.723	0.000
39.733	0.000
39.743	0.000
39.753	0.000
39.763	0.000
39.773	0.000
39.783	0.000
39.793	0.000
39.803	0.000
39.813	0.000
39.823	0.000
39.833	0.000
39.843	0.000
39.853	0.000
39.863	0.000
39.873	0.000
39.883	0.000
39.893	0.000
39.903	0.000
39.913	0.000
39.923	0.000
39.933	0.000
