0.023	0.000
0.033	0.000
0.043	0.000
0.053	0.000
0.063	0.000
0.073	0.000
0.083	0.000
0.093	0.000
0.103	0.000
0.113	0.000
0.123	0.000
0.133	0.000
0.143	0.000
0.153	0.000
0.163	0.000
0.173	0.000
0.183	0.000
0.193	0.000
0.203	0.000
0.213	0.000
0.223	0.000
0.233	0.000
0.243	0.000
0.253	0.000
0.263	0.000
0.273	0.000
0.283	0.000
0.293	0.000
0.303	0.000
0.313	0.000
0.323	0.000
0.333	0.000
0.343	0.000
0.353	0.000
0.363	0.000
0.373	0.000
0.383	0.000
0.393	0.000
0.403	0.000
0.413	0.000
0.423	0.000
0.433	0.000
0.443	0.000
0.453	0.000
0.463	0.000
0.473	0.000
0.483	0.000
0.493	0.000
0.503	0.000
0.513	0.000
0.523	0.000
0.533	0.000
0.543	0.000
0.553	0.000
0.563	0.000
0.573	0.000
0.583	0.000
0.593	0.000
0.603	0.000
0.613	0.000
0.623	0.000
0.633	0.000
0.643	0.000
0.653	0.000
0.663	0.000
0.673	0.000
0.683	0.000
0.693	0.000
0.703	0.000
0.713	0.000
0.723	0.000
0.733	0.000
0.743	0.000
0.753	0.000
0.763	0.000
0.773	0.000
0.783	0.000
0.793	0.000
0.803	0.000
0.813	0.000
0.823	0.000
0.833	0.000
0.843	0.000
0.853	0.000
0.863	0.000
0.873	0.000
0.883	0.000
0.893	0.000
0.903	0.000
0.913	0.000
0.923	0.000
0.933	0.000
0.943	0.000
0.953	0.000
0.963	0.000
0.973	0.000
0.983	0.000
0.993	0.000
1.003	0.000
1.013	0.000
1.023	0.000
1.033	0.000
1.043	0.000
1.053	0.000
1.063	0.000
1.073	0.000
1.083	0.000
1.093	0.000
1.103	0.000
1.113	0.000
1.123	0.000
1.133	0.000
1.143	0.000
1.153	0.000
1.163	0.000
1.173	0.000
1.183	0.000
1.193	0.000
1.203	0.000
1.213	0.000
1.223	0.000
1.233	0.000
1.243	0.000
1.253	0.000
1.263	0.000
1.273	0.000
1.283	0.000
1.293	0.000
1.303	0.000
1.313	0.000
1.323	0.000
1.333	0.000
1.343	0.000
1.353	0.000
1.363	0.000
1.373	0.000
1.383	0.000
1.393	0.000
1.403	0.000
1.413	0.000
1.423	0.000
1.433	0.000
1.443	0.000
1.453	0.000
1.463	0.000
1.473	0.000
1.483	0.000
1.493	0.000
1.503	0.000
1.513	0.000
1.523	0.000
1.533	0.000
1.543	0.000
1.553	0.000
1.563	0.000
1.573	0.000
1.583	0.000
1.593	0.000
1.603	0.000
1.613	0.000
1.623	0.000
1.633	0.000
1.643	0.000
1.653	0.000
1.663	0.000
1.673	0.000
1.683	0.000
1.693	0.000
1.703	0.000
1.713	0.000
1.723	0.000
1.733	0.000
1.743	0.000
1.753	0.000
1.763	0.000
1.773	0.000
1.783	0.000
1.793	0.000
1.803	0.000
1.813	0.000
1.823	0.000
1.833	0.000
1.843	0.000
1.853	0.000
1.863	0.000
1.873	0.000
1.883	0.000
1.893	0.000
1.903	0.000
1.913	0.000
1.923	0.000
1.933	0.000
1.943	0.000
1.953	0.000
1.963	0.000
1.973	0.000
1.983	0.000
1.993	0.000
2.003	0.000
2.013	0.000
2.023	0.000
2.033	0.000
2.043	0.000
2.053	0.000
2.063	0.000
2.073	0.000
2.083	0.000
2.093	0.000
2.103	0.000
2.113	0.000
2.123	0.000
2.133	0.000
2.143	0.000
2.153	0.000
2.163	0.000
2.173	0.000
2.183	0.000
2.193	0.000
2.203	0.000
2.213	0.000
2.223	0.000
2.233	0.000
2.243	0.000
2.253	0.000
2.263	0.000
2.273	0.000
2.283	0.000
2.293	0.000
2.303	0.000
2.313	0.000
2.323	0.000
2.333	0.000
2.343	0.000
2.353	0.000
2.363	0.000
2.373	0.000
2.383	0.000
2.393	0.000
2.403	0.000
2.413	0.000
2.423	0.000
2.433	0.000
2.443	0.000
2.453	363.817
2.463	360.101
2.473	359.288
2.483	359.007
2.493	359.053
2.503	359.059
2.513	358.617
2.523	357.959
2.533	357.821
2.543	356.835
2.553	356.298
2.563	355.898
2.573	355.860
2.583	355.582
2.593	355.241
2.603	355.063
2.613	354.966
2.623	354.681
2.633	354.295
2.643	354.334
2.653	354.094
2.663	353.790
2.673	353.660
2.683	353.443
2.693	353.251
2.703	353.118
2.713	353.020
2.723	353.051
2.733	353.153
2.743	353.099
2.753	353.095
2.763	353.145
2.773	353.187
2.783	353.172
2.793	353.146
2.803	353.061
2.813	352.971
2.823	352.988
2.833	353.065
2.843	353.248
2.853	353.273
2.863	353.217
2.873	353.328
2.883	353.324
2.893	353.267
2.903	353.242
2.913	353.172
2.923	353.134
2.933	353.172
2.943	353.223
2.953	353.224
2.963	353.263
2.973	353.142
2.983	353.103
2.993	353.085
3.003	353.089
3.013	353.065
3.023	353.081
3.033	353.085
3.043	353.006
3.053	353.032
3.063	352.941
3.073	352.947
3.083	353.022
3.093	352.854
3.103	352.782
3.113	352.858
3.123	352.811
3.133	352.897
3.143	352.956
3.153	352.916
3.163	352.882
3.173	352.837
3.183	352.792
3.193	352.680
3.203	352.741
3.213	352.560
3.223	352.630
3.233	352.808
3.243	352.845
3.253	352.812
3.263	352.870
3.273	352.825
3.283	352.767
3.293	352.704
3.303	352.710
3.313	352.765
3.323	352.800
3.333	352.596
3.343	352.606
3.353	352.649
3.363	352.655
3.373	352.652
3.383	352.676
3.393	352.960
3.403	352.949
3.413	352.149
3.423	353.111
3.433	352.520
3.443	350.943
3.453	351.958
3.463	354.201
3.473	354.082
3.483	353.867
3.493	353.776
3.503	353.423
3.513	353.167
3.523	352.961
3.533	352.262
3.543	351.948
3.553	351.171
3.563	351.336
3.573	351.831
3.583	351.987
3.593	352.054
3.603	351.982
3.613	351.993
3.623	352.025
3.633	352.084
3.643	352.326
3.653	352.421
3.663	352.722
3.673	352.781
3.683	352.863
3.693	352.988
3.703	353.041
3.713	353.133
3.723	353.191
3.733	353.251
3.743	353.341
3.753	353.356
3.763	353.342
3.773	353.511
3.783	353.871
3.793	354.455
3.803	355.593
3.813	354.859
3.823	354.455
3.833	354.073
3.843	353.274
3.853	354.609
3.863	354.788
3.873	355.351
3.883	354.994
3.893	353.588
3.903	353.226
3.913	352.367
3.923	351.710
3.933	351.292
3.943	351.179
3.953	351.092
3.963	351.222
3.973	351.388
3.983	351.664
3.993	351.835
4.003	352.151
4.013	352.214
4.023	352.228
4.033	352.418
4.043	352.465
4.053	352.496
4.063	352.456
4.073	352.388
4.083	352.386
4.093	352.333
4.103	352.346
4.113	352.391
4.123	352.371
4.133	352.466
4.143	352.337
4.153	352.399
4.163	352.552
4.173	352.634
4.183	352.765
4.193	352.866
4.203	352.903
4.213	352.895
4.223	352.911
4.233	352.878
4.243	352.834
4.253	352.921
4.263	352.926
4.273	352.888
4.283	352.994
4.293	353.076
4.303	353.055
4.313	353.095
4.323	353.172
4.333	353.180
4.343	353.187
4.353	353.167
4.363	353.155
4.373	353.231
4.383	353.088
4.393	353.113
4.403	353.157
4.413	353.148
4.423	353.177
4.433	353.221
4.443	353.255
4.453	353.345
4.463	353.334
4.473	353.381
4.483	353.451
4.493	353.487
4.503	353.561
4.513	353.613
4.523	353.351
4.533	352.465
4.543	350.974
4.553	351.854
4.563	353.299
4.573	353.650
4.583	353.574
4.593	353.475
4.603	353.374
4.613	353.046
4.623	352.947
4.633	352.853
4.643	352.846
4.653	352.906
4.663	352.954
4.673	353.027
4.683	353.044
4.693	352.984
4.703	352.958
4.713	352.898
4.723	352.871
4.733	352.868
4.743	352.769
4.753	352.909
4.763	352.964
4.773	352.958
4.783	353.035
4.793	353.096
4.803	353.091
4.813	353.082
4.823	353.052
4.833	353.086
4.843	353.120
4.853	353.029
4.863	353.022
4.873	353.052
4.883	353.062
4.893	353.018
4.903	353.017
4.913	353.039
4.923	353.017
4.933	353.002
4.943	352.954
4.953	352.984
4.963	353.184
4.973	353.013
4.983	353.022
4.993	353.085
5.003	353.104
5.013	353.066
5.023	353.108
5.033	353.151
5.043	353.174
5.053	353.159
5.063	353.053
5.073	353.070
5.083	353.111
5.093	352.983
5.103	353.032
5.113	353.061
5.123	353.115
5.133	353.146
5.143	353.235
5.153	353.264
5.163	353.264
5.173	353.123
5.183	353.078
5.193	352.985
5.203	353.005
5.213	353.284
5.223	354.528
5.233	0.000
5.243	0.000
5.253	0.000
5.263	263.884
5.273	263.336
5.283	262.787
5.293	262.367
5.303	262.400
5.313	262.384
5.323	262.690
5.333	262.620
5.343	262.511
5.353	262.341
5.363	262.284
5.373	262.313
5.383	262.341
5.393	262.401
5.403	262.499
5.413	262.521
5.423	262.586
5.433	262.639
5.443	262.698
5.453	262.718
5.463	262.740
5.473	262.726
5.483	262.712
5.493	262.707
5.503	262.632
5.513	262.549
5.523	262.474
5.533	262.416
5.543	262.395
5.553	262.427
5.563	262.458
5.573	262.494
5.583	262.516
5.593	262.480
5.603	262.446
5.613	262.441
5.623	262.356
5.633	262.357
5.643	262.314
5.653	262.338
5.663	262.382
5.673	262.381
5.683	262.377
5.693	262.360
5.703	262.337
5.713	262.252
5.723	262.164
5.733	262.157
5.743	262.146
5.753	262.175
5.763	262.194
5.773	262.210
5.783	262.214
5.793	262.216
5.803	262.226
5.813	262.220
5.823	262.240
5.833	262.227
5.843	262.155
5.853	262.095
5.863	262.004
5.873	262.075
5.883	262.164
5.893	262.348
5.903	262.480
5.913	262.645
5.923	263.011
5.933	265.430
5.943	0.000
5.953	0.000
5.963	335.583
5.973	335.573
5.983	334.205
5.993	333.495
6.003	332.691
6.013	331.915
6.023	331.407
6.033	331.204
6.043	330.908
6.053	330.694
6.063	330.511
6.073	330.291
6.083	330.090
6.093	330.059
6.103	330.120
6.113	330.322
6.123	330.575
6.133	330.615
6.143	330.531
6.153	330.519
6.163	330.509
6.173	330.510
6.183	330.637
6.193	330.807
6.203	330.911
6.213	330.978
6.223	331.061
6.233	331.122
6.243	331.108
6.253	331.069
6.263	331.006
6.273	331.074
6.283	331.094
6.293	331.179
6.303	331.260
6.313	331.323
6.323	331.354
6.333	331.359
6.343	331.402
6.353	331.373
6.363	331.329
6.373	331.368
6.383	331.359
6.393	331.355
6.403	331.390
6.413	331.406
6.423	331.478
6.433	331.454
6.443	331.488
6.453	331.471
6.463	331.545
6.473	331.576
6.483	331.632
6.493	331.678
6.503	331.731
6.513	331.680
6.523	331.629
6.533	331.631
6.543	331.706
6.553	331.834
6.563	332.065
6.573	332.169
6.583	332.444
6.593	332.784
6.603	332.938
6.613	333.099
6.623	333.063
6.633	332.817
6.643	332.764
6.653	333.395
6.663	334.815
6.673	0.000
6.683	0.000
6.693	0.000
6.703	442.901
6.713	443.687
6.723	443.374
6.733	443.795
6.743	443.943
6.753	444.010
6.763	444.280
6.773	444.316
6.783	444.364
6.793	444.093
6.803	443.936
6.813	443.699
6.823	443.719
6.833	443.606
6.843	443.812
6.853	443.970
6.863	444.127
6.873	444.223
6.883	444.268
6.893	444.368
6.903	444.375
6.913	444.583
6.923	444.616
6.933	444.719
6.943	444.694
6.953	444.780
6.963	444.818
6.973	444.877
6.983	445.030
6.993	445.079
7.003	445.141
7.013	445.090
7.023	445.180
7.033	445.133
7.043	445.108
7.053	445.072
7.063	444.929
7.073	444.965
7.083	444.787
7.093	444.757
7.103	444.673
7.113	444.681
7.123	444.625
7.133	444.556
7.143	444.740
7.153	444.764
7.163	444.967
7.173	445.006
7.183	445.122
7.193	445.224
7.203	445.299
7.213	445.440
7.223	445.456
7.233	445.597
7.243	445.678
7.253	445.738
7.263	445.858
7.273	445.809
7.283	445.797
7.293	445.757
7.303	445.737
7.313	445.820
7.323	445.889
7.333	445.770
7.343	445.600
7.353	445.378
7.363	445.315
7.373	445.133
7.383	445.010
7.393	444.947
7.403	444.919
7.413	444.919
7.423	444.995
7.433	445.061
7.443	445.099
7.453	445.213
7.463	445.267
7.473	445.269
7.483	445.269
7.493	445.384
7.503	445.356
7.513	445.357
7.523	445.528
7.533	445.604
7.543	445.606
7.553	445.608
7.563	445.645
7.573	445.594
7.583	445.644
7.593	445.649
7.603	445.621
7.613	445.571
7.623	445.588
7.633	445.562
7.643	445.602
7.653	445.618
7.663	445.725
7.673	445.765
7.683	445.907
7.693	445.874
7.703	445.860
7.713	445.973
7.723	446.011
7.733	446.073
7.743	446.108
7.753	446.046
7.763	446.078
7.773	446.047
7.783	446.164
7.793	446.108
7.803	446.145
7.813	446.154
7.823	446.063
7.833	446.155
7.843	446.237
7.853	446.206
7.863	446.377
7.873	446.399
7.883	446.512
7.893	446.632
7.903	446.584
7.913	446.570
7.923	446.430
7.933	446.255
7.943	446.291
7.953	446.116
7.963	446.239
7.973	446.285
7.983	446.292
7.993	446.487
8.003	446.648
8.013	446.701
8.023	446.788
8.033	446.705
8.043	446.749
8.053	446.755
8.063	446.780
8.073	446.830
8.083	446.791
8.093	446.862
8.103	446.818
8.113	446.736
8.123	446.724
8.133	446.653
8.143	446.514
8.153	446.525
8.163	446.347
8.173	446.189
8.183	446.128
8.193	446.116
8.203	446.153
8.213	446.169
8.223	446.408
8.233	446.314
8.243	446.307
8.253	446.252
8.263	446.116
8.273	445.917
8.283	445.683
8.293	445.446
8.303	445.279
8.313	444.806
8.323	444.458
8.333	444.171
8.343	443.771
8.353	443.301
8.363	443.182
8.373	443.173
8.383	443.474
8.393	443.922
8.403	444.624
8.413	444.963
8.423	445.593
8.433	446.116
8.443	446.223
8.453	446.265
8.463	445.728
8.473	444.892
8.483	444.361
8.493	443.293
8.503	442.524
8.513	442.321
8.523	442.624
8.533	443.324
8.543	444.115
8.553	444.451
8.563	445.029
8.573	445.410
8.583	445.780
8.593	445.814
8.603	445.696
8.613	445.411
8.623	445.119
8.633	444.502
8.643	443.804
8.653	443.601
8.663	443.654
8.673	444.080
8.683	444.396
8.693	443.344
8.703	439.042
8.713	410.123
8.723	395.912
8.733	395.177
8.743	394.517
8.753	394.159
8.763	395.117
8.773	395.793
8.783	396.600
8.793	396.236
8.803	395.904
8.813	395.522
8.823	395.380
8.833	395.416
8.843	395.514
8.853	395.492
8.863	395.380
8.873	395.423
8.883	395.406
8.893	395.303
8.903	395.253
8.913	395.222
8.923	395.092
8.933	395.096
8.943	395.169
8.953	395.211
8.963	395.201
8.973	395.338
8.983	395.322
8.993	395.333
9.003	395.445
9.013	395.560
9.023	395.513
9.033	395.611
9.043	395.599
9.053	395.525
9.063	395.389
9.073	394.245
9.083	391.655
9.093	386.895
9.103	361.191
9.113	356.246
9.123	354.485
9.133	354.506
9.143	355.785
9.153	355.560
9.163	355.186
9.173	354.302
9.183	353.176
9.193	352.517
9.203	352.266
9.213	352.215
9.223	352.067
9.233	352.339
9.243	352.427
9.253	352.554
9.263	352.641
9.273	352.714
9.283	352.779
9.293	352.881
9.303	352.881
9.313	352.918
9.323	352.969
9.333	352.992
9.343	352.799
9.353	352.807
9.363	352.758
9.373	352.754
9.383	352.772
9.393	352.836
9.403	352.804
9.413	352.919
9.423	352.983
9.433	353.121
9.443	353.314
9.453	353.435
9.463	353.385
9.473	352.832
9.483	350.433
9.493	347.905
9.503	343.310
9.513	337.125
9.523	336.667
9.533	335.612
9.543	335.347
9.553	334.750
9.563	334.409
9.573	333.488
9.583	332.454
9.593	331.513
9.603	331.171
9.613	330.627
9.623	330.533
9.633	330.551
9.643	330.891
9.653	331.200
9.663	331.421
9.673	331.550
9.683	331.718
9.693	331.877
9.703	331.979
9.713	332.111
9.723	332.212
9.733	332.243
9.743	332.276
9.753	332.254
9.763	332.135
9.773	332.048
9.783	332.070
9.793	332.080
9.803	332.029
9.813	332.014
9.823	332.065
9.833	332.149
9.843	332.146
9.853	332.121
9.863	332.156
9.873	332.144
9.883	332.131
9.893	332.138
9.903	332.104
9.913	332.096
9.923	332.061
9.933	332.081
9.943	332.124
9.953	332.143
9.963	332.148
9.973	332.154
9.983	332.166
9.993	332.148
10.003	332.197
10.013	332.274
10.023	332.341
10.033	332.307
10.043	332.352
10.053	332.329
10.063	332.327
10.073	332.302
10.083	332.311
10.093	332.355
10.103	332.345
10.113	332.739
10.123	333.572
10.133	335.193
10.143	338.966
10.153	348.289
10.163	351.033
10.173	351.940
10.183	352.952
10.193	353.195
10.203	353.060
10.213	352.965
10.223	353.318
10.233	353.197
10.243	352.913
10.253	353.109
10.263	352.851
10.273	352.100
10.283	351.557
10.293	350.579
10.303	349.861
10.313	349.776
10.323	349.858
10.333	350.023
10.343	350.134
10.353	350.141
10.363	350.149
10.373	350.283
10.383	350.626
10.393	350.692
10.403	350.894
10.413	350.953
10.423	351.101
10.433	351.121
10.443	351.241
10.453	351.408
10.463	351.436
10.473	351.513
10.483	351.719
10.493	351.875
10.503	351.931
10.513	351.833
10.523	351.874
10.533	351.891
10.543	352.007
10.553	351.963
10.563	352.016
10.573	352.132
10.583	352.169
10.593	352.202
10.603	352.243
10.613	352.174
10.623	352.263
10.633	352.298
10.643	352.288
10.653	352.364
10.663	352.387
10.673	352.327
10.683	352.288
10.693	352.366
10.703	352.290
10.713	352.279
10.723	352.280
10.733	352.229
10.743	352.182
10.753	352.240
10.763	352.330
10.773	352.448
10.783	352.655
10.793	352.777
10.803	352.927
10.813	352.407
10.823	352.242
10.833	353.976
10.843	361.332
10.853	380.668
10.863	390.889
10.873	395.807
10.883	395.556
10.893	395.285
10.903	394.861
10.913	394.790
10.923	394.711
10.933	394.736
10.943	394.720
10.953	394.597
10.963	394.520
10.973	394.487
10.983	394.305
10.993	394.257
11.003	394.418
11.013	394.668
11.023	394.739
11.033	394.701
11.043	394.728
11.053	394.754
11.063	394.768
11.073	394.745
11.083	394.816
11.093	394.914
11.103	395.066
11.113	395.166
11.123	395.207
11.133	395.186
11.143	395.309
11.153	395.366
11.163	395.359
11.173	395.365
11.183	395.338
11.193	395.272
11.203	395.336
11.213	395.412
11.223	395.425
11.233	395.444
11.243	395.453
11.253	395.305
11.263	395.251
11.273	395.159
11.283	395.092
11.293	394.965
11.303	395.001
11.313	394.987
11.323	394.994
11.333	395.002
11.343	395.126
11.353	395.100
11.363	395.098
11.373	395.058
11.383	395.138
11.393	395.117
11.403	395.113
11.413	395.088
11.423	395.101
11.433	395.098
11.443	395.111
11.453	395.145
11.463	395.109
11.473	395.124
11.483	395.132
11.493	395.113
11.503	395.194
11.513	395.178
11.523	395.209
11.533	395.379
11.543	395.476
11.553	395.598
11.563	395.605
11.573	395.620
11.583	395.630
11.593	395.568
11.603	395.606
11.613	395.510
11.623	395.421
11.633	395.429
11.643	395.356
11.653	395.308
11.663	395.273
11.673	395.276
11.683	395.277
11.693	395.395
11.703	395.486
11.713	395.533
11.723	395.519
11.733	395.583
11.743	395.556
11.753	395.617
11.763	395.653
11.773	395.604
11.783	395.574
11.793	395.698
11.803	395.733
11.813	395.684
11.823	395.666
11.833	395.606
11.843	395.434
11.853	395.396
11.863	395.297
11.873	395.281
11.883	395.263
11.893	395.322
11.903	395.272
11.913	395.304
11.923	395.343
11.933	395.349
11.943	395.342
11.953	395.428
11.963	395.455
11.973	395.435
11.983	395.460
11.993	395.489
12.003	395.376
12.013	395.325
12.023	395.277
12.033	395.307
12.043	395.399
12.053	395.443
12.063	395.495
12.073	395.587
12.083	395.634
12.093	395.686
12.103	395.654
12.113	395.724
12.123	395.649
12.133	395.595
12.143	395.625
12.153	395.586
12.163	395.565
12.173	395.567
12.183	395.472
12.193	395.411
12.203	395.433
12.213	395.503
12.223	395.452
12.233	395.447
12.243	395.471
12.253	395.428
12.263	395.448
12.273	395.514
12.283	395.425
12.293	395.422
12.303	395.453
12.313	395.486
12.323	395.475
12.333	395.502
12.343	395.516
12.353	395.466
12.363	395.577
12.373	395.664
12.383	395.685
12.393	395.764
12.403	395.867
12.413	395.808
12.423	395.892
12.433	395.923
12.443	395.873
12.453	395.841
12.463	395.898
12.473	395.811
12.483	395.780
12.493	395.710
12.503	395.642
12.513	395.697
12.523	395.768
12.533	395.754
12.543	395.844
12.553	395.844
12.563	395.853
12.573	395.784
12.583	395.796
12.593	395.753
12.603	395.797
12.613	395.836
12.623	395.786
12.633	395.856
12.643	395.946
12.653	395.889
12.663	395.890
12.673	395.956
12.683	395.963
12.693	396.063
12.703	396.127
12.713	396.064
12.723	396.012
12.733	395.992
12.743	395.957
12.753	396.005
12.763	396.044
12.773	396.055
12.783	396.025
12.793	396.113
12.803	396.107
12.813	396.107
12.823	396.112
12.833	396.053
12.843	396.062
12.853	396.097
12.863	396.087
12.873	396.155
12.883	396.102
12.893	396.058
12.903	396.121
12.913	396.210
12.923	396.216
12.933	396.236
12.943	396.235
12.953	396.204
12.963	396.201
12.973	396.221
12.983	396.229
12.993	396.277
13.003	396.252
13.013	396.215
13.023	396.257
13.033	396.288
13.043	396.263
13.053	396.294
13.063	396.306
13.073	396.300
13.083	396.385
13.093	396.355
13.103	396.415
13.113	396.472
13.123	396.447
13.133	396.499
13.143	396.601
13.153	396.594
13.163	396.674
13.173	396.644
13.183	396.657
13.193	396.724
13.203	396.747
13.213	396.705
13.223	396.731
13.233	396.669
13.243	396.709
13.253	396.718
13.263	396.647
13.273	396.706
13.283	396.747
13.293	396.738
13.303	396.765
13.313	396.777
13.323	396.759
13.333	396.826
13.343	396.817
13.353	396.827
13.363	396.822
13.373	396.749
13.383	396.778
13.393	396.818
13.403	396.790
13.413	396.809
13.423	396.790
13.433	396.781
13.443	396.768
13.453	396.737
13.463	396.765
13.473	396.797
13.483	396.811
13.493	396.854
13.503	396.787
13.513	396.741
13.523	396.838
13.533	396.768
13.543	396.806
13.553	396.804
13.563	396.808
13.573	396.816
13.583	396.828
13.593	396.787
13.603	396.798
13.613	396.786
13.623	396.810
13.633	396.786
13.643	396.760
13.653	396.782
13.663	396.853
13.673	396.832
13.683	396.831
13.693	396.713
13.703	396.575
13.713	396.471
13.723	396.987
13.733	400.726
13.743	408.290
13.753	434.232
13.763	445.998
13.773	445.167
13.783	444.945
13.793	444.806
13.803	444.798
13.813	444.897
13.823	444.870
13.833	444.862
13.843	445.079
13.853	445.111
13.863	445.140
13.873	445.218
13.883	445.236
13.893	445.267
13.903	445.280
13.913	445.310
13.923	445.211
13.933	445.138
13.943	445.217
13.953	445.177
13.963	445.290
13.973	445.262
13.983	445.264
13.993	445.102
14.003	445.094
14.013	445.013
14.023	444.917
14.033	444.939
14.043	444.837
14.053	444.741
14.063	444.702
14.073	444.706
14.083	444.826
14.093	444.924
14.103	444.914
14.113	444.936
14.123	445.027
14.133	444.960
14.143	444.970
14.153	445.016
14.163	445.122
14.173	445.239
14.183	445.241
14.193	445.409
14.203	445.290
14.213	445.290
14.223	445.383
14.233	445.437
14.243	445.482
14.253	445.445
14.263	445.528
14.273	445.443
14.283	445.505
14.293	445.530
14.303	445.492
14.313	445.543
14.323	445.536
14.333	445.499
14.343	445.498
14.353	445.490
14.363	445.556
14.373	445.340
14.383	445.490
14.393	445.420
14.403	445.497
14.413	445.381
14.423	445.258
14.433	445.367
14.443	445.330
14.453	445.512
14.463	445.508
14.473	445.596
14.483	445.718
14.493	445.658
14.503	445.826
14.513	445.785
14.523	445.915
14.533	445.884
14.543	445.796
14.553	445.947
14.563	445.788
14.573	445.886
14.583	445.873
14.593	445.966
14.603	446.015
14.613	445.964
14.623	445.965
14.633	445.954
14.643	445.903
14.653	446.062
14.663	445.890
14.673	445.997
14.683	446.038
14.693	445.967
14.703	446.092
14.713	446.200
14.723	446.211
14.733	446.123
14.743	446.086
14.753	446.151
14.763	445.967
14.773	445.908
14.783	446.041
14.793	445.888
14.803	446.139
14.813	446.313
14.823	446.130
14.833	446.140
14.843	446.028
14.853	445.948
14.863	445.887
14.873	446.005
14.883	445.842
14.893	446.068
14.903	445.957
14.913	446.189
14.923	445.976
14.933	445.818
14.943	445.685
14.953	446.069
14.963	445.798
14.973	446.190
14.983	446.052
14.993	446.084
15.003	446.057
15.013	446.175
15.023	446.245
15.033	446.163
15.043	446.109
15.053	446.218
15.063	446.336
15.073	446.250
15.083	446.266
15.093	446.292
15.103	446.408
15.113	446.333
15.123	446.235
15.133	446.127
15.143	446.599
15.153	446.379
15.163	446.269
15.173	446.368
15.183	446.252
15.193	446.250
15.203	446.310
15.213	446.081
15.223	446.075
15.233	446.099
15.243	446.277
15.253	446.146
15.263	446.383
15.273	446.334
15.283	446.368
15.293	446.218
15.303	446.435
15.313	446.115
15.323	446.499
15.333	446.402
15.343	446.706
15.353	446.490
15.363	445.917
15.373	445.972
15.383	446.381
15.393	446.854
15.403	446.527
15.413	446.319
15.423	446.466
15.433	446.657
15.443	446.797
15.453	446.489
15.463	446.589
15.473	446.491
15.483	446.730
15.493	447.029
15.503	446.901
15.513	446.967
15.523	447.077
15.533	446.735
15.543	447.051
15.553	447.281
15.563	446.581
15.573	446.774
15.583	446.709
15.593	447.172
15.603	447.393
15.613	447.110
15.623	447.802
15.633	447.498
15.643	448.144
15.653	448.122
15.663	448.525
15.673	447.930
15.683	448.255
15.693	447.426
15.703	448.821
15.713	448.954
15.723	450.502
15.733	452.074
15.743	451.821
15.753	0.000
15.763	0.000
15.773	0.000
15.783	0.000
15.793	0.000
15.803	0.000
15.813	0.000
15.823	0.000
15.833	0.000
15.843	0.000
15.853	0.000
15.863	0.000
15.873	0.000
15.883	0.000
15.893	0.000
15.903	0.000
15.913	0.000
15.923	0.000
15.933	0.000
15.943	0.000
15.953	0.000
15.963	0.000
15.973	0.000
15.983	0.000
15.993	0.000
16.003	0.000
16.013	0.000
16.023	0.000
16.033	0.000
16.043	0.000
16.053	0.000
16.063	0.000
16.073	0.000
16.083	0.000
16.093	0.000
16.103	0.000
16.113	0.000
16.123	0.000
16.133	0.000
16.143	0.000
16.153	0.000
16.163	0.000
16.173	0.000
16.183	0.000
16.193	0.000
16.203	0.000
16.213	0.000
16.223	0.000
16.233	0.000
16.243	0.000
16.253	0.000
16.263	0.000
16.273	0.000
16.283	0.000
16.293	0.000
16.303	0.000
16.313	0.000
16.323	0.000
16.333	0.000
16.343	0.000
16.353	0.000
16.363	0.000
16.373	0.000
16.383	0.000
16.393	0.000
16.403	0.000
16.413	0.000
16.423	0.000
16.433	0.000
16.443	0.000
16.453	0.000
16.463	0.000
16.473	0.000
16.483	0.000
16.493	0.000
16.503	0.000
16.513	0.000
16.523	0.000
16.533	0.000
16.543	0.000
16.553	0.000
16.563	0.000
16.573	0.000
16.583	0.000
16.593	0.000
16.603	0.000
16.613	0.000
16.623	0.000
16.633	0.000
16.643	0.000
16.653	0.000
16.663	0.000
16.673	0.000
16.683	0.000
16.693	0.000
16.703	0.000
16.713	0.000
16.723	0.000
16.733	0.000
16.743	0.000
16.753	0.000
16.763	0.000
16.773	0.000
16.783	0.000
16.793	0.000
16.803	0.000
16.813	0.000
16.823	0.000
16.833	0.000
16.843	0.000
16.853	0.000
16.863	0.000
16.873	0.000
16.883	0.000
16.893	0.000
16.903	0.000
16.913	0.000
16.923	0.000
16.933	0.000
16.943	0.000
16.953	0.000
16.963	0.000
16.973	0.000
16.983	0.000
16.993	0.000
17.003	0.000
17.013	0.000
17.023	0.000
17.033	0.000
17.043	0.000
17.053	0.000
17.063	0.000
17.073	0.000
17.083	0.000
17.093	0.000
17.103	0.000
17.113	0.000
17.123	0.000
17.133	0.000
17.143	0.000
17.153	0.000
17.163	0.000
17.173	0.000
17.183	0.000
17.193	0.000
17.203	0.000
17.213	0.000
17.223	0.000
17.233	0.000
17.243	0.000
17.253	0.000
17.263	0.000
17.273	0.000
17.283	0.000
17.293	404.223
17.303	399.077
17.313	398.791
17.323	398.037
17.333	397.795
17.343	397.156
17.353	396.996
17.363	396.669
17.373	396.381
17.383	396.298
17.393	396.192
17.403	396.105
17.413	396.386
17.423	396.454
17.433	396.573
17.443	396.714
17.453	396.709
17.463	396.691
17.473	396.612
17.483	396.444
17.493	396.464
17.503	396.456
17.513	396.362
17.523	396.399
17.533	396.375
17.543	396.258
17.553	396.099
17.563	395.952
17.573	395.830
17.583	395.886
17.593	395.941
17.603	395.980
17.613	395.954
17.623	395.939
17.633	395.831
17.643	395.776
17.653	395.729
17.663	395.709
17.673	395.788
17.683	395.907
17.693	395.950
17.703	396.074
17.713	396.015
17.723	395.962
17.733	395.999
17.743	396.017
17.753	396.066
17.763	396.232
17.773	395.807
17.783	395.335
17.793	393.867
17.803	391.911
17.813	363.138
17.823	353.303
17.833	336.083
17.843	337.708
17.853	337.013
17.863	336.691
17.873	335.619
17.883	333.584
17.893	333.210
17.903	332.609
17.913	332.498
17.923	332.673
17.933	332.773
17.943	333.133
17.953	333.367
17.963	333.429
17.973	333.401
17.983	333.382
17.993	333.333
18.003	333.241
18.013	333.206
18.023	333.123
18.033	333.075
18.043	333.132
18.053	333.168
18.063	333.244
18.073	333.329
18.083	333.336
18.093	333.412
18.103	333.395
18.113	333.038
18.123	332.121
18.133	331.669
18.143	331.631
18.153	333.017
18.163	334.564
18.173	334.922
18.183	334.380
18.193	333.876
18.203	333.433
18.213	333.298
18.223	332.980
18.233	332.656
18.243	332.607
18.253	332.732
18.263	332.940
18.273	333.122
18.283	333.335
18.293	333.368
18.303	333.507
18.313	333.549
18.323	333.567
18.333	333.524
18.343	333.593
18.353	333.605
18.363	333.566
18.373	333.532
18.383	333.426
18.393	333.393
18.403	333.387
18.413	333.373
18.423	333.360
18.433	333.418
18.443	333.475
18.453	333.553
18.463	333.603
18.473	333.530
18.483	332.840
18.493	331.794
18.503	331.593
18.513	331.281
18.523	333.657
18.533	333.550
18.543	333.435
18.553	335.658
18.563	334.873
18.573	334.452
18.583	334.323
18.593	334.270
18.603	333.705
18.613	333.285
18.623	332.537
18.633	331.963
18.643	331.835
18.653	331.835
18.663	331.977
18.673	332.128
18.683	332.202
18.693	332.380
18.703	332.601
18.713	332.692
18.723	332.719
18.733	332.790
18.743	332.870
18.753	332.876
18.763	332.840
18.773	332.855
18.783	332.992
18.793	332.991
18.803	333.046
18.813	333.106
18.823	333.022
18.833	332.997
18.843	332.952
18.853	332.992
18.863	332.953
18.873	332.975
18.883	332.844
18.893	332.782
18.903	332.840
18.913	332.765
18.923	332.702
18.933	332.638
18.943	332.663
18.953	332.625
18.963	332.624
18.973	332.651
18.983	332.674
18.993	332.730
19.003	332.859
19.013	332.881
19.023	332.901
19.033	332.805
19.043	332.861
19.053	332.813
19.063	332.728
19.073	332.693
19.083	332.692
19.093	332.643
19.103	332.553
19.113	332.509
19.123	332.515
19.133	332.538
19.143	332.577
19.153	332.633
19.163	332.635
19.173	332.631
19.183	332.611
19.193	332.623
19.203	332.551
19.213	332.561
19.223	332.594
19.233	332.604
19.243	332.709
19.253	332.796
19.263	332.777
19.273	332.751
19.283	332.688
19.293	332.713
19.303	332.639
19.313	332.655
19.323	332.669
19.333	332.651
19.343	332.668
19.353	332.683
19.363	332.720
19.373	332.726
19.383	332.777
19.393	332.750
19.403	332.719
19.413	332.752
19.423	332.844
19.433	332.885
19.443	332.878
19.453	332.835
19.463	332.932
19.473	332.909
19.483	332.898
19.493	332.948
19.503	332.909
19.513	332.914
19.523	332.876
19.533	332.864
19.543	332.796
19.553	332.840
19.563	332.811
19.573	332.782
19.583	332.785
19.593	332.758
19.603	332.800
19.613	332.878
19.623	332.896
19.633	332.959
19.643	332.961
19.653	332.958
19.663	332.957
19.673	332.952
19.683	333.014
19.693	333.034
19.703	333.018
19.713	332.934
19.723	333.001
19.733	332.984
19.743	333.065
19.753	333.097
19.763	333.044
19.773	333.024
19.783	333.019
19.793	333.077
19.803	333.078
19.813	333.197
19.823	333.207
19.833	333.224
19.843	333.257
19.853	333.244
19.863	333.241
19.873	333.230
19.883	333.240
19.893	333.277
19.903	333.373
19.913	333.413
19.923	333.421
19.933	332.945
19.943	332.481
19.953	331.371
19.963	330.891
19.973	331.943
19.983	333.269
19.993	334.778
20.003	334.333
20.013	333.530
20.023	333.397
20.033	332.920
20.043	332.588
20.053	332.491
20.063	332.434
20.073	332.540
20.083	332.653
20.093	332.718
20.103	332.758
20.113	332.783
20.123	332.877
20.133	332.896
20.143	332.997
20.153	333.031
20.163	333.095
20.173	333.066
20.183	333.014
20.193	333.016
20.203	332.946
20.213	332.992
20.223	332.977
20.233	332.975
20.243	332.896
20.253	332.884
20.263	332.838
20.273	332.867
20.283	332.870
20.293	332.841
20.303	332.847
20.313	332.831
20.323	332.824
20.333	332.906
20.343	332.840
20.353	332.898
20.363	332.944
20.373	332.953
20.383	332.979
20.393	332.940
20.403	332.955
20.413	332.973
20.423	333.060
20.433	333.126
20.443	333.212
20.453	333.309
20.463	333.381
20.473	333.553
20.483	333.569
20.493	333.569
20.503	333.499
20.513	333.558
20.523	333.505
20.533	333.501
20.543	333.614
20.553	333.603
20.563	333.819
20.573	333.972
20.583	334.208
20.593	334.420
20.603	334.820
20.613	335.317
20.623	336.044
20.633	335.963
20.643	336.612
20.653	337.299
20.663	337.471
20.673	337.305
20.683	339.434
20.693	341.903
20.703	343.895
20.713	0.000
20.723	0.000
20.733	0.000
20.743	0.000
20.753	0.000
20.763	0.000
20.773	0.000
20.783	0.000
20.793	0.000
20.803	0.000
20.813	0.000
20.823	0.000
20.833	0.000
20.843	0.000
20.853	0.000
20.863	0.000
20.873	0.000
20.883	0.000
20.893	0.000
20.903	0.000
20.913	0.000
20.923	0.000
20.933	0.000
20.943	0.000
20.953	0.000
20.963	0.000
20.973	0.000
20.983	0.000
20.993	0.000
21.003	0.000
21.013	0.000
21.023	0.000
21.033	0.000
21.043	0.000
21.053	0.000
21.063	0.000
21.073	0.000
21.083	0.000
21.093	0.000
21.103	0.000
21.113	0.000
21.123	0.000
21.133	0.000
21.143	0.000
21.153	0.000
21.163	0.000
21.173	0.000
21.183	0.000
21.193	0.000
21.203	0.000
21.213	0.000
21.223	0.000
21.233	0.000
21.243	0.000
21.253	0.000
21.263	0.000
21.273	0.000
21.283	0.000
21.293	0.000
21.303	0.000
21.313	0.000
21.323	0.000
21.333	0.000
21.343	0.000
21.353	0.000
21.363	297.460
21.373	295.895
21.383	295.727
21.393	295.561
21.403	295.692
21.413	295.708
21.423	295.785
21.433	296.059
21.443	296.168
21.453	296.096
21.463	296.175
21.473	296.237
21.483	296.354
21.493	296.466
21.503	296.524
21.513	296.660
21.523	296.854
21.533	296.924
21.543	297.048
21.553	297.172
21.563	297.270
21.573	297.313
21.583	297.322
21.593	297.229
21.603	297.215
21.613	297.019
21.623	296.858
21.633	296.827
21.643	296.823
21.653	296.804
21.663	296.789
21.673	296.848
21.683	296.824
21.693	296.856
21.703	296.820
21.713	296.788
21.723	296.860
21.733	296.913
21.743	296.898
21.753	296.935
21.763	296.849
21.773	296.859
21.783	296.887
21.793	296.911
21.803	296.969
21.813	297.012
21.823	297.001
21.833	296.958
21.843	296.942
21.853	296.915
21.863	296.896
21.873	296.897
21.883	296.805
21.893	296.798
21.903	296.793
21.913	296.807
21.923	296.787
21.933	296.747
21.943	296.690
21.953	296.637
21.963	296.708
21.973	296.698
21.983	296.714
21.993	296.715
22.003	296.696
22.013	296.705
22.023	296.681
22.033	296.634
22.043	296.578
22.053	296.573
22.063	296.580
22.073	296.552
22.083	296.580
22.093	296.582
22.103	296.572
22.113	296.617
22.123	296.607
22.133	296.605
22.143	296.611
22.153	296.626
22.163	296.545
22.173	296.506
22.183	296.492
22.193	296.474
22.203	296.448
22.213	296.480
22.223	296.488
22.233	296.487
22.243	296.489
22.253	296.409
22.263	296.455
22.273	296.455
22.283	296.397
22.293	296.376
22.303	296.386
22.313	296.445
22.323	296.441
22.333	296.496
22.343	296.487
22.353	296.468
22.363	296.518
22.373	296.530
22.383	296.528
22.393	296.505
22.403	296.553
22.413	296.538
22.423	296.590
22.433	296.583
22.443	296.584
22.453	296.590
22.463	296.605
22.473	296.610
22.483	296.630
22.493	296.668
22.503	296.607
22.513	296.667
22.523	296.688
22.533	296.627
22.543	296.666
22.553	296.634
22.563	296.655
22.573	296.706
22.583	296.728
22.593	296.714
22.603	296.675
22.613	296.686
22.623	296.602
22.633	296.492
22.643	295.681
22.653	295.105
22.663	293.887
22.673	293.803
22.683	294.458
22.693	294.860
22.703	295.815
22.713	295.867
22.723	295.917
22.733	297.106
22.743	297.315
22.753	297.052
22.763	296.990
22.773	296.698
22.783	296.537
22.793	296.483
22.803	296.465
22.813	296.447
22.823	296.502
22.833	296.523
22.843	296.576
22.853	296.597
22.863	296.637
22.873	296.642
22.883	296.665
22.893	296.656
22.903	296.605
22.913	296.632
22.923	296.675
22.933	296.646
22.943	296.692
22.953	296.682
22.963	296.674
22.973	296.720
22.983	296.734
22.993	296.761
23.003	296.731
23.013	296.746
23.023	296.691
23.033	296.729
23.043	296.751
23.053	296.721
23.063	296.729
23.073	296.727
23.083	296.723
23.093	296.735
23.103	296.720
23.113	296.731
23.123	296.739
23.133	296.787
23.143	296.764
23.153	296.787
23.163	296.732
23.173	296.650
23.183	296.676
23.193	296.686
23.203	296.712
23.213	296.694
23.223	296.757
23.233	296.752
23.243	296.838
23.253	296.900
23.263	296.882
23.273	296.907
23.283	296.906
23.293	296.877
23.303	296.928
23.313	296.830
23.323	296.726
23.333	296.649
23.343	296.417
23.353	295.871
23.363	295.278
23.373	295.042
23.383	295.073
23.393	295.405
23.403	295.802
23.413	295.997
23.423	296.300
23.433	296.596
23.443	296.654
23.453	296.618
23.463	296.336
23.473	295.897
23.483	295.518
23.493	294.928
23.503	294.512
23.513	294.558
23.523	294.756
23.533	295.038
23.543	295.279
23.553	295.433
23.563	295.700
23.573	295.893
23.583	296.100
23.593	296.258
23.603	296.449
23.613	296.641
23.623	296.594
23.633	294.558
23.643	277.902
23.653	265.003
23.663	263.577
23.673	264.097
23.683	263.736
23.693	263.532
23.703	263.162
23.713	262.965
23.723	262.880
23.733	262.837
23.743	262.890
23.753	262.991
23.763	263.092
23.773	263.133
23.783	263.170
23.793	263.111
23.803	263.149
23.813	263.124
23.823	263.112
23.833	263.106
23.843	263.080
23.853	263.107
23.863	263.114
23.873	263.103
23.883	263.133
23.893	263.099
23.903	263.037
23.913	263.081
23.923	263.108
23.933	263.166
23.943	263.221
23.953	263.225
23.963	263.340
23.973	263.301
23.983	263.269
23.993	259.873
24.003	251.698
24.013	241.415
24.023	238.663
24.033	238.895
24.043	238.283
24.053	237.790
24.063	237.441
24.073	236.973
24.083	236.508
24.093	236.351
24.103	236.183
24.113	236.011
24.123	235.875
24.133	235.847
24.143	235.835
24.153	235.807
24.163	235.818
24.173	235.855
24.183	235.909
24.193	235.961
24.203	235.980
24.213	236.038
24.223	236.081
24.233	236.133
24.243	236.174
24.253	236.181
24.263	236.212
24.273	236.193
24.283	236.143
24.293	236.141
24.303	236.102
24.313	236.101
24.323	236.052
24.333	236.035
24.343	236.037
24.353	236.031
24.363	236.014
24.373	236.074
24.383	236.073
24.393	236.104
24.403	236.164
24.413	236.175
24.423	236.175
24.433	236.147
24.443	236.118
24.453	236.122
24.463	236.134
24.473	236.184
24.483	236.227
24.493	236.251
24.503	236.330
24.513	236.361
24.523	236.375
24.533	236.446
24.543	236.477
24.553	236.507
24.563	236.534
24.573	236.491
24.583	236.171
24.593	235.898
24.603	236.147
24.613	238.757
24.623	242.950
24.633	0.000
24.643	0.000
24.653	0.000
24.663	0.000
24.673	0.000
24.683	0.000
24.693	471.143
24.703	471.362
24.713	471.389
24.723	471.050
24.733	470.851
24.743	470.767
24.753	470.591
24.763	470.844
24.773	471.032
24.783	470.899
24.793	470.896
24.803	470.871
24.813	471.037
24.823	471.164
24.833	471.252
24.843	471.377
24.853	471.430
24.863	471.479
24.873	471.606
24.883	471.530
24.893	471.474
24.903	471.355
24.913	471.392
24.923	471.159
24.933	471.232
24.943	471.077
24.953	470.950
24.963	471.063
24.973	471.186
24.983	471.091
24.993	471.052
25.003	471.193
25.013	471.035
25.023	471.147
25.033	471.091
25.043	471.188
25.053	471.106
25.063	470.908
25.073	471.121
25.083	471.156
25.093	470.834
25.103	470.851
25.113	471.004
25.123	470.907
25.133	471.011
25.143	471.006
25.153	471.007
25.163	471.219
25.173	471.188
25.183	471.274
25.193	471.303
25.203	471.235
25.213	471.369
25.223	471.704
25.233	472.232
25.243	473.373
25.253	474.959
25.263	476.613
25.273	484.157
25.283	484.997
25.293	465.856
25.303	450.288
25.313	446.439
25.323	445.668
25.333	444.847
25.343	445.202
25.353	445.215
25.363	445.242
25.373	445.328
25.383	445.227
25.393	445.412
25.403	445.304
25.413	445.297
25.423	445.407
25.433	445.397
25.443	445.545
25.453	445.618
25.463	445.704
25.473	445.871
25.483	445.915
25.493	446.013
25.503	445.947
25.513	445.894
25.523	445.784
25.533	445.681
25.543	445.742
25.553	445.756
25.563	445.726
25.573	445.724
25.583	445.615
25.593	445.568
25.603	445.521
25.613	445.451
25.623	445.427
25.633	445.505
25.643	445.602
25.653	445.601
25.663	445.638
25.673	445.650
25.683	445.580
25.693	445.579
25.703	445.649
25.713	445.667
25.723	445.684
25.733	445.708
25.743	445.675
25.753	445.651
25.763	445.648
25.773	445.701
25.783	445.759
25.793	445.758
25.803	445.825
25.813	445.746
25.823	445.706
25.833	445.730
25.843	445.776
25.853	445.959
25.863	446.014
25.873	446.108
25.883	445.984
25.893	445.652
25.903	444.593
25.913	443.802
25.923	446.558
25.933	447.599
25.943	447.518
25.953	447.140
25.963	445.916
25.973	445.409
25.983	445.275
25.993	445.396
26.003	445.356
26.013	445.348
26.023	445.236
26.033	445.034
26.043	445.066
26.053	445.009
26.063	445.117
26.073	445.152
26.083	445.268
26.093	445.428
26.103	445.507
26.113	445.637
26.123	445.716
26.133	445.770
26.143	445.766
26.153	445.702
26.163	445.777
26.173	445.753
26.183	445.813
26.193	445.900
26.203	445.860
26.213	445.930
26.223	445.846
26.233	445.901
26.243	445.828
26.253	445.749
26.263	445.732
26.273	445.590
26.283	445.564
26.293	445.519
26.303	445.472
26.313	445.523
26.323	445.516
26.333	445.605
26.343	445.587
26.353	445.698
26.363	445.775
26.373	445.750
26.383	445.812
26.393	445.796
26.403	445.783
26.413	445.731
26.423	445.632
26.433	445.721
26.443	445.719
26.453	445.791
26.463	445.752
26.473	445.740
26.483	445.849
26.493	445.921
26.503	445.959
26.513	445.983
26.523	445.948
26.533	446.037
26.543	446.042
26.553	446.106
26.563	446.088
26.573	445.950
26.583	445.604
26.593	444.625
26.603	443.818
26.613	444.536
26.623	445.229
26.633	445.652
26.643	445.789
26.653	445.810
26.663	445.879
26.673	445.959
26.683	445.964
26.693	445.881
26.703	445.921
26.713	445.905
26.723	445.860
26.733	445.863
26.743	445.957
26.753	445.924
26.763	445.989
26.773	446.091
26.783	446.117
26.793	446.120
26.803	446.053
26.813	445.998
26.823	446.054
26.833	446.007
26.843	446.050
26.853	446.066
26.863	446.123
26.873	446.133
26.883	446.059
26.893	446.065
26.903	446.011
26.913	445.943
26.923	445.951
26.933	445.845
26.943	445.898
26.953	445.972
26.963	446.073
26.973	446.123
26.983	446.035
26.993	446.094
27.003	445.965
27.013	445.915
27.023	445.865
27.033	445.699
27.043	445.785
27.053	445.767
27.063	445.796
27.073	445.873
27.083	445.821
27.093	445.963
27.103	445.977
27.113	445.990
27.123	446.046
27.133	446.014
27.143	446.128
27.153	446.143
27.163	446.072
27.173	446.106
27.183	446.071
27.193	446.092
27.203	446.110
27.213	446.141
27.223	446.171
27.233	446.169
27.243	446.167
27.253	446.171
27.263	446.072
27.273	446.196
27.283	446.163
27.293	446.185
27.303	446.201
27.313	446.122
27.323	446.217
27.333	446.280
27.343	446.260
27.353	446.322
27.363	446.289
27.373	446.327
27.383	446.286
27.393	446.307
27.403	446.251
27.413	446.269
27.423	446.292
27.433	446.206
27.443	446.185
27.453	446.269
27.463	446.278
27.473	446.407
27.483	446.315
27.493	446.369
27.503	446.244
27.513	446.170
27.523	446.224
27.533	446.084
27.543	446.102
27.553	446.035
27.563	445.944
27.573	446.009
27.583	445.898
27.593	445.948
27.603	445.927
27.613	445.893
27.623	446.008
27.633	445.954
27.643	446.051
27.653	446.008
27.663	445.975
27.673	446.083
27.683	446.075
27.693	446.179
27.703	446.210
27.713	446.164
27.723	446.171
27.733	446.174
27.743	446.227
27.753	446.275
27.763	446.324
27.773	446.422
27.783	446.437
27.793	446.171
27.803	445.277
27.813	444.418
27.823	442.007
27.833	430.036
27.843	419.086
27.853	398.866
27.863	399.247
27.873	397.936
27.883	398.276
27.893	398.231
27.903	398.263
27.913	398.179
27.923	398.050
27.933	397.742
27.943	397.409
27.953	397.312
27.963	397.051
27.973	396.979
27.983	396.831
27.993	396.776
28.003	396.716
28.013	396.755
28.023	396.687
28.033	396.711
28.043	396.700
28.053	396.717
28.063	396.650
28.073	396.582
28.083	396.509
28.093	396.531
28.103	396.445
28.113	396.472
28.123	396.385
28.133	396.336
28.143	396.383
28.153	396.404
28.163	396.458
28.173	396.534
28.183	396.490
28.193	396.448
28.203	396.403
28.213	396.319
28.223	396.330
28.233	396.297
28.243	396.259
28.253	396.196
28.263	396.235
28.273	396.170
28.283	396.192
28.293	396.172
28.303	396.080
28.313	396.101
28.323	396.165
28.333	396.148
28.343	396.229
28.353	396.183
28.363	396.113
28.373	396.174
28.383	396.227
28.393	396.211
28.403	396.309
28.413	396.279
28.423	396.238
28.433	396.312
28.443	396.266
28.453	396.141
28.463	395.135
28.473	392.725
28.483	384.373
28.493	363.754
28.503	356.138
28.513	354.878
28.523	355.409
28.533	355.595
28.543	356.305
28.553	356.148
28.563	355.774
28.573	355.345
28.583	354.574
28.593	354.210
28.603	354.064
28.613	353.916
28.623	353.746
28.633	353.671
28.643	353.769
28.653	353.584
28.663	353.640
28.673	353.682
28.683	353.711
28.693	353.714
28.703	353.714
28.713	353.773
28.723	353.756
28.733	353.680
28.743	353.688
28.753	353.839
28.763	353.602
28.773	353.640
28.783	353.772
28.793	353.647
28.803	353.657
28.813	353.674
28.823	353.633
28.833	353.639
28.843	353.652
28.853	353.677
28.863	353.743
28.873	353.536
28.883	353.701
28.893	353.697
28.903	353.635
28.913	353.671
28.923	353.661
28.933	353.643
28.943	353.680
28.953	353.671
28.963	353.717
28.973	353.774
28.983	353.594
28.993	353.677
29.003	353.674
29.013	353.723
29.023	353.723
29.033	353.690
29.043	353.631
29.053	353.536
29.063	353.427
29.073	353.396
29.083	352.759
29.093	350.126
29.103	344.897
29.113	333.683
29.123	313.197
29.133	300.757
29.143	298.865
29.153	297.773
29.163	297.571
29.173	297.217
29.183	297.038
29.193	296.754
29.203	296.545
29.213	296.288
29.223	296.103
29.233	296.031
29.243	296.080
29.253	296.140
29.263	296.260
29.273	296.388
29.283	296.397
29.293	296.480
29.303	296.494
29.313	296.550
29.323	296.578
29.333	296.588
29.343	296.583
29.353	296.553
29.363	296.571
29.373	296.536
29.383	296.492
29.393	296.440
29.403	296.408
29.413	296.376
29.423	296.320
29.433	296.310
29.443	296.230
29.453	296.228
29.463	296.193
29.473	296.187
29.483	296.132
29.493	296.124
29.503	296.085
29.513	296.089
29.523	296.074
29.533	296.013
29.543	295.990
29.553	295.927
29.563	295.917
29.573	295.870
29.583	295.869
29.593	295.857
29.603	295.929
29.613	295.931
29.623	296.032
29.633	296.101
29.643	296.188
29.653	296.201
29.663	296.234
29.673	296.322
29.683	296.325
29.693	296.453
29.703	296.669
29.713	297.872
29.723	298.530
29.733	301.919
29.743	324.054
29.753	328.377
29.763	332.731
29.773	335.596
29.783	334.439
29.793	333.936
29.803	333.323
29.813	332.845
29.823	332.722
29.833	332.563
29.843	332.553
29.853	332.704
29.863	332.808
29.873	332.911
29.883	332.932
29.893	333.058
29.903	333.077
29.913	333.110
29.923	333.162
29.933	333.148
29.943	333.125
29.953	333.158
29.963	333.223
29.973	333.190
29.983	333.306
29.993	333.336
30.003	333.285
30.013	333.346
30.023	333.330
30.033	333.254
30.043	333.176
30.053	333.141
30.063	333.191
30.073	333.144
30.083	333.138
30.093	333.137
30.103	333.115
30.113	333.143
30.123	333.149
30.133	333.202
30.143	333.187
30.153	333.224
30.163	333.197
30.173	333.180
30.183	333.169
30.193	333.154
30.203	333.186
30.213	333.201
30.223	333.224
30.233	333.160
30.243	333.126
30.253	333.032
30.263	332.997
30.273	333.053
30.283	333.035
30.293	332.985
30.303	332.992
30.313	333.062
30.323	333.104
30.333	333.187
30.343	333.167
30.353	333.144
30.363	333.133
30.373	333.114
30.383	333.200
30.393	332.933
30.403	332.492
30.413	331.175
30.423	330.220
30.433	330.660
30.443	331.534
30.453	335.133
30.463	335.211
30.473	334.796
30.483	333.999
30.493	333.511
30.503	333.205
30.513	333.195
30.523	333.007
30.533	332.965
30.543	333.063
30.553	333.077
30.563	333.147
30.573	333.189
30.583	333.206
30.593	333.176
30.603	333.223
30.613	333.165
30.623	333.111
30.633	333.106
30.643	333.068
30.653	333.078
30.663	332.988
30.673	332.958
30.683	333.022
30.693	333.049
30.703	333.116
30.713	333.162
30.723	333.173
30.733	333.193
30.743	333.221
30.753	333.196
30.763	333.196
30.773	333.197
30.783	333.202
30.793	333.221
30.803	333.237
30.813	333.235
30.823	333.230
30.833	333.213
30.843	333.212
30.853	333.224
30.863	333.319
30.873	333.261
30.883	333.275
30.893	333.371
30.903	333.332
30.913	333.368
30.923	333.342
30.933	333.389
30.943	333.385
30.953	333.480
30.963	333.440
30.973	333.407
30.983	333.413
30.993	333.357
31.003	333.369
31.013	333.390
31.023	333.438
31.033	333.453
31.043	333.551
31.053	333.503
31.063	333.514
31.073	333.533
31.083	333.482
31.093	333.482
31.103	333.523
31.113	333.536
31.123	333.521
31.133	333.567
31.143	333.508
31.153	333.455
31.163	333.474
31.173	333.452
31.183	333.506
31.193	333.490
31.203	333.533
31.213	333.502
31.223	333.537
31.233	333.508
31.243	333.549
31.253	333.609
31.263	333.581
31.273	333.582
31.283	333.587
31.293	333.615
31.303	333.578
31.313	333.537
31.323	333.462
31.333	333.428
31.343	333.410
31.353	333.381
31.363	333.378
31.373	333.411
31.383	333.377
31.393	333.291
31.403	333.302
31.413	333.192
31.423	333.046
31.433	332.993
31.443	332.871
31.453	332.853
31.463	332.901
31.473	333.003
31.483	333.011
31.493	333.151
31.503	333.179
31.513	333.225
31.523	333.334
31.533	333.313
31.543	333.381
31.553	333.364
31.563	333.344
31.573	333.193
31.583	333.030
31.593	332.930
31.603	332.732
31.613	332.645
31.623	332.695
31.633	332.749
31.643	332.872
31.653	333.008
31.663	333.076
31.673	333.238
31.683	333.344
31.693	333.453
31.703	333.447
31.713	333.438
31.723	333.428
31.733	333.376
31.743	333.296
31.753	333.214
31.763	333.064
31.773	333.063
31.783	333.040
31.793	333.006
31.803	333.022
31.813	333.043
31.823	333.052
31.833	333.022
31.843	333.080
31.853	333.068
31.863	333.091
31.873	333.106
31.883	333.087
31.893	333.151
31.903	333.166
31.913	333.185
31.923	333.146
31.933	333.247
31.943	333.201
31.953	333.092
31.963	333.185
31.973	333.134
31.983	333.102
31.993	333.103
32.003	333.148
32.013	333.215
32.023	333.233
32.033	333.287
32.043	333.290
32.053	333.345
32.063	333.357
32.073	333.380
32.083	333.370
32.093	333.369
32.103	333.339
32.113	333.405
32.123	333.413
32.133	333.395
32.143	333.361
32.153	333.302
32.163	333.303
32.173	333.291
32.183	333.301
32.193	333.325
32.203	333.330
32.213	333.337
32.223	333.359
32.233	333.363
32.243	333.390
32.253	333.463
32.263	333.468
32.273	333.385
32.283	333.419
32.293	333.328
32.303	333.259
32.313	333.220
32.323	333.274
32.333	333.350
32.343	333.366
32.353	333.338
32.363	333.386
32.373	333.402
32.383	333.342
32.393	333.294
32.403	333.290
32.413	333.282
32.423	333.318
32.433	333.359
32.443	333.370
32.453	333.331
32.463	333.325
32.473	333.322
32.483	330.473
32.493	323.908
32.503	300.676
32.513	297.188
32.523	297.100
32.533	297.067
32.543	296.942
32.553	296.737
32.563	296.633
32.573	296.450
32.583	296.333
32.593	296.209
32.603	296.209
32.613	296.146
32.623	296.119
32.633	296.088
32.643	296.016
32.653	295.912
32.663	295.866
32.673	295.859
32.683	295.872
32.693	295.909
32.703	295.968
32.713	296.040
32.723	296.164
32.733	296.277
32.743	296.330
32.753	296.437
32.763	296.500
32.773	296.539
32.783	296.556
32.793	296.759
32.803	297.059
32.813	289.420
32.823	282.053
32.833	279.353
32.843	278.945
32.853	278.934
32.863	278.825
32.873	278.832
32.883	278.857
32.893	278.882
32.903	278.893
32.913	278.913
32.923	278.857
32.933	278.881
32.943	278.806
32.953	278.813
32.963	278.787
32.973	278.802
32.983	278.783
32.993	278.775
33.003	278.755
33.013	278.777
33.023	278.812
33.033	278.821
33.043	278.844
33.053	278.912
33.063	278.895
33.073	278.964
33.083	278.956
33.093	279.009
33.103	279.018
33.113	279.048
33.123	279.046
33.133	279.053
33.143	279.046
33.153	279.307
33.163	280.211
33.173	293.802
33.183	295.490
33.193	296.163
33.203	296.362
33.213	296.404
33.223	296.648
33.233	296.704
33.243	296.745
33.253	296.797
33.263	296.869
33.273	296.967
33.283	296.976
33.293	296.961
33.303	296.970
33.313	296.925
33.323	296.919
33.333	296.879
33.343	296.801
33.353	296.776
33.363	296.759
33.373	296.715
33.383	296.664
33.393	296.662
33.403	296.625
33.413	296.600
33.423	296.607
33.433	296.560
33.443	296.600
33.453	296.626
33.463	296.605
33.473	296.621
33.483	296.614
33.493	296.675
33.503	296.656
33.513	296.675
33.523	296.672
33.533	296.629
33.543	296.665
33.553	296.621
33.563	296.642
33.573	296.607
33.583	296.638
33.593	296.665
33.603	296.678
33.613	296.704
33.623	296.686
33.633	296.680
33.643	296.670
33.653	296.670
33.663	296.709
33.673	296.691
33.683	296.684
33.693	296.690
33.703	296.735
33.713	296.755
33.723	296.755
33.733	296.805
33.743	296.843
33.753	296.881
33.763	296.881
33.773	296.899
33.783	296.883
33.793	296.861
33.803	296.818
33.813	296.751
33.823	296.724
33.833	296.672
33.843	296.630
33.853	296.557
33.863	296.517
33.873	296.502
33.883	296.467
33.893	296.529
33.903	296.543
33.913	296.668
33.923	296.782
33.933	296.806
33.943	296.834
33.953	296.787
33.963	296.816
33.973	296.796
33.983	296.834
33.993	296.864
34.003	296.852
34.013	296.882
34.023	296.863
34.033	296.890
34.043	296.898
34.053	296.893
34.063	296.871
34.073	296.795
34.083	296.807
34.093	296.723
34.103	296.674
34.113	296.645
34.123	296.569
34.133	296.554
34.143	296.534
34.153	296.555
34.163	296.579
34.173	296.665
34.183	296.756
34.193	296.734
34.203	296.749
34.213	296.698
34.223	296.686
34.233	296.618
34.243	296.584
34.253	296.602
34.263	296.580
34.273	296.584
34.283	296.520
34.293	296.502
34.303	296.481
34.313	296.465
34.323	296.446
34.333	296.426
34.343	296.428
34.353	296.399
34.363	296.404
34.373	296.386
34.383	296.437
34.393	296.479
34.403	296.512
34.413	296.572
34.423	296.600
34.433	296.632
34.443	296.600
34.453	296.614
34.463	296.596
34.473	296.612
34.483	296.638
34.493	296.677
34.503	296.759
34.513	296.791
34.523	296.862
34.533	296.854
34.543	296.804
34.553	296.788
34.563	296.688
34.573	296.641
34.583	296.574
34.593	296.603
34.603	296.620
34.613	296.612
34.623	296.615
34.633	296.631
34.643	296.709
34.653	296.738
34.663	296.769
34.673	296.810
34.683	296.839
34.693	296.867
34.703	296.781
34.713	296.905
34.723	297.852
34.733	299.039
34.743	309.556
34.753	329.521
34.763	329.956
34.773	331.805
34.783	333.366
34.793	334.960
34.803	334.784
34.813	334.355
34.823	333.508
34.833	332.868
34.843	332.805
34.853	332.389
34.863	332.096
34.873	332.021
34.883	331.848
34.893	331.709
34.903	331.576
34.913	331.464
34.923	331.268
34.933	331.017
34.943	330.918
34.953	330.753
34.963	330.654
34.973	330.527
34.983	330.557
34.993	330.300
35.003	329.988
35.013	329.589
35.023	329.376
35.033	329.079
35.043	329.069
35.053	329.157
35.063	329.394
35.073	329.650
35.083	329.934
35.093	330.104
35.103	330.215
35.113	330.258
35.123	330.211
35.133	330.137
35.143	329.968
35.153	329.812
35.163	329.727
35.173	329.638
35.183	329.661
35.193	329.822
35.203	329.972
35.213	330.210
35.223	330.462
35.233	330.540
35.243	330.637
35.253	330.727
35.263	330.654
35.273	330.648
35.283	330.503
35.293	330.521
35.303	330.589
35.313	330.722
35.323	330.753
35.333	330.828
35.343	330.842
35.353	330.820
35.363	330.787
35.373	330.538
35.383	330.475
35.393	330.275
35.403	330.341
35.413	330.404
35.423	330.707
35.433	330.931
35.443	331.071
35.453	330.971
35.463	330.858
35.473	330.798
35.483	330.269
35.493	330.038
35.503	329.907
35.513	330.166
35.523	330.188
35.533	0.000
35.543	0.000
35.553	0.000
35.563	0.000
35.573	0.000
35.583	0.000
35.593	0.000
35.603	0.000
35.613	0.000
35.623	0.000
35.633	0.000
35.643	0.000
35.653	0.000
35.663	0.000
35.673	0.000
35.683	0.000
35.693	0.000
35.703	0.000
35.713	0.000
35.723	0.000
35.733	0.000
35.743	0.000
35.753	0.000
35.763	0.000
35.773	0.000
35.783	0.000
35.793	0.000
35.803	0.000
35.813	0.000
35.823	0.000
35.833	0.000
35.843	0.000
35.853	0.000
35.863	0.000
35.873	0.000
35.883	0.000
35.893	0.000
35.903	0.000
35.913	0.000
35.923	0.000
35.933	0.000
35.943	0.000
35.953	0.000
35.963	0.000
35.973	0.000
35.983	0.000
35.993	0.000
36.003	0.000
36.013	0.000
36.023	0.000
36.033	0.000
36.043	0.000
36.053	0.000
36.063	0.000
36.073	0.000
36.083	0.000
36.093	0.000
36.103	0.000
36.113	0.000
36.123	0.000
36.133	0.000
36.143	0.000
36.153	0.000
36.163	0.000
36.173	0.000
36.183	0.000
36.193	0.000
36.203	0.000
36.213	0.000
36.223	0.000
36.233	0.000
36.243	0.000
36.253	0.000
36.263	0.000
36.273	0.000
36.283	0.000
36.293	0.000
36.303	0.000
36.313	0.000
36.323	0.000
36.333	0.000
36.343	0.000
36.353	0.000
36.363	0.000
36.373	0.000
36.383	0.000
36.393	0.000
36.403	0.000
36.413	0.000
36.423	0.000
36.433	0.000
36.443	0.000
36.453	0.000
36.463	0.000
36.473	0.000
36.483	0.000
36.493	0.000
36.503	0.000
36.513	0.000
36.523	0.000
36.533	0.000
36.543	0.000
36.553	0.000
36.563	0.000
36.573	0.000
36.583	0.000
36.593	0.000
36.603	0.000
36.613	0.000
36.623	0.000
36.633	0.000
36.643	0.000
36.653	0.000
36.663	0.000
36.673	0.000
36.683	0.000
36.693	0.000
36.703	0.000
36.713	0.000
36.723	0.000
36.733	0.000
36.743	0.000
36.753	0.000
36.763	0.000
36.773	0.000
36.783	0.000
36.793	0.000
36.803	0.000
36.813	0.000
36.823	0.000
36.833	0.000
36.843	0.000
36.853	0.000
36.863	0.000
36.873	0.000
36.883	0.000
36.893	0.000
36.903	0.000
36.913	0.000
36.923	0.000
36.933	0.000
36.943	0.000
36.953	0.000
36.963	0.000
36.973	0.000
36.983	0.000
36.993	0.000
37.003	0.000
37.013	0.000
37.023	0.000
37.033	0.000
37.043	0.000
37.053	0.000
37.063	0.000
37.073	0.000
37.083	0.000
37.093	0.000
37.103	0.000
37.113	0.000
37.123	0.000
37.133	0.000
37.143	0.000
37.153	0.000
37.163	0.000
37.173	0.000
37.183	0.000
37.193	0.000
37.203	0.000
37.213	0.000
37.223	0.000
37.233	0.000
37.243	0.000
37.253	0.000
37.263	0.000
37.273	0.000
37.283	0.000
37.293	0.000
37.303	0.000
37.313	0.000
37.323	0.000
37.333	0.000
37.343	0.000
37.353	0.000
37.363	0.000
37.373	0.000
37.383	0.000
37.393	0.000
37.403	0.000
37.413	0.000
37.423	0.000
37.433	0.000
37.443	0.000
37.453	0.000
37.463	0.000
37.473	0.000
37.483	0.000
37.493	0.000
37.503	0.000
37.513	0.000
37.523	0.000
37.533	0.000
37.543	0.000
37.553	0.000
37.563	0.000
37.573	0.000
37.583	0.000
37.593	0.000
37.603	0.000
37.613	0.000
37.623	0.000
37.633	0.000
37.643	0.000
37.653	0.000
37.663	0.000
37.673	0.000
37.683	0.000
37.693	0.000
37.703	0.000
37.713	0.000
37.723	0.000
37.733	0.000
37.743	0.000
37.753	0.000
37.763	0.000
37.773	0.000
37.783	0.000
37.793	0.000
37.803	0.000
37.813	0.000
37.823	0.000
37.833	0.000
37.843	0.000
37.853	0.000
37.863	0.000
37.873	0.000
37.883	0.000
37.893	0.000
37.903	0.000
37.913	0.000
37.923	0.000
37.933	0.000
37.943	0.000
37.953	0.000
37.963	0.000
37.973	0.000
37.983	0.000
37.993	0.000
38.003	0.000
38.013	0.000
38.023	0.000
38.033	0.000
38.043	0.000
38.053	0.000
38.063	0.000
38.073	0.000
38.083	0.000
38.093	0.000
38.103	0.000
38.113	0.000
38.123	0.000
38.133	0.000
38.143	0.000
38.153	0.000
38.163	0.000
38.173	0.000
38.183	0.000
38.193	0.000
38.203	0.000
38.213	0.000
38.223	0.000
38.233	0.000
38.243	0.000
38.253	0.000
38.263	0.000
38.273	0.000
38.283	0.000
38.293	0.000
38.303	0.000
38.313	0.000
38.323	0.000
38.333	0.000
38.343	0.000
38.353	0.000
38.363	0.000
38.373	0.000
38.383	0.000
38.393	0.000
38.403	0.000
38.413	0.000
38.423	0.000
38.433	0.000
38.443	0.000
38.453	0.000
38.463	0.000
38.473	0.000
38.483	0.000
38.493	0.000
38.503	0.000
38.513	0.000
38.523	0.000
38.533	0.000
38.543	0.000
38.553	0.000
38.563	0.000
38.573	0.000
38.583	0.000
38.593	0.000
38.603	0.000
38.613	0.000
38.623	0.000
38.633	0.000
38.643	0.000
38.653	0.000
38.663	0.000
38.673	0.000
38.683	0.000
38.693	0.000
38.703	0.000
38.713	0.000
38.723	0.000
38.733	0.000
38.743	0.000
38.753	0.000
38.763	0.000
38.773	0.000
38.783	0.000
38.793	0.000
38.803	0.000
38.813	0.000
38.823	0.000
38.833	0.000
38.843	0.000
38.853	0.000
38.863	0.000
38.873	0.000
38.883	0.000
38.893	0.000
38.903	0.000
38.913	0.000
38.923	0.000
38.933	0.000
38.943	0.000
38.953	0.000
38.963	0.000
38.973	0.000
38.983	0.000
38.993	0.000
39.003	0.000
39.013	0.000
39.023	0.000
39.033	0.000
39.043	0.000
39.053	0.000
39.063	0.000
39.073	0.000
39.083	0.000
39.093	0.000
39.103	0.000
39.113	0.000
39.123	0.000
39.133	0.000
39.143	0.000
39.153	0.000
39.163	0.000
39.173	0.000
39.183	0.000
39.193	0.000
39.203	0.000
39.213	0.000
39.223	0.000
39.233	0.000
39.243	0.000
39.253	0.000
39.263	0.000
39.273	0.000
39.283	0.000
39.293	0.000
39.303	0.000
39.313	0.000
39.323	0.000
39.333	0.000
39.343	0.000
39.353	0.000
39.363	0.000
39.373	0.000
39.383	0.000
39.393	0.000
39.403	0.000
39.413	0.000
39.423	0.000
39.433	0.000
39.443	0.000
39.453	0.000
39.463	0.000
39.473	0.000
39.483	0.000
39.493	0.000
39.503	0.000
39.513	0.000
39.523	0.000
39.533	0.000
39.543	0.000
39.553	0.000
39.563	0.000
39.573	0.000
39.583	0.000
39.593	0.000
39.603	0.000
39.613	0.000
39.623	0.000
39.633	0.000
39.643	0.000
39.653	0.000
39.663	0.000
39.673	0.000
39.683	0.000
39.693	0.000
39.703	0.000
39.713	0.000
39.723	0.000
39.733	0.000
39.743	0.000
39.753	0.000
39.763	0.000
39.773	0.000
39.783	0.000
39.793	0.000
39.803	0.000
39.813	0.000
39.823	0.000
39.833	0.000
39.843	0.000
39.853	0.000
39.863	0.000
39.873	0.000
39.883	0.000
39.893	0.000
39.903	0.000
39.913	0.000
39.923	0.000
39.933	0.000
