0.023	0.000
0.033	0.000
0.043	0.000
0.053	0.000
0.063	0.000
0.073	0.000
0.083	0.000
0.093	0.000
0.103	0.000
0.113	0.000
0.123	0.000
0.133	0.000
0.143	0.000
0.153	0.000
0.163	0.000
0.173	0.000
0.183	0.000
0.193	0.000
0.203	0.000
0.213	0.000
0.223	0.000
0.233	0.000
0.243	0.000
0.253	0.000
0.263	0.000
0.273	0.000
0.283	0.000
0.293	0.000
0.303	0.000
0.313	0.000
0.323	0.000
0.333	0.000
0.343	0.000
0.353	0.000
0.363	0.000
0.373	0.000
0.383	0.000
0.393	0.000
0.403	0.000
0.413	0.000
0.423	0.000
0.433	0.000
0.443	0.000
0.453	0.000
0.463	0.000
0.473	0.000
0.483	0.000
0.493	0.000
0.503	0.000
0.513	0.000
0.523	0.000
0.533	0.000
0.543	0.000
0.553	0.000
0.563	0.000
0.573	0.000
0.583	0.000
0.593	0.000
0.603	0.000
0.613	0.000
0.623	0.000
0.633	0.000
0.643	0.000
0.653	0.000
0.663	0.000
0.673	0.000
0.683	0.000
0.693	0.000
0.703	0.000
0.713	0.000
0.723	0.000
0.733	0.000
0.743	0.000
0.753	0.000
0.763	0.000
0.773	0.000
0.783	0.000
0.793	0.000
0.803	0.000
0.813	0.000
0.823	0.000
0.833	0.000
0.843	0.000
0.853	0.000
0.863	0.000
0.873	0.000
0.883	0.000
0.893	0.000
0.903	0.000
0.913	0.000
0.923	0.000
0.933	0.000
0.943	0.000
0.953	0.000
0.963	0.000
0.973	0.000
0.983	0.000
0.993	0.000
1.003	0.000
1.013	0.000
1.023	0.000
1.033	0.000
1.043	0.000
1.053	0.000
1.063	0.000
1.073	0.000
1.083	0.000
1.093	0.000
1.103	0.000
1.113	0.000
1.123	0.000
1.133	0.000
1.143	0.000
1.153	0.000
1.163	0.000
1.173	0.000
1.183	0.000
1.193	0.000
1.203	0.000
1.213	0.000
1.223	0.000
1.233	0.000
1.243	0.000
1.253	0.000
1.263	0.000
1.273	0.000
1.283	0.000
1.293	0.000
1.303	0.000
1.313	0.000
1.323	0.000
1.333	0.000
1.343	0.000
1.353	0.000
1.363	0.000
1.373	0.000
1.383	0.000
1.393	0.000
1.403	0.000
1.413	0.000
1.423	0.000
1.433	0.000
1.443	0.000
1.453	0.000
1.463	0.000
1.473	0.000
1.483	0.000
1.493	0.000
1.503	0.000
1.513	0.000
1.523	0.000
1.533	0.000
1.543	0.000
1.553	0.000
1.563	0.000
1.573	0.000
1.583	0.000
1.593	0.000
1.603	0.000
1.613	0.000
1.623	0.000
1.633	0.000
1.643	0.000
1.653	0.000
1.663	0.000
1.673	0.000
1.683	0.000
1.693	0.000
1.703	0.000
1.713	0.000
1.723	0.000
1.733	0.000
1.743	0.000
1.753	0.000
1.763	0.000
1.773	0.000
1.783	0.000
1.793	0.000
1.803	0.000
1.813	0.000
1.823	0.000
1.833	0.000
1.843	0.000
1.853	0.000
1.863	0.000
1.873	0.000
1.883	0.000
1.893	0.000
1.903	0.000
1.913	0.000
1.923	0.000
1.933	0.000
1.943	0.000
1.953	0.000
1.963	0.000
1.973	0.000
1.983	0.000
1.993	0.000
2.003	0.000
2.013	0.000
2.023	0.000
2.033	0.000
2.043	0.000
2.053	0.000
2.063	0.000
2.073	0.000
2.083	0.000
2.093	0.000
2.103	0.000
2.113	0.000
2.123	0.000
2.133	0.000
2.143	0.000
2.153	0.000
2.163	0.000
2.173	0.000
2.183	0.000
2.193	0.000
2.203	0.000
2.213	0.000
2.223	0.000
2.233	0.000
2.243	0.000
2.253	0.000
2.263	0.000
2.273	0.000
2.283	0.000
2.293	0.000
2.303	148.305
2.313	148.681
2.323	148.059
2.333	147.919
2.343	148.138
2.353	148.295
2.363	148.359
2.373	148.561
2.383	148.692
2.393	148.667
2.403	148.632
2.413	148.500
2.423	148.427
2.433	148.408
2.443	148.418
2.453	148.423
2.463	148.468
2.473	148.514
2.483	148.566
2.493	148.605
2.503	148.660
2.513	148.671
2.523	148.737
2.533	148.767
2.543	148.773
2.553	148.737
2.563	148.788
2.573	148.776
2.583	148.772
2.593	148.717
2.603	148.700
2.613	148.633
2.623	148.653
2.633	148.668
2.643	148.674
2.653	148.699
2.663	148.707
2.673	148.712
2.683	148.716
2.693	148.706
2.703	148.678
2.713	148.682
2.723	148.695
2.733	148.689
2.743	148.641
2.753	148.618
2.763	148.594
2.773	148.533
2.783	148.505
2.793	148.470
2.803	148.479
2.813	148.439
2.823	148.443
2.833	148.419
2.843	148.404
2.853	148.387
2.863	148.416
2.873	148.434
2.883	148.462
2.893	148.489
2.903	148.560
2.913	148.593
2.923	148.579
2.933	148.600
2.943	148.647
2.953	148.720
2.963	148.748
2.973	148.773
2.983	148.778
2.993	148.751
3.003	148.751
3.013	148.746
3.023	148.747
3.033	148.722
3.043	148.690
3.053	148.649
3.063	148.591
3.073	148.568
3.083	148.553
3.093	148.525
3.103	148.502
3.113	148.539
3.123	148.554
3.133	148.620
3.143	148.617
3.153	148.713
3.163	148.764
3.173	148.790
3.183	148.796
3.193	148.839
3.203	148.864
3.213	148.901
3.223	148.960
3.233	149.025
3.243	149.086
3.253	149.109
3.263	149.163
3.273	149.612
3.283	150.918
3.293	151.729
3.303	151.620
3.313	150.798
3.323	0.000
3.333	0.000
3.343	0.000
3.353	0.000
3.363	151.248
3.373	150.273
3.383	149.202
3.393	149.031
3.403	148.959
3.413	149.005
3.423	148.948
3.433	148.931
3.443	148.901
3.453	148.842
3.463	148.752
3.473	148.699
3.483	148.663
3.493	148.600
3.503	148.550
3.513	148.491
3.523	148.478
3.533	148.475
3.543	148.458
3.553	148.413
3.563	148.392
3.573	148.441
3.583	148.419
3.593	148.390
3.603	148.358
3.613	148.338
3.623	148.288
3.633	148.231
3.643	148.166
3.653	148.182
3.663	148.177
3.673	148.155
3.683	148.129
3.693	148.157
3.703	148.213
3.713	148.223
3.723	148.227
3.733	148.228
3.743	148.168
3.753	148.114
3.763	148.117
3.773	148.137
3.783	148.278
3.793	148.752
3.803	150.343
3.813	152.566
3.823	148.779
3.833	153.823
3.843	150.519
3.853	148.794
3.863	148.563
3.873	148.131
3.883	148.254
3.893	148.285
3.903	148.313
3.913	148.294
3.923	148.299
3.933	148.332
3.943	148.335
3.953	148.323
3.963	148.348
3.973	148.363
3.983	148.381
3.993	148.392
4.003	148.359
4.013	148.328
4.023	148.329
4.033	148.303
4.043	148.304
4.053	148.242
4.063	148.184
4.073	148.158
4.083	148.102
4.093	148.057
4.103	148.030
4.113	148.070
4.123	148.091
4.133	148.141
4.143	148.171
4.153	148.203
4.163	148.224
4.173	148.258
4.183	148.254
4.193	148.250
4.203	148.232
4.213	148.239
4.223	148.242
4.233	148.257
4.243	148.250
4.253	148.220
4.263	148.218
4.273	148.238
4.283	148.246
4.293	148.230
4.303	148.233
4.313	148.195
4.323	148.141
4.333	148.137
4.343	148.082
4.353	148.037
4.363	148.071
4.373	148.079
4.383	148.076
4.393	148.099
4.403	148.102
4.413	148.145
4.423	148.205
4.433	148.236
4.443	148.237
4.453	148.274
4.463	148.280
4.473	148.245
4.483	148.240
4.493	148.213
4.503	148.174
4.513	148.149
4.523	148.109
4.533	148.070
4.543	148.096
4.553	148.111
4.563	148.902
4.573	150.362
4.583	151.097
4.593	147.648
4.603	153.072
4.613	151.305
4.623	149.922
4.633	148.564
4.643	148.403
4.653	148.538
4.663	148.476
4.673	148.449
4.683	148.458
4.693	148.441
4.703	148.436
4.713	148.452
4.723	148.459
4.733	148.492
4.743	148.509
4.753	148.523
4.763	148.557
4.773	148.574
4.783	148.624
4.793	148.626
4.803	148.638
4.813	148.614
4.823	148.605
4.833	148.547
4.843	148.558
4.853	148.535
4.863	148.521
4.873	148.516
4.883	148.489
4.893	148.461
4.903	148.422
4.913	148.379
4.923	148.359
4.933	148.336
4.943	148.295
4.953	148.253
4.963	148.240
4.973	148.239
4.983	148.245
4.993	148.225
5.003	148.225
5.013	148.205
5.023	148.167
5.033	148.153
5.043	148.196
5.053	148.215
5.063	148.251
5.073	148.311
5.083	148.361
5.093	148.386
5.103	148.416
5.113	148.430
5.123	148.414
5.133	148.439
5.143	148.427
5.153	148.402
5.163	148.403
5.173	148.395
5.183	148.368
5.193	148.386
5.203	148.398
5.213	148.398
5.223	148.503
5.233	148.612
5.243	148.848
5.253	148.976
5.263	149.230
5.273	150.027
5.283	151.200
5.293	0.000
5.303	0.000
5.313	0.000
5.323	0.000
5.333	230.214
5.343	228.877
5.353	226.204
5.363	224.158
5.373	222.197
5.383	221.789
5.393	221.932
5.403	222.299
5.413	222.389
5.423	222.329
5.433	222.476
5.443	222.453
5.453	222.237
5.463	222.015
5.473	221.837
5.483	221.633
5.493	221.593
5.503	221.526
5.513	221.506
5.523	221.477
5.533	221.445
5.543	221.421
5.553	221.354
5.563	221.313
5.573	221.319
5.583	221.459
5.593	221.510
5.603	221.595
5.613	221.550
5.623	221.583
5.633	221.572
5.643	221.551
5.653	221.528
5.663	221.584
5.673	221.661
5.683	221.674
5.693	221.760
5.703	221.819
5.713	221.912
5.723	221.980
5.733	222.029
5.743	221.956
5.753	221.977
5.763	221.809
5.773	221.707
5.783	221.548
5.793	221.376
5.803	221.118
5.813	221.092
5.823	221.084
5.833	221.102
5.843	221.140
5.853	221.160
5.863	221.325
5.873	221.526
5.883	221.666
5.893	221.935
5.903	222.130
5.913	222.299
5.923	222.311
5.933	222.406
5.943	222.414
5.953	222.389
5.963	222.271
5.973	222.181
5.983	221.999
5.993	221.989
6.003	221.816
6.013	221.731
6.023	221.682
6.033	221.633
6.043	221.669
6.053	221.692
6.063	221.764
6.073	221.902
6.083	222.125
6.093	222.299
6.103	222.401
6.113	222.576
6.123	222.767
6.133	222.887
6.143	222.910
6.153	222.918
6.163	222.870
6.173	222.855
6.183	222.788
6.193	222.736
6.203	222.597
6.213	222.540
6.223	222.412
6.233	222.287
6.243	222.181
6.253	222.045
6.263	221.967
6.273	221.932
6.283	221.858
6.293	221.823
6.303	221.808
6.313	221.835
6.323	221.848
6.333	221.977
6.343	222.136
6.353	222.222
6.363	222.305
6.373	222.322
6.383	222.257
6.393	222.234
6.403	222.225
6.413	222.241
6.423	222.192
6.433	222.175
6.443	222.119
6.453	222.077
6.463	222.009
6.473	221.909
6.483	221.828
6.493	221.746
6.503	221.656
6.513	221.604
6.523	221.581
6.533	221.620
6.543	221.628
6.553	221.567
6.563	221.573
6.573	221.571
6.583	221.639
6.593	221.627
6.603	221.686
6.613	221.683
6.623	221.698
6.633	222.530
6.643	224.557
6.653	227.479
6.663	228.562
6.673	225.009
6.683	0.000
6.693	0.000
6.703	0.000
6.713	174.127
6.723	174.065
6.733	175.159
6.743	176.689
6.753	177.424
6.763	177.846
6.773	177.685
6.783	177.608
6.793	177.577
6.803	177.652
6.813	177.533
6.823	177.503
6.833	177.479
6.843	177.554
6.853	177.604
6.863	177.568
6.873	177.517
6.883	177.511
6.893	177.519
6.903	177.569
6.913	177.526
6.923	177.478
6.933	177.439
6.943	177.296
6.953	177.107
6.963	177.102
6.973	177.058
6.983	177.064
6.993	177.124
7.003	177.143
7.013	177.181
7.023	177.180
7.033	177.181
7.043	177.199
7.053	177.205
7.063	177.231
7.073	177.248
7.083	177.263
7.093	177.319
7.103	177.401
7.113	177.431
7.123	177.406
7.133	177.377
7.143	177.393
7.153	177.444
7.163	177.470
7.173	177.468
7.183	177.446
7.193	177.515
7.203	177.533
7.213	177.509
7.223	177.514
7.233	177.462
7.243	177.497
7.253	177.500
7.263	177.486
7.273	177.385
7.283	177.307
7.293	177.284
7.303	177.316
7.313	177.221
7.323	177.160
7.333	177.155
7.343	177.121
7.353	177.215
7.363	177.259
7.373	177.306
7.383	177.319
7.393	177.346
7.403	177.345
7.413	177.322
7.423	177.418
7.433	177.446
7.443	177.472
7.453	177.536
7.463	177.547
7.473	177.503
7.483	177.495
7.493	177.544
7.503	177.565
7.513	177.584
7.523	177.553
7.533	177.527
7.543	177.515
7.553	177.492
7.563	177.449
7.573	177.418
7.583	177.454
7.593	177.501
7.603	177.542
7.613	177.543
7.623	177.603
7.633	177.589
7.643	177.481
7.653	177.460
7.663	177.357
7.673	177.341
7.683	177.407
7.693	177.418
7.703	177.428
7.713	177.411
7.723	177.407
7.733	177.361
7.743	177.347
7.753	177.345
7.763	177.343
7.773	177.399
7.783	177.440
7.793	177.470
7.803	177.538
7.813	177.618
7.823	177.671
7.833	177.631
7.843	177.648
7.853	177.605
7.863	177.584
7.873	177.577
7.883	177.611
7.893	177.651
7.903	177.640
7.913	177.967
7.923	178.425
7.933	178.230
7.943	178.170
7.953	178.260
7.963	178.328
7.973	178.365
7.983	178.347
7.993	177.516
8.003	176.617
8.013	0.000
8.023	0.000
8.033	0.000
8.043	242.792
8.053	242.389
8.063	242.125
8.073	241.824
8.083	241.561
8.093	239.699
8.103	236.864
8.113	236.729
8.123	236.933
8.133	236.775
8.143	236.590
8.153	236.527
8.163	236.323
8.173	235.982
8.183	235.637
8.193	235.419
8.203	235.038
8.213	234.822
8.223	234.829
8.233	234.848
8.243	234.998
8.253	235.089
8.263	235.129
8.273	235.127
8.283	235.209
8.293	235.189
8.303	235.193
8.313	235.286
8.323	235.539
8.333	235.674
8.343	235.900
8.353	236.165
8.363	236.474
8.373	236.521
8.383	236.592
8.393	236.530
8.403	236.394
8.413	236.310
8.423	236.035
8.433	235.870
8.443	235.768
8.453	235.611
8.463	235.461
8.473	235.254
8.483	235.112
8.493	234.760
8.503	234.318
8.513	234.152
8.523	233.741
8.533	233.431
8.543	233.351
8.553	233.423
8.563	233.679
8.573	234.085
8.583	234.657
8.593	234.967
8.603	235.465
8.613	235.960
8.623	236.188
8.633	236.599
8.643	236.904
8.653	237.174
8.663	237.233
8.673	237.223
8.683	236.978
8.693	236.724
8.703	236.569
8.713	236.100
8.723	235.596
8.733	235.341
8.743	234.733
8.753	234.080
8.763	233.689
8.773	233.614
8.783	233.565
8.793	233.734
8.803	233.902
8.813	234.271
8.823	234.697
8.833	235.286
8.843	235.637
8.853	236.278
8.863	236.697
8.873	236.966
8.883	237.034
8.893	236.988
8.903	236.701
8.913	236.537
8.923	236.285
8.933	236.131
8.943	235.725
8.953	235.395
8.963	234.712
8.973	233.932
8.983	233.597
8.993	233.066
9.003	232.890
9.013	233.096
9.023	233.233
9.033	233.811
9.043	234.428
9.053	235.059
9.063	235.320
9.073	235.640
9.083	235.828
9.093	235.979
9.103	236.195
9.113	236.343
9.123	236.422
9.133	236.406
9.143	236.414
9.153	236.345
9.163	236.295
9.173	236.110
9.183	235.883
9.193	235.629
9.203	235.551
9.213	235.403
9.223	235.335
9.233	235.402
9.243	235.416
9.253	235.501
9.263	235.467
9.273	235.398
9.283	235.253
9.293	235.214
9.303	235.241
9.313	235.293
9.323	235.391
9.333	235.390
9.343	235.308
9.353	235.178
9.363	234.950
9.373	234.908
9.383	234.962
9.393	235.183
9.403	235.482
9.413	235.751
9.423	235.839
9.433	236.033
9.443	236.299
9.453	236.482
9.463	237.488
9.473	240.775
9.483	261.117
9.493	262.540
9.503	263.722
9.513	263.586
9.523	264.214
9.533	264.140
9.543	263.662
9.553	263.262
9.563	263.230
9.573	263.082
9.583	262.901
9.593	263.098
9.603	263.118
9.613	263.131
9.623	263.142
9.633	263.274
9.643	263.167
9.653	263.005
9.663	263.104
9.673	263.125
9.683	263.065
9.693	262.911
9.703	262.866
9.713	262.627
9.723	262.440
9.733	262.373
9.743	262.431
9.753	262.421
9.763	262.471
9.773	262.617
9.783	262.762
9.793	262.947
9.803	263.000
9.813	262.977
9.823	263.056
9.833	263.137
9.843	263.021
9.853	262.967
9.863	262.784
9.873	262.722
9.883	262.783
9.893	262.849
9.903	262.903
9.913	262.698
9.923	262.559
9.933	262.363
9.943	262.319
9.953	262.360
9.963	262.415
9.973	262.435
9.983	262.333
9.993	262.275
10.003	262.159
10.013	262.106
10.023	262.138
10.033	262.184
10.043	262.282
10.053	262.225
10.063	262.065
10.073	261.984
10.083	260.471
10.093	258.541
10.103	256.009
10.113	265.220
10.123	264.575
10.133	0.000
10.143	0.000
10.153	0.000
10.163	0.000
10.173	174.237
10.183	177.364
10.193	177.247
10.203	176.963
10.213	177.128
10.223	177.535
10.233	177.744
10.243	177.630
10.253	177.554
10.263	177.446
10.273	177.486
10.283	177.505
10.293	177.499
10.303	177.420
10.313	177.425
10.323	177.465
10.333	177.525
10.343	177.507
10.353	177.508
10.363	177.559
10.373	177.514
10.383	177.456
10.393	177.438
10.403	177.429
10.413	177.407
10.423	177.412
10.433	177.403
10.443	177.411
10.453	177.407
10.463	177.414
10.473	177.397
10.483	177.352
10.493	177.282
10.503	177.291
10.513	177.328
10.523	177.380
10.533	177.359
10.543	177.322
10.553	177.253
10.563	177.130
10.573	177.083
10.583	177.075
10.593	177.063
10.603	177.103
10.613	177.128
10.623	177.173
10.633	177.217
10.643	177.268
10.653	177.213
10.663	177.153
10.673	177.086
10.683	177.083
10.693	177.090
10.703	177.072
10.713	177.087
10.723	177.081
10.733	177.113
10.743	177.127
10.753	177.105
10.763	177.085
10.773	177.053
10.783	177.156
10.793	177.192
10.803	177.267
10.813	177.286
10.823	177.278
10.833	177.291
10.843	177.243
10.853	177.194
10.863	177.192
10.873	176.548
10.883	172.102
10.893	171.037
10.903	0.000
10.913	0.000
10.923	132.896
10.933	132.827
10.943	132.686
10.953	132.523
10.963	132.570
10.973	132.522
10.983	132.303
10.993	132.253
11.003	132.203
11.013	132.130
11.023	132.169
11.033	132.220
11.043	132.205
11.053	132.309
11.063	132.358
11.073	132.373
11.083	132.414
11.093	132.467
11.103	132.520
11.113	132.589
11.123	132.693
11.133	132.638
11.143	132.669
11.153	132.659
11.163	132.616
11.173	132.687
11.183	132.720
11.193	132.720
11.203	132.745
11.213	132.732
11.223	132.690
11.233	132.543
11.243	132.467
11.253	132.383
11.263	132.393
11.273	132.370
11.283	132.411
11.293	132.474
11.303	132.476
11.313	132.378
11.323	132.359
11.333	132.301
11.343	132.175
11.353	132.056
11.363	132.030
11.373	131.963
11.383	132.072
11.393	132.226
11.403	132.344
11.413	132.512
11.423	132.722
11.433	132.867
11.443	133.032
11.453	133.073
11.463	133.048
11.473	133.126
11.483	133.042
11.493	132.898
11.503	132.749
11.513	132.638
11.523	132.416
11.533	132.131
11.543	132.040
11.553	131.769
11.563	131.635
11.573	131.554
11.583	131.562
11.593	131.582
11.603	131.687
11.613	131.821
11.623	131.892
11.633	132.093
11.643	132.249
11.653	132.375
11.663	132.561
11.673	132.693
11.683	132.786
11.693	132.845
11.703	132.964
11.713	132.938
11.723	132.951
11.733	132.837
11.743	132.669
11.753	132.432
11.763	132.328
11.773	132.158
11.783	131.905
11.793	131.760
11.803	131.663
11.813	131.616
11.823	131.575
11.833	131.566
11.843	131.613
11.853	131.723
11.863	131.814
11.873	131.855
11.883	131.980
11.893	132.070
11.903	132.145
11.913	132.318
11.923	132.477
11.933	132.638
11.943	132.691
11.953	132.812
11.963	132.834
11.973	132.845
11.983	132.831
11.993	132.732
12.003	132.566
12.013	132.479
12.023	132.326
12.033	132.041
12.043	131.889
12.053	131.803
12.063	131.657
12.073	131.540
12.083	131.559
12.093	131.593
12.103	131.628
12.113	131.664
12.123	131.740
12.133	131.847
12.143	131.933
12.153	132.183
12.163	132.285
12.173	132.392
12.183	132.541
12.193	132.674
12.203	132.788
12.213	132.841
12.223	133.007
12.233	133.043
12.243	133.169
12.253	133.357
12.263	133.413
12.273	133.361
12.283	133.008
12.293	132.611
12.303	132.431
12.313	132.152
12.323	132.021
12.333	132.020
12.343	132.096
12.353	132.224
12.363	132.464
12.373	132.611
12.383	132.852
12.393	133.079
12.403	133.236
12.413	133.192
12.423	133.252
12.433	133.085
12.443	132.982
12.453	132.950
12.463	132.790
12.473	132.696
12.483	132.598
12.493	132.520
12.503	132.399
12.513	132.279
12.523	132.229
12.533	132.131
12.543	132.184
12.553	132.263
12.563	132.423
12.573	132.422
12.583	132.332
12.593	132.371
12.603	132.300
12.613	132.342
12.623	132.481
12.633	132.595
12.643	132.729
12.653	132.876
12.663	132.923
12.673	133.031
12.683	133.028
12.693	132.928
12.703	132.912
12.713	132.720
12.723	132.543
12.733	132.444
12.743	132.305
12.753	132.227
12.763	132.229
12.773	132.235
12.783	132.301
12.793	132.306
12.803	132.291
12.813	132.234
12.823	132.161
12.833	132.111
12.843	132.112
12.853	132.126
12.863	132.182
12.873	132.280
12.883	132.342
12.893	132.453
12.903	132.521
12.913	132.516
12.923	132.549
12.933	132.550
12.943	132.557
12.953	132.532
12.963	132.535
12.973	132.587
12.983	132.523
12.993	132.411
13.003	132.457
13.013	132.407
13.023	132.268
13.033	132.309
13.043	132.321
13.053	132.267
13.063	132.281
13.073	132.308
13.083	132.289
13.093	132.254
13.103	132.252
13.113	132.264
13.123	132.302
13.133	132.279
13.143	132.269
13.153	132.312
13.163	132.363
13.173	132.298
13.183	132.326
13.193	132.345
13.203	132.273
13.213	132.185
13.223	132.188
13.233	132.186
13.243	132.156
13.253	132.182
13.263	132.118
13.273	132.046
13.283	132.049
13.293	132.031
13.303	131.990
13.313	131.993
13.323	131.984
13.333	131.915
13.343	131.872
13.353	131.863
13.363	131.863
13.373	131.880
13.383	131.884
13.393	131.904
13.403	131.914
13.413	131.928
13.423	131.949
13.433	131.916
13.443	131.917
13.453	131.924
13.463	131.926
13.473	131.920
13.483	131.880
13.493	131.877
13.503	131.868
13.513	131.828
13.523	131.771
13.533	131.757
13.543	131.794
13.553	131.834
13.563	131.855
13.573	131.900
13.583	131.885
13.593	131.869
13.603	131.875
13.613	131.863
13.623	131.851
13.633	131.841
13.643	131.805
13.653	131.744
13.663	131.720
13.673	131.628
13.683	130.502
13.693	129.361
13.703	131.054
13.713	0.000
13.723	0.000
13.733	0.000
13.743	173.964
13.753	174.693
13.763	175.319
13.773	176.251
13.783	176.852
13.793	177.452
13.803	177.171
13.813	176.824
13.823	176.721
13.833	176.463
13.843	176.442
13.853	176.355
13.863	176.157
13.873	176.144
13.883	176.179
13.893	176.129
13.903	176.249
13.913	176.491
13.923	176.539
13.933	176.614
13.943	176.805
13.953	176.882
13.963	176.885
13.973	176.899
13.983	176.733
13.993	176.564
14.003	176.528
14.013	176.479
14.023	176.485
14.033	176.499
14.043	176.416
14.053	176.294
14.063	176.261
14.073	176.237
14.083	176.256
14.093	176.367
14.103	176.431
14.113	176.442
14.123	176.476
14.133	176.541
14.143	176.566
14.153	176.593
14.163	176.684
14.173	176.688
14.183	176.670
14.193	176.684
14.203	176.728
14.213	176.764
14.223	176.825
14.233	176.852
14.243	176.904
14.253	176.941
14.263	176.998
14.273	177.016
14.283	176.999
14.293	176.908
14.303	176.828
14.313	176.741
14.323	176.728
14.333	176.725
14.343	176.705
14.353	176.726
14.363	176.750
14.373	176.691
14.383	176.645
14.393	176.618
14.403	176.544
14.413	176.515
14.423	176.555
14.433	176.635
14.443	176.760
14.453	176.788
14.463	176.760
14.473	176.755
14.483	176.749
14.493	176.740
14.503	176.703
14.513	176.616
14.523	176.622
14.533	176.635
14.543	176.638
14.553	176.689
14.563	176.777
14.573	176.819
14.583	176.813
14.593	176.792
14.603	176.775
14.613	176.773
14.623	176.862
14.633	176.866
14.643	176.870
14.653	176.885
14.663	176.972
14.673	177.064
14.683	177.110
14.693	177.131
14.703	177.149
14.713	177.142
14.723	177.116
14.733	177.098
14.743	177.066
14.753	177.024
14.763	176.922
14.773	176.973
14.783	177.053
14.793	177.124
14.803	177.120
14.813	177.082
14.823	177.109
14.833	177.121
14.843	177.058
14.853	177.078
14.863	177.076
14.873	177.016
14.883	176.940
14.893	176.886
14.903	176.917
14.913	176.829
14.923	176.712
14.933	176.738
14.943	176.734
14.953	176.758
14.963	176.895
14.973	176.936
14.983	176.949
14.993	176.948
15.003	176.933
15.013	176.897
15.023	176.888
15.033	176.975
15.043	176.973
15.053	177.006
15.063	177.027
15.073	176.935
15.083	176.879
15.093	176.790
15.103	176.740
15.113	176.739
15.123	176.799
15.133	176.826
15.143	176.895
15.153	176.916
15.163	176.786
15.173	176.849
15.183	177.027
15.193	177.071
15.203	177.288
15.213	177.552
15.223	177.602
15.233	177.585
15.243	177.415
15.253	177.227
15.263	177.160
15.273	176.976
15.283	176.858
15.293	176.925
15.303	177.023
15.313	177.045
15.323	177.058
15.333	177.097
15.343	177.137
15.353	177.345
15.363	177.468
15.373	177.538
15.383	177.574
15.393	177.539
15.403	177.518
15.413	177.296
15.423	177.125
15.433	176.919
15.443	176.810
15.453	176.774
15.463	176.586
15.473	176.389
15.483	176.332
15.493	176.271
15.503	176.283
15.513	176.301
15.523	176.354
15.533	176.439
15.543	176.536
15.553	176.720
15.563	176.789
15.573	176.964
15.583	176.944
15.593	176.737
15.603	176.638
15.613	176.564
15.623	176.307
15.633	176.601
15.643	177.098
15.653	176.795
15.663	176.567
15.673	176.648
15.683	0.000
15.693	0.000
15.703	0.000
15.713	0.000
15.723	0.000
15.733	0.000
15.743	0.000
15.753	0.000
15.763	0.000
15.773	0.000
15.783	0.000
15.793	0.000
15.803	0.000
15.813	0.000
15.823	0.000
15.833	0.000
15.843	0.000
15.853	0.000
15.863	0.000
15.873	0.000
15.883	0.000
15.893	0.000
15.903	0.000
15.913	0.000
15.923	0.000
15.933	0.000
15.943	0.000
15.953	0.000
15.963	0.000
15.973	0.000
15.983	0.000
15.993	0.000
16.003	0.000
16.013	0.000
16.023	0.000
16.033	0.000
16.043	0.000
16.053	0.000
16.063	0.000
16.073	0.000
16.083	0.000
16.093	0.000
16.103	0.000
16.113	0.000
16.123	0.000
16.133	0.000
16.143	0.000
16.153	0.000
16.163	0.000
16.173	0.000
16.183	0.000
16.193	0.000
16.203	0.000
16.213	0.000
16.223	0.000
16.233	0.000
16.243	0.000
16.253	0.000
16.263	0.000
16.273	0.000
16.283	0.000
16.293	0.000
16.303	0.000
16.313	0.000
16.323	0.000
16.333	0.000
16.343	0.000
16.353	0.000
16.363	0.000
16.373	0.000
16.383	0.000
16.393	0.000
16.403	0.000
16.413	0.000
16.423	0.000
16.433	0.000
16.443	0.000
16.453	0.000
16.463	0.000
16.473	0.000
16.483	0.000
16.493	0.000
16.503	0.000
16.513	0.000
16.523	0.000
16.533	0.000
16.543	0.000
16.553	0.000
16.563	0.000
16.573	0.000
16.583	0.000
16.593	0.000
16.603	0.000
16.613	0.000
16.623	0.000
16.633	0.000
16.643	0.000
16.653	0.000
16.663	0.000
16.673	0.000
16.683	0.000
16.693	0.000
16.703	0.000
16.713	0.000
16.723	0.000
16.733	0.000
16.743	0.000
16.753	0.000
16.763	0.000
16.773	0.000
16.783	0.000
16.793	0.000
16.803	0.000
16.813	0.000
16.823	0.000
16.833	0.000
16.843	0.000
16.853	0.000
16.863	0.000
16.873	0.000
16.883	0.000
16.893	0.000
16.903	0.000
16.913	0.000
16.923	0.000
16.933	0.000
16.943	0.000
16.953	0.000
16.963	0.000
16.973	0.000
16.983	0.000
16.993	0.000
17.003	0.000
17.013	0.000
17.023	0.000
17.033	0.000
17.043	0.000
17.053	0.000
17.063	0.000
17.073	0.000
17.083	0.000
17.093	0.000
17.103	0.000
17.113	0.000
17.123	0.000
17.133	0.000
17.143	0.000
17.153	0.000
17.163	0.000
17.173	0.000
17.183	0.000
17.193	0.000
17.203	0.000
17.213	0.000
17.223	0.000
17.233	0.000
17.243	0.000
17.253	0.000
17.263	262.854
17.273	263.389
17.283	263.839
17.293	261.840
17.303	260.660
17.313	260.778
17.323	260.837
17.333	261.128
17.343	261.911
17.353	262.018
17.363	261.999
17.373	261.927
17.383	262.443
17.393	262.913
17.403	262.932
17.413	262.735
17.423	262.636
17.433	262.498
17.443	262.678
17.453	263.100
17.463	263.299
17.473	263.622
17.483	263.869
17.493	263.884
17.503	263.781
17.513	263.671
17.523	263.759
17.533	263.790
17.543	263.967
17.553	264.081
17.563	263.848
17.573	263.807
17.583	263.933
17.593	263.965
17.603	263.925
17.613	263.852
17.623	263.868
17.633	263.833
17.643	263.758
17.653	263.811
17.663	263.828
17.673	263.809
17.683	263.808
17.693	263.957
17.703	264.089
17.713	264.049
17.723	263.969
17.733	263.725
17.743	263.615
17.753	263.546
17.763	263.449
17.773	263.470
17.783	263.530
17.793	263.694
17.803	263.725
17.813	263.736
17.823	263.690
17.833	263.756
17.843	264.071
17.853	264.198
17.863	264.224
17.873	264.091
17.883	264.012
17.893	264.038
17.903	263.851
17.913	261.410
17.923	257.854
17.933	262.114
17.943	266.172
17.953	263.456
17.963	267.565
17.973	263.032
17.983	266.070
17.993	264.610
18.003	263.966
18.013	264.057
18.023	264.540
18.033	264.355
18.043	264.180
18.053	264.125
18.063	264.030
18.073	264.048
18.083	264.202
18.093	264.254
18.103	264.409
18.113	264.559
18.123	264.269
18.133	263.901
18.143	263.815
18.153	263.698
18.163	263.767
18.173	263.863
18.183	263.945
18.193	264.015
18.203	263.972
18.213	264.019
18.223	263.945
18.233	264.106
18.243	264.185
18.253	264.073
18.263	262.421
18.273	260.332
18.283	260.188
18.293	264.721
18.303	269.257
18.313	261.304
18.323	261.654
18.333	268.520
18.343	263.300
18.353	262.430
18.363	262.615
18.373	263.883
18.383	263.877
18.393	263.959
18.403	263.858
18.413	263.865
18.423	264.023
18.433	264.026
18.443	264.054
18.453	263.992
18.463	263.868
18.473	263.780
18.483	263.630
18.493	263.557
18.503	263.566
18.513	263.718
18.523	263.936
18.533	263.908
18.543	263.757
18.553	263.550
18.563	263.441
18.573	263.458
18.583	263.695
18.593	263.999
18.603	264.144
18.613	264.086
18.623	263.897
18.633	263.873
18.643	261.315
18.653	260.124
18.663	256.522
18.673	266.254
18.683	259.614
18.693	257.891
18.703	261.367
18.713	262.704
18.723	263.370
18.733	264.768
18.743	264.505
18.753	264.339
18.763	264.489
18.773	264.437
18.783	264.412
18.793	264.515
18.803	264.601
18.813	264.443
18.823	264.389
18.833	264.430
18.843	264.295
18.853	264.225
18.863	264.237
18.873	263.915
18.883	263.589
18.893	263.509
18.903	263.467
18.913	263.604
18.923	263.747
18.933	263.990
18.943	264.046
18.953	264.208
18.963	264.008
18.973	263.819
18.983	263.632
18.993	263.672
19.003	263.771
19.013	263.841
19.023	264.114
19.033	264.401
19.043	264.521
19.053	264.631
19.063	264.624
19.073	264.470
19.083	264.421
19.093	264.325
19.103	264.228
19.113	264.276
19.123	264.363
19.133	264.493
19.143	264.629
19.153	264.613
19.163	264.478
19.173	264.209
19.183	263.986
19.193	263.942
19.203	263.916
19.213	264.100
19.223	264.307
19.233	264.606
19.243	264.783
19.253	265.016
19.263	264.952
19.273	264.691
19.283	264.317
19.293	263.881
19.303	263.770
19.313	263.697
19.323	263.715
19.333	263.816
19.343	264.043
19.353	264.127
19.363	263.938
19.373	263.969
19.383	263.879
19.393	263.958
19.403	264.184
19.413	264.537
19.423	264.461
19.433	264.281
19.443	264.291
19.453	264.300
19.463	264.587
19.473	264.932
19.483	265.085
19.493	265.345
19.503	265.482
19.513	265.437
19.523	265.410
19.533	265.078
19.543	264.623
19.553	264.506
19.563	264.487
19.573	264.666
19.583	264.741
19.593	264.843
19.603	264.814
19.613	264.475
19.623	264.257
19.633	263.698
19.643	263.601
19.653	263.719
19.663	263.780
19.673	264.027
19.683	264.304
19.693	264.335
19.703	264.284
19.713	264.246
19.723	264.217
19.733	264.143
19.743	263.993
19.753	264.016
19.763	264.025
19.773	264.056
19.783	264.178
19.793	264.329
19.803	264.446
19.813	264.724
19.823	264.719
19.833	264.380
19.843	264.207
19.853	263.927
19.863	263.897
19.873	264.074
19.883	264.224
19.893	264.565
19.903	264.870
19.913	264.881
19.923	264.788
19.933	264.845
19.943	264.858
19.953	264.894
19.963	264.937
19.973	265.251
19.983	264.433
19.993	261.041
20.003	258.217
20.013	260.086
20.023	260.447
20.033	265.442
20.043	263.328
20.053	263.286
20.063	264.059
20.073	264.781
20.083	264.721
20.093	264.671
20.103	264.584
20.113	264.553
20.123	264.588
20.133	264.551
20.143	264.360
20.153	264.292
20.163	264.277
20.173	264.200
20.183	263.909
20.193	263.604
20.203	263.633
20.213	263.804
20.223	263.925
20.233	264.022
20.243	264.027
20.253	263.879
20.263	263.734
20.273	263.709
20.283	263.612
20.293	263.551
20.303	263.581
20.313	263.630
20.323	263.547
20.333	263.541
20.343	263.557
20.353	263.653
20.363	263.625
20.373	263.606
20.383	263.552
20.393	263.381
20.403	263.377
20.413	263.473
20.423	263.466
20.433	263.659
20.443	263.845
20.453	263.888
20.463	264.011
20.473	264.216
20.483	264.273
20.493	264.200
20.503	264.079
20.513	263.977
20.523	263.943
20.533	263.944
20.543	263.809
20.553	263.640
20.563	263.559
20.573	263.609
20.583	263.630
20.593	263.652
20.603	263.725
20.613	263.855
20.623	264.018
20.633	264.141
20.643	264.233
20.653	264.344
20.663	264.359
20.673	264.438
20.683	264.387
20.693	264.548
20.703	264.744
20.713	265.297
20.723	265.975
20.733	266.574
20.743	266.632
20.753	267.408
20.763	267.480
20.773	267.841
20.783	268.075
20.793	265.957
20.803	263.914
20.813	263.871
20.823	0.000
20.833	0.000
20.843	0.000
20.853	0.000
20.863	0.000
20.873	0.000
20.883	0.000
20.893	0.000
20.903	0.000
20.913	0.000
20.923	0.000
20.933	0.000
20.943	0.000
20.953	0.000
20.963	0.000
20.973	0.000
20.983	0.000
20.993	0.000
21.003	0.000
21.013	0.000
21.023	0.000
21.033	0.000
21.043	0.000
21.053	0.000
21.063	0.000
21.073	0.000
21.083	0.000
21.093	0.000
21.103	0.000
21.113	0.000
21.123	0.000
21.133	0.000
21.143	0.000
21.153	0.000
21.163	0.000
21.173	0.000
21.183	0.000
21.193	0.000
21.203	0.000
21.213	0.000
21.223	0.000
21.233	0.000
21.243	0.000
21.253	0.000
21.263	0.000
21.273	0.000
21.283	0.000
21.293	0.000
21.303	0.000
21.313	0.000
21.323	0.000
21.333	0.000
21.343	0.000
21.353	0.000
21.363	0.000
21.373	0.000
21.383	0.000
21.393	0.000
21.403	0.000
21.413	0.000
21.423	0.000
21.433	0.000
21.443	199.598
21.453	200.107
21.463	199.700
21.473	199.829
21.483	199.844
21.493	199.794
21.503	199.657
21.513	199.426
21.523	199.224
21.533	199.293
21.543	199.218
21.553	199.100
21.563	199.229
21.573	199.337
21.583	199.324
21.593	199.243
21.603	199.188
21.613	199.085
21.623	198.924
21.633	198.746
21.643	198.712
21.653	198.609
21.663	198.530
21.673	198.464
21.683	198.473
21.693	198.461
21.703	198.448
21.713	198.477
21.723	198.458
21.733	198.549
21.743	198.663
21.753	198.657
21.763	198.811
21.773	198.923
21.783	198.928
21.793	199.005
21.803	199.038
21.813	199.068
21.823	199.040
21.833	198.987
21.843	198.948
21.853	198.957
21.863	199.010
21.873	199.055
21.883	199.056
21.893	199.075
21.903	198.956
21.913	198.902
21.923	198.786
21.933	198.724
21.943	198.680
21.953	198.605
21.963	198.588
21.973	198.527
21.983	198.556
21.993	198.604
22.003	198.641
22.013	198.807
22.023	198.913
22.033	198.991
22.043	199.013
22.053	198.999
22.063	199.098
22.073	199.125
22.083	199.131
22.093	199.202
22.103	199.296
22.113	199.313
22.123	199.318
22.133	199.229
22.143	199.158
22.153	199.028
22.163	198.853
22.173	198.792
22.183	198.713
22.193	198.667
22.203	198.629
22.213	198.523
22.223	198.481
22.233	198.397
22.243	198.409
22.253	198.435
22.263	198.506
22.273	198.627
22.283	198.796
22.293	198.879
22.303	199.047
22.313	199.161
22.323	199.117
22.333	199.106
22.343	199.073
22.353	199.065
22.363	199.042
22.373	198.958
22.383	198.868
22.393	198.817
22.403	198.791
22.413	198.643
22.423	198.425
22.433	198.325
22.443	198.209
22.453	198.172
22.463	198.243
22.473	198.293
22.483	198.429
22.493	198.705
22.503	198.775
22.513	198.959
22.523	199.046
22.533	199.111
22.543	199.085
22.553	199.057
22.563	199.030
22.573	199.005
22.583	198.938
22.593	198.875
22.603	198.859
22.613	198.881
22.623	198.913
22.633	198.964
22.643	198.999
22.653	198.999
22.663	198.964
22.673	198.989
22.683	199.101
22.693	198.985
22.703	199.840
22.713	203.417
22.723	203.397
22.733	200.287
22.743	197.508
22.753	199.472
22.763	200.126
22.773	199.532
22.783	199.461
22.793	199.378
22.803	199.363
22.813	199.342
22.823	199.280
22.833	199.296
22.843	199.238
22.853	199.194
22.863	199.151
22.873	199.124
22.883	199.098
22.893	199.091
22.903	199.060
22.913	198.985
22.923	198.939
22.933	198.935
22.943	198.914
22.953	198.902
22.963	198.868
22.973	198.846
22.983	198.854
22.993	198.893
23.003	198.966
23.013	198.998
23.023	198.988
23.033	199.004
23.043	199.043
23.053	199.070
23.063	199.200
23.073	199.292
23.083	199.314
23.093	199.356
23.103	199.355
23.113	199.296
23.123	199.249
23.133	199.236
23.143	199.135
23.153	199.095
23.163	199.019
23.173	198.903
23.183	198.807
23.193	198.795
23.203	198.718
23.213	198.629
23.223	198.598
23.233	198.600
23.243	198.576
23.253	198.566
23.263	198.555
23.273	198.624
23.283	198.824
23.293	198.919
23.303	198.999
23.313	199.141
23.323	199.177
23.333	199.160
23.343	199.082
23.353	199.053
23.363	199.091
23.373	199.113
23.383	199.146
23.393	199.129
23.403	199.042
23.413	199.002
23.423	198.930
23.433	198.793
23.443	198.806
23.453	198.804
23.463	198.871
23.473	198.981
23.483	199.007
23.493	199.198
23.503	199.537
23.513	199.666
23.523	199.748
23.533	199.703
23.543	199.686
23.553	199.697
23.563	199.740
23.573	199.816
23.583	199.939
23.593	199.991
23.603	200.087
23.613	200.088
23.623	199.644
23.633	200.703
23.643	0.000
23.653	0.000
23.663	0.000
23.673	0.000
23.683	231.019
23.693	229.799
23.703	227.374
23.713	225.830
23.723	224.327
23.733	223.920
23.743	222.951
23.753	223.099
23.763	223.021
23.773	222.615
23.783	222.301
23.793	222.318
23.803	222.294
23.813	222.353
23.823	222.277
23.833	222.198
23.843	222.122
23.853	222.047
23.863	221.935
23.873	221.916
23.883	221.935
23.893	222.003
23.903	222.065
23.913	222.088
23.923	222.040
23.933	221.960
23.943	221.984
23.953	221.976
23.963	221.989
23.973	222.074
23.983	222.206
23.993	223.977
24.003	226.925
24.013	228.566
24.023	226.851
24.033	233.591
24.043	237.839
24.053	238.291
24.063	238.035
24.073	237.177
24.083	235.837
24.093	235.368
24.103	234.972
24.113	235.028
24.123	235.098
24.133	235.184
24.143	235.188
24.153	235.125
24.163	235.104
24.173	234.962
24.183	234.883
24.193	234.949
24.203	235.024
24.213	235.244
24.223	235.522
24.233	235.732
24.243	235.743
24.253	235.790
24.263	235.866
24.273	235.920
24.283	235.954
24.293	235.893
24.303	235.893
24.313	235.911
24.323	235.890
24.333	235.842
24.343	235.761
24.353	235.557
24.363	235.287
24.373	235.036
24.383	234.879
24.393	234.615
24.403	234.355
24.413	234.048
24.423	233.928
24.433	233.713
24.443	233.692
24.453	233.768
24.463	233.859
24.473	234.048
24.483	234.365
24.493	234.607
24.503	235.119
24.513	235.636
24.523	235.795
24.533	236.158
24.543	236.512
24.553	236.684
24.563	236.725
24.573	236.619
24.583	236.454
24.593	236.242
24.603	236.137
24.613	235.949
24.623	235.787
24.633	235.671
24.643	235.351
24.653	234.922
24.663	234.517
24.673	234.347
24.683	234.058
24.693	233.963
24.703	233.996
24.713	234.151
24.723	234.414
24.733	234.801
24.743	235.060
24.753	235.631
24.763	236.165
24.773	236.451
24.783	236.418
24.793	236.277
24.803	236.065
24.813	235.993
24.823	235.718
24.833	235.522
24.843	235.429
24.853	235.374
24.863	235.308
24.873	235.454
24.883	235.498
24.893	236.795
24.903	238.924
24.913	242.584
24.923	246.993
24.933	239.335
24.943	0.000
24.953	265.932
24.963	262.579
24.973	263.017
24.983	262.186
24.993	262.253
25.003	263.205
25.013	263.219
25.023	263.502
25.033	263.621
25.043	263.744
25.053	263.911
25.063	263.943
25.073	263.774
25.083	263.522
25.093	263.325
25.103	263.274
25.113	263.404
25.123	263.628
25.133	263.659
25.143	263.592
25.153	263.418
25.163	263.180
25.173	263.059
25.183	262.788
25.193	262.679
25.203	262.781
25.213	262.868
25.223	263.107
25.233	263.382
25.243	261.588
25.253	260.050
25.263	254.702
25.273	267.260
25.283	265.387
25.293	0.000
25.303	284.070
25.313	294.288
25.323	294.241
25.333	294.873
25.343	294.984
25.353	294.931
25.363	294.544
25.373	294.061
25.383	293.845
25.393	293.800
25.403	293.887
25.413	293.987
25.423	294.163
25.433	294.150
25.443	294.255
25.453	294.383
25.463	294.500
25.473	294.737
25.483	295.128
25.493	295.654
25.503	295.915
25.513	296.440
25.523	296.985
25.533	297.219
25.543	297.444
25.553	297.445
25.563	297.435
25.573	297.513
25.583	297.253
25.593	297.062
25.603	296.755
25.613	296.541
25.623	296.071
25.633	295.732
25.643	295.461
25.653	295.034
25.663	294.324
25.673	293.764
25.683	293.545
25.693	293.286
25.703	293.361
25.713	293.396
25.723	293.704
25.733	294.154
25.743	294.761
25.753	294.981
25.763	295.640
25.773	296.090
25.783	296.433
25.793	296.621
25.803	296.937
25.813	297.206
25.823	297.403
25.833	297.470
25.843	297.335
25.853	297.056
25.863	296.699
25.873	296.156
25.883	295.611
25.893	295.343
25.903	294.684
25.913	294.159
25.923	293.757
25.933	293.620
25.943	293.472
25.953	293.706
25.963	294.222
25.973	294.435
25.983	295.235
25.993	295.892
26.003	296.357
26.013	296.937
26.023	297.318
26.033	297.556
26.043	297.533
26.053	297.430
26.063	297.310
26.073	297.236
26.083	297.200
26.093	296.870
26.103	296.529
26.113	296.295
26.123	295.785
26.133	295.108
26.143	294.699
26.153	294.383
26.163	294.200
26.173	294.073
26.183	294.119
26.193	294.411
26.203	294.766
26.213	295.006
26.223	295.127
26.233	295.299
26.243	295.311
26.253	295.305
26.263	295.264
26.273	295.341
26.283	295.354
26.293	295.357
26.303	295.503
26.313	295.660
26.323	295.661
26.333	295.724
26.343	295.640
26.353	295.610
26.363	295.690
26.373	295.662
26.383	295.660
26.393	295.632
26.403	295.652
26.413	295.487
26.423	295.354
26.433	295.357
26.443	295.446
26.453	295.438
26.463	295.400
26.473	295.421
26.483	295.452
26.493	295.384
26.503	295.325
26.513	295.376
26.523	295.171
26.533	294.955
26.543	294.757
26.553	294.567
26.563	0.000
26.573	0.000
26.583	0.000
26.593	0.000
26.603	0.000
26.613	0.000
26.623	150.371
26.633	149.915
26.643	149.360
26.653	149.222
26.663	149.157
26.673	149.063
26.683	149.086
26.693	149.035
26.703	149.035
26.713	148.994
26.723	149.014
26.733	148.956
26.743	148.950
26.753	148.985
26.763	149.008
26.773	149.065
26.783	149.069
26.793	149.064
26.803	149.144
26.813	149.143
26.823	149.183
26.833	149.194
26.843	149.216
26.853	149.165
26.863	149.156
26.873	149.125
26.883	149.067
26.893	148.991
26.903	148.956
26.913	148.811
26.923	148.686
26.933	148.549
26.943	148.461
26.953	148.284
26.963	148.104
26.973	147.964
26.983	147.939
26.993	147.937
27.003	148.011
27.013	148.095
27.023	148.251
27.033	148.436
27.043	148.615
27.053	148.665
27.063	148.793
27.073	148.855
27.083	148.894
27.093	148.916
27.103	148.955
27.113	148.873
27.123	148.820
27.133	148.696
27.143	148.593
27.153	148.465
27.163	148.405
27.173	148.299
27.183	148.188
27.193	148.095
27.203	147.986
27.213	147.876
27.223	147.812
27.233	147.870
27.243	147.949
27.253	148.229
27.263	148.337
27.273	148.616
27.283	148.790
27.293	148.909
27.303	148.926
27.313	148.995
27.323	148.932
27.333	148.927
27.343	148.875
27.353	148.808
27.363	148.650
27.373	148.593
27.383	148.490
27.393	148.412
27.403	148.340
27.413	148.323
27.423	148.241
27.433	148.166
27.443	148.195
27.453	148.227
27.463	148.336
27.473	148.480
27.483	148.593
27.493	148.753
27.503	148.892
27.513	148.989
27.523	149.027
27.533	149.145
27.543	149.626
27.553	150.791
27.563	152.804
27.573	153.176
27.583	0.000
27.593	0.000
27.603	165.307
27.613	165.512
27.623	165.777
27.633	166.313
27.643	166.659
27.653	166.799
27.663	166.822
27.673	166.787
27.683	166.718
27.693	166.627
27.703	166.624
27.713	166.655
27.723	166.675
27.733	166.695
27.743	166.769
27.753	166.814
27.763	166.777
27.773	166.761
27.783	166.704
27.793	166.657
27.803	166.644
27.813	166.635
27.823	166.659
27.833	166.744
27.843	166.781
27.853	166.858
27.863	166.885
27.873	166.852
27.883	166.818
27.893	167.094
27.903	167.871
27.913	168.422
27.923	170.187
27.933	171.123
27.943	177.812
27.953	176.346
27.963	175.450
27.973	176.332
27.983	177.360
27.993	177.368
28.003	177.115
28.013	176.904
28.023	176.911
28.033	176.963
28.043	176.949
28.053	176.964
28.063	176.998
28.073	177.017
28.083	177.036
28.093	177.083
28.103	177.210
28.113	177.066
28.123	176.958
28.133	176.938
28.143	176.857
28.153	176.924
28.163	177.072
28.173	177.178
28.183	177.346
28.193	177.441
28.203	177.462
28.213	177.407
28.223	177.363
28.233	177.354
28.243	177.327
28.253	177.260
28.263	177.192
28.273	177.157
28.283	176.991
28.293	176.862
28.303	176.783
28.313	176.742
28.323	176.672
28.333	176.660
28.343	176.629
28.353	176.641
28.363	176.707
28.373	176.807
28.383	176.864
28.393	177.006
28.403	177.110
28.413	177.203
28.423	177.246
28.433	177.272
28.443	177.359
28.453	177.387
28.463	177.456
28.473	177.578
28.483	177.574
28.493	177.495
28.503	177.395
28.513	177.231
28.523	177.034
28.533	177.009
28.543	176.935
28.553	176.864
28.563	176.826
28.573	176.845
28.583	176.830
28.593	176.814
28.603	176.839
28.613	176.864
28.623	176.884
28.633	176.931
28.643	177.099
28.653	177.295
28.663	177.573
28.673	177.660
28.683	177.789
28.693	177.837
28.703	177.779
28.713	177.734
28.723	177.630
28.733	177.495
28.743	177.414
28.753	177.346
28.763	177.336
28.773	177.348
28.783	177.304
28.793	177.246
28.803	177.209
28.813	177.195
28.823	177.233
28.833	177.310
28.843	177.303
28.853	177.278
28.863	177.265
28.873	177.175
28.883	177.049
28.893	177.029
28.903	177.008
28.913	177.013
28.923	177.002
28.933	177.020
28.943	177.045
28.953	177.123
28.963	177.147
28.973	177.176
28.983	177.237
28.993	177.252
29.003	177.272
29.013	177.208
29.023	177.149
29.033	177.154
29.043	177.163
29.053	177.116
29.063	177.079
29.073	177.080
29.083	177.064
29.093	177.047
29.103	177.041
29.113	177.042
29.123	177.106
29.133	177.115
29.143	177.139
29.153	176.902
29.163	176.048
29.173	173.621
29.183	172.592
29.193	173.205
29.203	176.704
29.213	174.954
29.223	175.037
29.233	0.000
29.243	0.000
29.253	0.000
29.263	200.667
29.273	200.437
29.283	200.518
29.293	200.136
29.303	199.568
29.313	199.320
29.323	199.263
29.333	199.066
29.343	198.922
29.353	198.785
29.363	198.760
29.373	198.524
29.383	198.391
29.393	198.371
29.403	198.262
29.413	198.211
29.423	198.030
29.433	197.940
29.443	197.831
29.453	197.768
29.463	197.790
29.473	197.784
29.483	197.901
29.493	197.927
29.503	197.895
29.513	197.896
29.523	197.882
29.533	197.842
29.543	197.823
29.553	197.763
29.563	197.777
29.573	197.811
29.583	197.960
29.593	198.089
29.603	198.116
29.613	198.142
29.623	198.170
29.633	198.102
29.643	198.033
29.653	197.920
29.663	197.902
29.673	197.965
29.683	198.033
29.693	198.104
29.703	198.109
29.713	198.014
29.723	197.920
29.733	197.852
29.743	197.771
29.753	197.774
29.763	197.825
29.773	197.888
29.783	197.930
29.793	197.998
29.803	198.038
29.813	198.132
29.823	198.255
29.833	198.504
29.843	198.712
29.853	198.827
29.863	198.902
29.873	198.992
29.883	198.932
29.893	198.826
29.903	198.759
29.913	198.460
29.923	198.270
29.933	198.181
29.943	198.154
29.953	198.199
29.963	198.205
29.973	198.221
29.983	198.206
29.993	198.172
30.003	198.124
30.013	198.039
30.023	197.911
30.033	197.826
30.043	197.830
30.053	197.859
30.063	197.840
30.073	197.799
30.083	197.802
30.093	197.820
30.103	197.867
30.113	197.846
30.123	197.884
30.133	197.959
30.143	198.014
30.153	198.003
30.163	198.031
30.173	198.008
30.183	197.954
30.193	197.886
30.203	197.840
30.213	197.765
30.223	197.740
30.233	197.676
30.243	197.629
30.253	197.569
30.263	197.583
30.273	197.502
30.283	197.440
30.293	197.426
30.303	197.470
30.313	197.438
30.323	197.373
30.333	197.379
30.343	197.299
30.353	197.190
30.363	197.081
30.373	197.043
30.383	196.957
30.393	197.034
30.403	197.064
30.413	197.177
30.423	197.223
30.433	197.404
30.443	197.594
30.453	198.079
30.463	198.222
30.473	198.345
30.483	199.012
30.493	202.236
30.503	215.151
30.513	220.564
30.523	222.913
30.533	223.206
30.543	223.256
30.553	223.171
30.563	223.197
30.573	222.490
30.583	222.325
30.593	222.071
30.603	221.645
30.613	221.345
30.623	221.179
30.633	221.238
30.643	221.238
30.653	221.171
30.663	221.236
30.673	221.162
30.683	221.177
30.693	221.202
30.703	221.253
30.713	221.359
30.723	221.362
30.733	221.320
30.743	221.374
30.753	221.425
30.763	221.441
30.773	221.463
30.783	221.520
30.793	221.535
30.803	221.561
30.813	221.531
30.823	221.590
30.833	221.585
30.843	221.632
30.853	221.554
30.863	221.496
30.873	221.480
30.883	221.467
30.893	221.392
30.903	221.428
30.913	221.442
30.923	221.493
30.933	221.439
30.943	221.396
30.953	221.367
30.963	221.352
30.973	221.362
30.983	221.379
30.993	221.399
31.003	221.496
31.013	221.558
31.023	221.503
31.033	221.486
31.043	221.413
31.053	221.359
31.063	221.195
31.073	221.095
31.083	221.157
31.093	221.215
31.103	221.339
31.113	221.326
31.123	221.390
31.133	221.345
31.143	221.293
31.153	221.136
31.163	221.121
31.173	221.130
31.183	221.146
31.193	221.141
31.203	221.138
31.213	221.208
31.223	221.161
31.233	221.150
31.243	220.959
31.253	220.918
31.263	220.894
31.273	220.842
31.283	220.739
31.293	220.670
31.303	220.737
31.313	220.736
31.323	220.763
31.333	220.723
31.343	220.717
31.353	220.689
31.363	220.599
31.373	220.565
31.383	220.467
31.393	220.523
31.403	220.633
31.413	220.691
31.423	220.788
31.433	220.940
31.443	221.118
31.453	221.114
31.463	221.136
31.473	221.099
31.483	221.116
31.493	221.138
31.503	221.185
31.513	221.170
31.523	221.186
31.533	221.169
31.543	221.133
31.553	221.082
31.563	221.013
31.573	220.984
31.583	220.932
31.593	220.874
31.603	220.824
31.613	220.838
31.623	220.866
31.633	220.822
31.643	220.833
31.653	220.948
31.663	220.980
31.673	221.005
31.683	220.982
31.693	220.883
31.703	220.834
31.713	220.831
31.723	220.813
31.733	220.797
31.743	220.773
31.753	220.687
31.763	220.527
31.773	220.528
31.783	223.189
31.793	0.000
31.803	0.000
31.813	0.000
31.823	0.000
31.833	144.704
31.843	144.146
31.853	144.553
31.863	146.249
31.873	147.838
31.883	148.056
31.893	148.278
31.903	148.094
31.913	147.956
31.923	147.896
31.933	147.865
31.943	147.860
31.953	147.831
31.963	147.786
31.973	147.769
31.983	147.764
31.993	147.755
32.003	147.726
32.013	147.655
32.023	147.602
32.033	147.534
32.043	147.495
32.053	147.513
32.063	147.513
32.073	147.470
32.083	147.398
32.093	147.435
32.103	147.427
32.113	147.409
32.123	147.403
32.133	147.394
32.143	147.435
32.153	147.462
32.163	147.509
32.173	147.543
32.183	147.600
32.193	147.638
32.203	147.683
32.213	147.768
32.223	147.863
32.233	147.983
32.243	148.002
32.253	148.078
32.263	148.108
32.273	148.117
32.283	148.128
32.293	148.145
32.303	148.119
32.313	148.090
32.323	148.049
32.333	147.936
32.343	147.791
32.353	147.706
32.363	147.555
32.373	147.366
32.383	147.329
32.393	147.216
32.403	147.160
32.413	147.297
32.423	147.363
32.433	147.607
32.443	147.786
32.453	147.972
32.463	148.028
32.473	148.155
32.483	148.227
32.493	148.229
32.503	148.246
32.513	148.239
32.523	148.214
32.533	148.191
32.543	148.152
32.553	148.071
32.563	148.085
32.573	148.023
32.583	147.998
32.593	147.921
32.603	147.959
32.613	147.825
32.623	147.783
32.633	147.869
32.643	147.914
32.653	148.028
32.663	148.151
32.673	148.214
32.683	148.272
32.693	148.335
32.703	148.411
32.713	148.413
32.723	148.441
32.733	148.476
32.743	148.508
32.753	148.513
32.763	148.460
32.773	148.375
32.783	148.291
32.793	148.135
32.803	148.000
32.813	147.869
32.823	147.879
32.833	147.853
32.843	147.892
32.853	147.938
32.863	148.060
32.873	148.131
32.883	148.254
32.893	148.298
32.903	148.431
32.913	148.529
32.923	148.564
32.933	148.556
32.943	148.545
32.953	148.466
32.963	148.416
32.973	148.369
32.983	148.280
32.993	148.208
33.003	148.160
33.013	148.124
33.023	148.144
33.033	148.130
33.043	148.146
33.053	148.146
33.063	148.136
33.073	148.139
33.083	148.126
33.093	148.140
33.103	148.191
33.113	148.243
33.123	148.299
33.133	148.337
33.143	148.339
33.153	148.372
33.163	148.416
33.173	148.475
33.183	148.477
33.193	148.447
33.203	148.439
33.213	148.435
33.223	148.438
33.233	148.433
33.243	148.448
33.253	148.447
33.263	148.424
33.273	148.385
33.283	148.334
33.293	148.349
33.303	148.295
33.313	148.356
33.323	148.415
33.333	148.422
33.343	148.444
33.353	148.413
33.363	148.362
33.373	148.296
33.383	148.252
33.393	148.196
33.403	148.221
33.413	148.285
33.423	148.338
33.433	148.365
33.443	148.415
33.453	148.415
33.463	148.436
33.473	148.439
33.483	148.447
33.493	148.451
33.503	148.462
33.513	148.412
33.523	148.342
33.533	148.377
33.543	148.387
33.553	148.425
33.563	148.435
33.573	148.425
33.583	148.492
33.593	148.518
33.603	148.480
33.613	148.490
33.623	148.472
33.633	148.485
33.643	148.518
33.653	148.519
33.663	148.564
33.673	148.581
33.683	148.553
33.693	148.560
33.703	148.540
33.713	148.460
33.723	148.420
33.733	148.397
33.743	148.376
33.753	148.366
33.763	148.384
33.773	148.417
33.783	148.464
33.793	148.508
33.803	148.545
33.813	148.577
33.823	148.597
33.833	148.586
33.843	148.550
33.853	148.522
33.863	148.520
33.873	148.584
33.883	148.640
33.893	148.690
33.903	148.684
33.913	148.664
33.923	148.622
33.933	148.612
33.943	148.602
33.953	148.648
33.963	148.697
33.973	148.719
33.983	148.686
33.993	148.667
34.003	148.651
34.013	148.622
34.023	148.657
34.033	148.693
34.043	148.708
34.053	148.697
34.063	148.751
34.073	148.777
34.083	148.777
34.093	148.826
34.103	148.882
34.113	148.928
34.123	148.984
34.133	148.994
34.143	149.015
34.153	148.961
34.163	148.790
34.173	148.378
34.183	0.000
34.193	0.000
34.203	0.000
34.213	0.000
34.223	0.000
34.233	0.000
34.243	0.000
34.253	0.000
34.263	0.000
34.273	0.000
34.283	0.000
34.293	0.000
34.303	0.000
34.313	0.000
34.323	0.000
34.333	0.000
34.343	0.000
34.353	0.000
34.363	0.000
34.373	0.000
34.383	0.000
34.393	0.000
34.403	0.000
34.413	0.000
34.423	0.000
34.433	0.000
34.443	0.000
34.453	0.000
34.463	0.000
34.473	0.000
34.483	0.000
34.493	0.000
34.503	0.000
34.513	0.000
34.523	0.000
34.533	0.000
34.543	0.000
34.553	0.000
34.563	0.000
34.573	0.000
34.583	0.000
34.593	0.000
34.603	0.000
34.613	0.000
34.623	0.000
34.633	0.000
34.643	0.000
34.653	224.803
34.663	224.348
34.673	223.747
34.683	222.944
34.693	222.271
34.703	222.094
34.713	221.567
34.723	221.473
34.733	221.453
34.743	221.602
34.753	221.623
34.763	221.522
34.773	221.386
34.783	221.328
34.793	221.313
34.803	221.221
34.813	221.274
34.823	221.342
34.833	221.379
34.843	221.449
34.853	221.469
34.863	221.480
34.873	221.455
34.883	221.618
34.893	221.603
34.903	221.625
34.913	221.594
34.923	221.752
34.933	221.899
34.943	221.962
34.953	222.023
34.963	222.090
34.973	222.169
34.983	222.186
34.993	222.368
35.003	222.497
35.013	222.583
35.023	222.595
35.033	222.652
35.043	222.663
35.053	222.592
35.063	222.528
35.073	222.473
35.083	222.432
35.093	222.365
35.103	222.412
35.113	222.369
35.123	222.355
35.133	222.274
35.143	222.164
35.153	221.937
35.163	221.845
35.173	221.763
35.183	221.732
35.193	221.811
35.203	221.927
35.213	222.240
35.223	222.548
35.233	222.656
35.243	222.871
35.253	223.014
35.263	223.061
35.273	223.064
35.283	223.014
35.293	222.882
35.303	222.805
35.313	222.650
35.323	222.530
35.333	222.376
35.343	222.349
35.353	222.178
35.363	222.149
35.373	221.993
35.383	221.954
35.393	221.884
35.403	221.939
35.413	221.922
35.423	222.090
35.433	222.269
35.443	222.465
35.453	222.596
35.463	222.827
35.473	222.945
35.483	222.990
35.493	223.022
35.503	222.964
35.513	222.849
35.523	222.797
35.533	222.668
35.543	222.546
35.553	222.470
35.563	222.401
35.573	222.243
35.583	222.089
35.593	222.050
35.603	221.940
35.613	221.905
35.623	221.868
35.633	221.914
35.643	221.976
35.653	222.131
35.663	222.261
35.673	222.283
35.683	222.333
35.693	222.402
35.703	222.424
35.713	222.433
35.723	222.417
35.733	222.361
35.743	222.360
35.753	222.323
35.763	222.333
35.773	222.317
35.783	222.184
35.793	221.975
35.803	221.876
35.813	221.900
35.823	221.841
35.833	221.798
35.843	221.808
35.853	221.886
35.863	221.947
35.873	222.113
35.883	222.185
35.893	222.348
35.903	222.442
35.913	222.502
35.923	222.541
35.933	222.493
35.943	222.513
35.953	222.512
35.963	222.567
35.973	222.558
35.983	222.596
35.993	222.615
36.003	222.543
36.013	222.394
36.023	222.296
36.033	222.244
36.043	222.175
36.053	222.142
36.063	222.154
36.073	222.128
36.083	222.090
36.093	222.127
36.103	222.104
36.113	222.174
36.123	222.275
36.133	222.340
36.143	222.500
36.153	222.644
36.163	222.767
36.173	222.824
36.183	222.791
36.193	222.788
36.203	222.789
36.213	222.750
36.223	222.702
36.233	222.658
36.243	222.644
36.253	222.533
36.263	222.392
36.273	222.342
36.283	222.271
36.293	222.109
36.303	222.021
36.313	221.985
36.323	221.875
36.333	221.808
36.343	221.877
36.353	221.986
36.363	222.066
36.373	222.205
36.383	222.327
36.393	222.384
36.403	222.419
36.413	222.457
36.423	222.476
36.433	222.545
36.443	222.538
36.453	222.572
36.463	222.613
36.473	222.616
36.483	222.650
36.493	222.666
36.503	222.632
36.513	222.565
36.523	222.545
36.533	222.510
36.543	222.467
36.553	222.464
36.563	222.527
36.573	222.529
36.583	222.579
36.593	222.659
36.603	222.708
36.613	222.698
36.623	222.697
36.633	222.664
36.643	222.628
36.653	222.599
36.663	222.629
36.673	222.586
36.683	222.554
36.693	222.549
36.703	222.549
36.713	222.526
36.723	222.522
36.733	222.536
36.743	222.504
36.753	222.427
36.763	222.339
36.773	222.328
36.783	222.321
36.793	222.290
36.803	222.299
36.813	222.357
36.823	222.444
36.833	222.451
36.843	222.436
36.853	222.409
36.863	222.446
36.873	222.360
36.883	222.322
36.893	222.317
36.903	222.355
36.913	222.372
36.923	222.392
36.933	222.405
36.943	222.390
36.953	222.296
36.963	222.255
36.973	222.178
36.983	222.106
36.993	222.048
37.003	222.057
37.013	222.072
37.023	222.091
37.033	222.111
37.043	222.116
37.053	222.146
37.063	222.166
37.073	222.131
37.083	222.106
37.093	222.145
37.103	222.230
37.113	222.244
37.123	222.300
37.133	222.423
37.143	222.482
37.153	222.481
37.163	222.477
37.173	222.392
37.183	222.348
37.193	222.252
37.203	222.215
37.213	222.115
37.223	222.109
37.233	221.980
37.243	221.939
37.253	221.910
37.263	221.868
37.273	221.846
37.283	221.896
37.293	221.921
37.303	221.951
37.313	221.987
37.323	222.049
37.333	222.194
37.343	222.380
37.353	222.651
37.363	222.757
37.373	222.901
37.383	222.843
37.393	222.642
37.403	222.596
37.413	222.456
37.423	222.407
37.433	222.350
37.443	222.321
37.453	222.317
37.463	222.319
37.473	222.274
37.483	222.207
37.493	222.106
37.503	222.054
37.513	221.970
37.523	221.927
37.533	221.885
37.543	221.897
37.553	221.994
37.563	222.030
37.573	222.081
37.583	222.089
37.593	222.186
37.603	222.271
37.613	222.267
37.623	222.322
37.633	222.414
37.643	222.466
37.653	222.428
37.663	222.367
37.673	222.374
37.683	222.376
37.693	222.242
37.703	222.153
37.713	222.101
37.723	222.085
37.733	222.019
37.743	222.030
37.753	222.104
37.763	222.140
37.773	222.179
37.783	222.177
37.793	222.157
37.803	222.172
37.813	222.234
37.823	222.282
37.833	222.304
37.843	222.358
37.853	222.398
37.863	222.395
37.873	222.320
37.883	222.293
37.893	222.325
37.903	222.344
37.913	222.326
37.923	222.262
37.933	222.184
37.943	222.208
37.953	222.156
37.963	222.143
37.973	222.094
37.983	222.091
37.993	222.072
38.003	222.015
38.013	221.944
38.023	222.035
38.033	222.146
38.043	222.127
38.053	222.109
38.063	222.099
38.073	222.037
38.083	221.952
38.093	221.749
38.103	221.658
38.113	221.714
38.123	221.718
38.133	221.769
38.143	221.852
38.153	221.890
38.163	221.796
38.173	221.679
38.183	221.666
38.193	221.615
38.203	221.541
38.213	221.504
38.223	221.557
38.233	221.672
38.243	222.002
38.253	222.303
38.263	223.270
38.273	0.000
38.283	0.000
38.293	0.000
38.303	0.000
38.313	0.000
38.323	0.000
38.333	0.000
38.343	0.000
38.353	0.000
38.363	0.000
38.373	0.000
38.383	0.000
38.393	0.000
38.403	0.000
38.413	0.000
38.423	0.000
38.433	0.000
38.443	0.000
38.453	0.000
38.463	0.000
38.473	0.000
38.483	0.000
38.493	0.000
38.503	0.000
38.513	0.000
38.523	0.000
38.533	0.000
38.543	0.000
38.553	0.000
38.563	0.000
38.573	0.000
38.583	0.000
38.593	0.000
38.603	0.000
38.613	0.000
38.623	0.000
38.633	0.000
38.643	0.000
38.653	0.000
38.663	0.000
38.673	0.000
38.683	0.000
38.693	0.000
38.703	0.000
38.713	0.000
38.723	0.000
38.733	0.000
38.743	0.000
38.753	0.000
38.763	0.000
38.773	0.000
38.783	0.000
38.793	0.000
38.803	0.000
38.813	0.000
38.823	0.000
38.833	0.000
38.843	0.000
38.853	0.000
38.863	0.000
38.873	0.000
38.883	0.000
38.893	0.000
38.903	0.000
38.913	0.000
38.923	0.000
38.933	0.000
38.943	0.000
38.953	0.000
38.963	0.000
38.973	0.000
38.983	0.000
38.993	0.000
39.003	0.000
39.013	0.000
39.023	0.000
39.033	0.000
39.043	0.000
39.053	0.000
39.063	0.000
39.073	0.000
39.083	0.000
39.093	0.000
39.103	0.000
39.113	0.000
39.123	0.000
39.133	0.000
39.143	0.000
39.153	0.000
39.163	0.000
39.173	0.000
39.183	0.000
39.193	0.000
39.203	0.000
39.213	0.000
39.223	0.000
39.233	0.000
39.243	0.000
39.253	0.000
39.263	0.000
39.273	0.000
39.283	0.000
39.293	0.000
39.303	0.000
39.313	0.000
39.323	0.000
39.333	0.000
39.343	0.000
39.353	0.000
39.363	0.000
39.373	0.000
39.383	0.000
39.393	0.000
39.403	0.000
39.413	0.000
39.423	0.000
39.433	0.000
39.443	0.000
39.453	0.000
39.463	0.000
39.473	0.000
39.483	0.000
39.493	0.000
39.503	0.000
39.513	0.000
39.523	0.000
39.533	0.000
39.543	0.000
39.553	0.000
39.563	0.000
39.573	0.000
39.583	0.000
39.593	0.000
39.603	0.000
39.613	0.000
39.623	0.000
39.633	0.000
39.643	0.000
39.653	0.000
39.663	0.000
39.673	0.000
39.683	0.000
39.693	0.000
39.703	0.000
39.713	0.000
39.723	0.000
39.733	0.000
39.743	0.000
39.753	0.000
39.763	0.000
39.773	0.000
39.783	0.000
39.793	0.000
39.803	0.000
39.813	0.000
39.823	0.000
39.833	0.000
39.843	0.000
39.853	0.000
39.863	0.000
39.873	0.000
39.883	0.000
39.893	0.000
39.903	0.000
39.913	0.000
39.923	0.000
39.933	0.000
