0.023	0.000
0.033	0.000
0.043	0.000
0.053	0.000
0.063	0.000
0.073	0.000
0.083	0.000
0.093	0.000
0.103	0.000
0.113	0.000
0.123	0.000
0.133	0.000
0.143	0.000
0.153	0.000
0.163	0.000
0.173	0.000
0.183	0.000
0.193	0.000
0.203	0.000
0.213	0.000
0.223	0.000
0.233	0.000
0.243	0.000
0.253	0.000
0.263	0.000
0.273	0.000
0.283	0.000
0.293	0.000
0.303	0.000
0.313	0.000
0.323	0.000
0.333	0.000
0.343	0.000
0.353	0.000
0.363	0.000
0.373	0.000
0.383	0.000
0.393	0.000
0.403	0.000
0.413	0.000
0.423	0.000
0.433	0.000
0.443	0.000
0.453	0.000
0.463	0.000
0.473	0.000
0.483	0.000
0.493	0.000
0.503	0.000
0.513	0.000
0.523	0.000
0.533	0.000
0.543	0.000
0.553	0.000
0.563	0.000
0.573	0.000
0.583	0.000
0.593	0.000
0.603	0.000
0.613	0.000
0.623	0.000
0.633	0.000
0.643	0.000
0.653	0.000
0.663	0.000
0.673	0.000
0.683	0.000
0.693	0.000
0.703	0.000
0.713	0.000
0.723	0.000
0.733	0.000
0.743	0.000
0.753	0.000
0.763	0.000
0.773	0.000
0.783	0.000
0.793	0.000
0.803	0.000
0.813	0.000
0.823	0.000
0.833	0.000
0.843	0.000
0.853	0.000
0.863	0.000
0.873	0.000
0.883	0.000
0.893	0.000
0.903	0.000
0.913	0.000
0.923	0.000
0.933	0.000
0.943	0.000
0.953	0.000
0.963	0.000
0.973	0.000
0.983	0.000
0.993	0.000
1.003	0.000
1.013	0.000
1.023	0.000
1.033	0.000
1.043	0.000
1.053	0.000
1.063	0.000
1.073	0.000
1.083	0.000
1.093	0.000
1.103	0.000
1.113	0.000
1.123	0.000
1.133	0.000
1.143	0.000
1.153	0.000
1.163	0.000
1.173	0.000
1.183	0.000
1.193	0.000
1.203	0.000
1.213	0.000
1.223	0.000
1.233	0.000
1.243	0.000
1.253	0.000
1.263	0.000
1.273	0.000
1.283	0.000
1.293	0.000
1.303	0.000
1.313	0.000
1.323	0.000
1.333	0.000
1.343	0.000
1.353	0.000
1.363	0.000
1.373	0.000
1.383	0.000
1.393	0.000
1.403	0.000
1.413	0.000
1.423	0.000
1.433	0.000
1.443	0.000
1.453	0.000
1.463	0.000
1.473	0.000
1.483	0.000
1.493	0.000
1.503	0.000
1.513	0.000
1.523	0.000
1.533	0.000
1.543	0.000
1.553	0.000
1.563	0.000
1.573	0.000
1.583	0.000
1.593	0.000
1.603	0.000
1.613	0.000
1.623	0.000
1.633	0.000
1.643	0.000
1.653	0.000
1.663	0.000
1.673	0.000
1.683	0.000
1.693	0.000
1.703	0.000
1.713	0.000
1.723	0.000
1.733	0.000
1.743	0.000
1.753	0.000
1.763	0.000
1.773	0.000
1.783	0.000
1.793	0.000
1.803	0.000
1.813	0.000
1.823	0.000
1.833	0.000
1.843	0.000
1.853	0.000
1.863	0.000
1.873	0.000
1.883	0.000
1.893	0.000
1.903	0.000
1.913	0.000
1.923	0.000
1.933	0.000
1.943	0.000
1.953	0.000
1.963	0.000
1.973	0.000
1.983	0.000
1.993	0.000
2.003	0.000
2.013	0.000
2.023	0.000
2.033	0.000
2.043	0.000
2.053	0.000
2.063	0.000
2.073	0.000
2.083	0.000
2.093	0.000
2.103	0.000
2.113	0.000
2.123	0.000
2.133	0.000
2.143	0.000
2.153	0.000
2.163	0.000
2.173	0.000
2.183	0.000
2.193	0.000
2.203	0.000
2.213	0.000
2.223	0.000
2.233	0.000
2.243	0.000
2.253	0.000
2.263	0.000
2.273	0.000
2.283	0.000
2.293	0.000
2.303	0.000
2.313	0.000
2.323	0.000
2.333	0.000
2.343	0.000
2.353	0.000
2.363	717.394
2.373	706.355
2.383	705.887
2.393	704.484
2.403	703.610
2.413	703.293
2.423	703.656
2.433	703.967
2.443	703.864
2.453	704.238
2.463	704.242
2.473	703.478
2.483	702.633
2.493	702.234
2.503	701.400
2.513	700.562
2.523	699.722
2.533	699.438
2.543	698.986
2.553	698.731
2.563	698.924
2.573	699.205
2.583	700.210
2.593	701.550
2.603	702.357
2.613	703.405
2.623	705.268
2.633	706.349
2.643	706.954
2.653	708.081
2.663	708.718
2.673	709.283
2.683	709.610
2.693	709.104
2.703	708.165
2.713	707.543
2.723	705.997
2.733	704.728
2.743	703.741
2.753	703.383
2.763	703.374
2.773	703.841
2.783	704.014
2.793	704.698
2.803	705.829
2.813	706.989
2.823	707.727
2.833	709.102
2.843	710.449
2.853	711.000
2.863	711.834
2.873	712.121
2.883	711.633
2.893	711.263
2.903	710.001
2.913	708.571
2.923	707.032
2.933	705.980
2.943	704.783
2.953	704.366
2.963	704.230
2.973	704.071
2.983	704.658
2.993	705.744
3.003	706.605
3.013	708.596
3.023	710.046
3.033	710.972
3.043	711.938
3.053	711.915
3.063	710.867
3.073	710.705
3.083	709.728
3.093	708.226
3.103	706.945
3.113	706.415
3.123	705.021
3.133	704.265
3.143	704.200
3.153	704.153
3.163	704.824
3.173	706.164
3.183	706.685
3.193	708.258
3.203	708.983
3.213	708.824
3.223	707.610
3.233	706.067
3.243	704.625
3.253	704.047
3.263	703.295
3.273	702.911
3.283	702.974
3.293	703.254
3.303	703.306
3.313	703.543
3.323	703.753
3.333	704.245
3.343	704.353
3.353	704.544
3.363	704.554
3.373	704.057
3.383	703.014
3.393	701.291
3.403	695.686
3.413	691.488
3.423	691.464
3.433	694.984
3.443	705.482
3.453	706.627
3.463	704.318
3.473	703.228
3.483	701.313
3.493	699.997
3.503	699.648
3.513	699.082
3.523	698.771
3.533	698.677
3.543	698.547
3.553	698.661
3.563	698.566
3.573	698.293
3.583	698.361
3.593	698.805
3.603	699.415
3.613	699.741
3.623	700.367
3.633	700.662
3.643	701.313
3.653	701.840
3.663	702.167
3.673	702.669
3.683	702.797
3.693	703.146
3.703	703.190
3.713	703.208
3.723	703.413
3.733	703.190
3.743	703.293
3.753	703.566
3.763	703.593
3.773	703.835
3.783	703.728
3.793	703.899
3.803	703.537
3.813	701.272
3.823	696.963
3.833	695.968
3.843	698.604
3.853	702.563
3.863	703.538
3.873	704.105
3.883	704.050
3.893	703.540
3.903	703.323
3.913	702.544
3.923	701.917
3.933	701.152
3.943	700.702
3.953	700.283
3.963	699.197
3.973	698.772
3.983	698.711
3.993	698.827
4.003	698.986
4.013	699.222
4.023	699.891
4.033	700.574
4.043	700.988
4.053	702.329
4.063	702.960
4.073	704.127
4.083	704.672
4.093	705.123
4.103	704.996
4.113	704.854
4.123	704.331
4.133	703.649
4.143	702.742
4.153	702.411
4.163	701.073
4.173	699.768
4.183	698.569
4.193	698.433
4.203	698.503
4.213	698.863
4.223	699.105
4.233	699.728
4.243	700.681
4.253	702.047
4.263	702.690
4.273	704.229
4.283	705.563
4.293	705.745
4.303	705.524
4.313	704.747
4.323	703.488
4.333	702.824
4.343	701.836
4.353	701.355
4.363	700.715
4.373	700.586
4.383	700.663
4.393	700.850
4.403	700.964
4.413	701.366
4.423	701.990
4.433	702.976
4.443	703.127
4.453	703.544
4.463	703.939
4.473	704.071
4.483	703.971
4.493	703.821
4.503	703.729
4.513	702.841
4.523	698.296
4.533	691.911
4.543	696.281
4.553	699.504
4.563	703.356
4.573	703.415
4.583	702.698
4.593	701.483
4.603	700.477
4.613	699.199
4.623	698.879
4.633	698.498
4.643	698.315
4.653	698.318
4.663	698.377
4.673	698.316
4.683	698.118
4.693	698.170
4.703	698.901
4.713	699.121
4.723	698.846
4.733	698.808
4.743	698.927
4.753	698.914
4.763	699.029
4.773	699.280
4.783	699.665
4.793	700.518
4.803	701.412
4.813	702.781
4.823	704.794
4.833	706.913
4.843	707.565
4.853	708.319
4.863	708.156
4.873	707.691
4.883	706.641
4.893	705.262
4.903	702.989
4.913	701.930
4.923	699.944
4.933	698.387
4.943	697.341
4.953	696.865
4.963	696.779
4.973	697.201
4.983	697.287
4.993	698.645
5.003	700.442
5.013	701.882
5.023	702.666
5.033	703.756
5.043	704.683
5.053	705.401
5.063	706.264
5.073	706.055
5.083	705.390
5.093	704.792
5.103	703.181
5.113	701.579
5.123	700.285
5.133	699.935
5.143	699.582
5.153	699.643
5.163	699.793
5.173	699.937
5.183	700.123
5.193	700.011
5.203	699.779
5.213	700.075
5.223	700.554
5.233	700.629
5.243	700.426
5.253	700.243
5.263	700.162
5.273	700.070
5.283	699.644
5.293	699.294
5.303	699.181
5.313	697.900
5.323	685.655
5.333	665.512
5.343	661.280
5.353	658.373
5.363	658.656
5.373	658.126
5.383	657.805
5.393	657.273
5.403	657.012
5.413	656.914
5.423	657.088
5.433	657.322
5.443	657.182
5.453	657.252
5.463	657.110
5.473	657.244
5.483	657.550
5.493	657.220
5.503	657.542
5.513	657.855
5.523	658.109
5.533	658.310
5.543	658.602
5.553	658.724
5.563	658.944
5.573	658.530
5.583	658.473
5.593	658.296
5.603	658.557
5.613	658.384
5.623	658.492
5.633	658.502
5.643	658.861
5.653	659.436
5.663	660.417
5.673	660.918
5.683	662.219
5.693	663.623
5.703	664.442
5.713	665.257
5.723	665.741
5.733	665.629
5.743	665.741
5.753	664.943
5.763	663.878
5.773	663.339
5.783	661.947
5.793	660.443
5.803	659.349
5.813	658.956
5.823	658.055
5.833	657.512
5.843	657.756
5.853	657.681
5.863	658.480
5.873	659.379
5.883	660.227
5.893	661.358
5.903	662.708
5.913	663.970
5.923	664.345
5.933	665.006
5.943	665.640
5.953	665.813
5.963	666.016
5.973	665.223
5.983	664.161
5.993	663.485
6.003	662.249
6.013	661.054
6.023	659.847
6.033	659.475
6.043	658.668
6.053	658.663
6.063	658.462
6.073	659.182
6.083	660.181
6.093	661.240
6.103	662.160
6.113	663.186
6.123	664.098
6.133	664.602
6.143	665.334
6.153	665.760
6.163	666.006
6.173	665.940
6.183	665.297
6.193	664.204
6.203	662.910
6.213	662.353
6.223	661.092
6.233	659.740
6.243	659.064
6.253	657.881
6.263	656.927
6.273	656.633
6.283	656.443
6.293	657.378
6.303	658.638
6.313	659.869
6.323	660.113
6.333	661.242
6.343	662.119
6.353	662.260
6.363	662.855
6.373	663.010
6.383	662.865
6.393	662.895
6.403	662.319
6.413	661.549
6.423	661.191
6.433	660.208
6.443	659.144
6.453	658.439
6.463	658.545
6.473	658.389
6.483	659.060
6.493	660.029
6.503	660.274
6.513	661.085
6.523	661.787
6.533	662.507
6.543	662.680
6.553	662.984
6.563	663.416
6.573	663.955
6.583	664.171
6.593	664.388
6.603	664.475
6.613	664.636
6.623	664.629
6.633	665.085
6.643	665.372
6.653	665.651
6.663	665.343
6.673	665.683
6.683	665.978
6.693	666.505
6.703	667.007
6.713	667.576
6.723	674.285
6.733	694.954
6.743	703.510
6.753	703.689
6.763	703.154
6.773	702.441
6.783	701.778
6.793	700.845
6.803	700.392
6.813	699.801
6.823	699.597
6.833	699.072
6.843	698.554
6.853	698.098
6.863	697.958
6.873	697.513
6.883	697.032
6.893	697.172
6.903	697.082
6.913	697.737
6.923	698.879
6.933	699.529
6.943	701.146
6.953	702.643
6.963	703.553
6.973	705.138
6.983	706.287
6.993	706.969
7.003	706.867
7.013	706.129
7.023	705.156
7.033	703.782
7.043	702.956
7.053	701.691
7.063	700.183
7.073	699.556
7.083	698.433
7.093	697.512
7.103	697.416
7.113	697.591
7.123	698.419
7.133	699.544
7.143	700.275
7.153	702.193
7.163	703.916
7.173	705.060
7.183	705.820
7.193	707.243
7.203	707.704
7.213	708.052
7.223	708.045
7.233	707.116
7.243	705.926
7.253	705.160
7.263	703.496
7.273	701.815
7.283	699.634
7.293	698.628
7.303	697.005
7.313	696.177
7.323	695.965
7.333	695.984
7.343	697.232
7.353	698.784
7.363	699.342
7.373	700.950
7.383	702.951
7.393	704.817
7.403	705.402
7.413	707.064
7.423	708.307
7.433	708.678
7.443	708.988
7.453	708.799
7.463	708.323
7.473	707.799
7.483	705.828
7.493	704.006
7.503	701.829
7.513	700.794
7.523	699.042
7.533	697.777
7.543	697.566
7.553	697.524
7.563	698.062
7.573	698.976
7.583	699.637
7.593	701.457
7.603	703.009
7.613	703.849
7.623	704.839
7.633	706.484
7.643	707.464
7.653	707.939
7.663	708.474
7.673	707.660
7.683	706.497
7.693	705.867
7.703	703.587
7.713	701.378
7.723	700.371
7.733	698.965
7.743	698.260
7.753	698.566
7.763	698.998
7.773	700.574
7.783	701.571
7.793	701.674
7.803	702.425
7.813	703.063
7.823	703.710
7.833	703.745
7.843	703.667
7.853	703.435
7.863	702.380
7.873	701.988
7.883	701.137
7.893	700.410
7.903	700.134
7.913	699.944
7.923	700.211
7.933	700.888
7.943	700.890
7.953	700.862
7.963	701.061
7.973	701.217
7.983	700.962
7.993	700.665
8.003	699.984
8.013	699.480
8.023	697.903
8.033	694.123
8.043	690.186
8.053	689.232
8.063	689.556
8.073	689.560
8.083	690.259
8.093	0.000
8.103	612.529
8.113	594.019
8.123	592.493
8.133	591.816
8.143	591.091
8.153	590.989
8.163	590.706
8.173	590.689
8.183	590.754
8.193	590.831
8.203	590.909
8.213	591.204
8.223	591.321
8.233	591.334
8.243	591.230
8.253	591.035
8.263	591.347
8.273	591.165
8.283	591.240
8.293	591.105
8.303	591.254
8.313	590.895
8.323	591.057
8.333	591.257
8.343	591.622
8.353	592.322
8.363	594.077
8.373	594.991
8.383	596.528
8.393	597.719
8.403	598.794
8.413	599.641
8.423	600.914
8.433	600.484
8.443	599.701
8.453	598.206
8.463	596.962
8.473	595.784
8.483	595.386
8.493	594.260
8.503	593.061
8.513	592.552
8.523	591.761
8.533	591.615
8.543	591.851
8.553	592.150
8.563	592.756
8.573	593.806
8.583	594.898
8.593	595.246
8.603	596.350
8.613	597.334
8.623	597.810
8.633	599.035
8.643	600.510
8.653	599.101
8.663	598.032
8.673	596.915
8.683	595.955
8.693	594.683
8.703	594.166
8.713	592.807
8.723	591.697
8.733	591.212
8.743	590.713
8.753	590.802
8.763	591.580
8.773	592.261
8.783	593.458
8.793	594.830
8.803	595.262
8.813	596.131
8.823	596.917
8.833	597.194
8.843	597.389
8.853	597.147
8.863	597.241
8.873	596.960
8.883	596.267
8.893	595.040
8.903	593.994
8.913	593.600
8.923	592.501
8.933	591.547
8.943	590.673
8.953	590.459
8.963	590.349
8.973	590.970
8.983	591.150
8.993	591.549
9.003	591.544
9.013	591.781
9.023	592.218
9.033	592.354
9.043	591.693
9.053	592.128
9.063	591.900
9.073	592.028
9.083	591.953
9.093	593.038
9.103	593.909
9.113	595.014
9.123	594.872
9.133	594.558
9.143	594.990
9.153	594.849
9.163	596.365
9.173	592.501
9.183	589.255
9.193	590.854
9.203	593.459
9.213	605.591
9.223	0.000
9.233	0.000
9.243	0.000
9.253	0.000
9.263	0.000
9.273	0.000
9.283	0.000
9.293	0.000
9.303	0.000
9.313	0.000
9.323	0.000
9.333	0.000
9.343	0.000
9.353	0.000
9.363	0.000
9.373	0.000
9.383	0.000
9.393	0.000
9.403	0.000
9.413	0.000
9.423	0.000
9.433	0.000
9.443	0.000
9.453	0.000
9.463	0.000
9.473	0.000
9.483	0.000
9.493	0.000
9.503	0.000
9.513	0.000
9.523	0.000
9.533	526.369
9.543	523.917
9.553	519.104
9.563	518.012
9.573	518.031
9.583	518.456
9.593	518.772
9.603	519.534
9.613	520.994
9.623	521.711
9.633	521.971
9.643	522.791
9.653	523.913
9.663	525.089
9.673	525.329
9.683	526.007
9.693	526.854
9.703	527.049
9.713	527.256
9.723	527.477
9.733	527.658
9.743	527.835
9.753	528.379
9.763	528.802
9.773	528.982
9.783	529.180
9.793	529.256
9.803	529.331
9.813	529.431
9.823	529.361
9.833	529.420
9.843	529.542
9.853	529.377
9.863	529.351
9.873	529.262
9.883	529.398
9.893	529.511
9.903	529.714
9.913	530.287
9.923	530.429
9.933	530.384
9.943	530.409
9.953	530.213
9.963	530.190
9.973	530.079
9.983	530.182
9.993	530.362
10.003	530.450
10.013	530.883
10.023	531.128
10.033	531.331
10.043	531.872
10.053	532.169
10.063	532.021
10.073	531.906
10.083	531.905
10.093	531.698
10.103	531.595
10.113	529.587
10.123	525.622
10.133	521.032
10.143	523.544
10.153	525.631
10.163	0.000
10.173	0.000
10.183	0.000
10.193	0.000
10.203	0.000
10.213	717.328
10.223	703.995
10.233	701.664
10.243	700.728
10.253	700.259
10.263	699.471
10.273	699.453
10.283	699.636
10.293	699.898
10.303	699.861
10.313	700.205
10.323	700.524
10.333	700.627
10.343	700.111
10.353	699.735
10.363	699.141
10.373	698.886
10.383	698.720
10.393	698.677
10.403	699.309
10.413	700.822
10.423	702.428
10.433	703.264
10.443	704.959
10.453	706.691
10.463	706.951
10.473	707.648
10.483	708.036
10.493	707.397
10.503	706.760
10.513	705.252
10.523	703.367
10.533	702.660
10.543	701.096
10.553	699.771
10.563	698.949
10.573	698.695
10.583	698.569
10.593	699.191
10.603	700.196
10.613	700.628
10.623	702.606
10.633	704.781
10.643	705.860
10.653	707.691
10.663	709.229
10.673	710.218
10.683	710.648
10.693	710.544
10.703	709.788
10.713	709.200
10.723	707.188
10.733	705.227
10.743	702.908
10.753	701.812
10.763	700.015
10.773	698.942
10.783	698.865
10.793	699.010
10.803	699.778
10.813	701.585
10.823	702.384
10.833	704.343
10.843	705.847
10.853	707.441
10.863	708.106
10.873	708.532
10.883	708.743
10.893	708.586
10.903	707.863
10.913	707.273
10.923	705.883
10.933	705.340
10.943	704.087
10.953	702.627
10.963	700.934
10.973	700.258
10.983	699.196
10.993	698.716
11.003	698.719
11.013	699.134
11.023	700.075
11.033	701.037
11.043	701.646
11.053	702.880
11.063	704.597
11.073	705.730
11.083	707.297
11.093	708.843
11.103	709.612
11.113	709.968
11.123	710.023
11.133	709.274
11.143	708.485
11.153	707.752
11.163	706.370
11.173	705.075
11.183	704.112
11.193	702.256
11.203	700.813
11.213	699.888
11.223	699.883
11.233	700.467
11.243	701.971
11.253	704.035
11.263	704.661
11.273	706.327
11.283	707.901
11.293	708.355
11.303	709.103
11.313	709.258
11.323	708.450
11.333	707.467
11.343	705.057
11.353	702.337
11.363	701.275
11.373	700.697
11.383	700.979
11.393	701.506
11.403	702.220
11.413	702.994
11.423	703.641
11.433	703.939
11.443	704.000
11.453	703.838
11.463	703.241
11.473	703.066
11.483	702.913
11.493	702.694
11.503	701.797
11.513	701.521
11.523	701.165
11.533	700.287
11.543	699.851
11.553	697.607
11.563	690.531
11.573	676.869
11.583	668.762
11.593	662.659
11.603	660.658
11.613	660.055
11.623	659.964
11.633	658.946
11.643	658.560
11.653	658.724
11.663	658.797
11.673	659.181
11.683	659.645
11.693	659.630
11.703	659.688
11.713	659.550
11.723	660.002
11.733	660.150
11.743	660.709
11.753	661.159
11.763	661.176
11.773	661.458
11.783	661.729
11.793	661.884
11.803	661.667
11.813	660.989
11.823	659.445
11.833	657.693
11.843	654.680
11.853	652.314
11.863	647.316
11.873	643.047
11.883	634.960
11.893	613.493
11.903	598.815
11.913	590.307
11.923	589.901
11.933	590.338
11.943	590.342
11.953	590.583
11.963	590.977
11.973	591.344
11.983	591.334
11.993	591.973
12.003	592.342
12.013	592.131
12.023	592.581
12.033	592.928
12.043	592.516
12.053	592.537
12.063	592.628
12.073	592.197
12.083	592.360
12.093	592.521
12.103	592.418
12.113	592.539
12.123	592.577
12.133	592.652
12.143	592.436
12.153	592.556
12.163	592.745
12.173	592.795
12.183	592.765
12.193	592.944
12.203	593.079
12.213	591.623
12.223	588.811
12.233	598.738
12.243	633.998
12.253	654.101
12.263	659.229
12.273	659.648
12.283	659.240
12.293	659.118
12.303	658.696
12.313	658.742
12.323	658.437
12.333	658.090
12.343	657.787
12.353	657.489
12.363	657.033
12.373	657.164
12.383	656.854
12.393	656.739
12.403	656.803
12.413	656.694
12.423	656.584
12.433	656.831
12.443	657.545
12.453	658.342
12.463	660.666
12.473	662.622
12.483	663.465
12.493	664.895
12.503	666.031
12.513	666.560
12.523	666.460
12.533	666.039
12.543	664.567
12.553	663.828
12.563	662.078
12.573	660.412
12.583	658.657
12.593	657.778
12.603	656.644
12.613	655.699
12.623	655.236
12.633	655.913
12.643	657.575
12.653	659.535
12.663	660.568
12.673	662.264
12.683	663.789
12.693	664.922
12.703	665.618
12.713	666.576
12.723	667.195
12.733	667.245
12.743	666.530
12.753	665.362
12.763	664.228
12.773	663.246
12.783	661.335
12.793	659.350
12.803	657.999
12.813	657.198
12.823	656.124
12.833	655.538
12.843	655.830
12.853	657.237
12.863	658.933
12.873	660.842
12.883	661.893
12.893	663.492
12.903	665.042
12.913	665.646
12.923	667.028
12.933	668.091
12.943	667.790
12.953	667.296
12.963	666.341
12.973	664.726
12.983	662.484
12.993	661.098
13.003	658.420
13.013	656.517
13.023	656.092
13.033	655.238
13.043	654.808
13.053	655.774
13.063	656.412
13.073	657.703
13.083	659.464
13.093	660.170
13.103	661.615
13.113	663.128
13.123	664.501
13.133	664.878
13.143	665.840
13.153	666.074
13.163	666.153
13.173	666.084
13.183	665.395
13.193	663.989
13.203	663.626
13.213	661.559
13.223	659.517
13.233	657.687
13.243	656.733
13.253	655.131
13.263	654.181
13.273	654.129
13.283	655.320
13.293	656.887
13.303	658.764
13.313	659.881
13.323	661.372
13.333	663.110
13.343	664.381
13.353	664.965
13.363	665.908
13.373	666.235
13.383	665.944
13.393	665.246
13.403	663.815
13.413	662.253
13.423	661.267
13.433	659.383
13.443	658.269
13.453	657.629
13.463	657.507
13.473	658.519
13.483	659.896
13.493	660.623
13.503	662.061
13.513	663.105
13.523	664.043
13.533	664.544
13.543	665.230
13.553	665.391
13.563	665.124
13.573	665.075
13.583	665.037
13.593	664.629
13.603	664.036
13.613	663.264
13.623	662.924
13.633	662.900
13.643	663.234
13.653	663.949
13.663	665.170
13.673	665.815
13.683	668.402
13.693	676.519
13.703	691.401
13.713	695.119
13.723	697.187
13.733	696.438
13.743	696.393
13.753	696.283
13.763	696.159
13.773	695.987
13.783	695.892
13.793	695.678
13.803	695.527
13.813	695.283
13.823	695.008
13.833	695.032
13.843	694.982
13.853	694.911
13.863	694.815
13.873	694.987
13.883	694.895
13.893	695.070
13.903	695.255
13.913	695.313
13.923	695.357
13.933	695.343
13.943	695.161
13.953	694.829
13.963	694.916
13.973	694.810
13.983	694.798
13.993	695.390
14.003	695.754
14.013	696.384
14.023	697.607
14.033	698.449
14.043	700.912
14.053	703.740
14.063	705.313
14.073	705.914
14.083	706.982
14.093	707.010
14.103	706.950
14.113	706.422
14.123	705.145
14.133	703.737
14.143	702.985
14.153	701.526
14.163	700.042
14.173	698.581
14.183	697.861
14.193	696.477
14.203	695.264
14.213	694.649
14.223	693.853
14.233	693.709
14.243	694.150
14.253	694.488
14.263	695.570
14.273	696.861
14.283	697.836
14.293	699.487
14.303	700.968
14.313	702.727
14.323	703.724
14.333	705.108
14.343	705.690
14.353	706.141
14.363	706.334
14.373	706.272
14.383	705.887
14.393	705.537
14.403	704.240
14.413	702.935
14.423	701.395
14.433	700.525
14.443	699.336
14.453	698.352
14.463	697.961
14.473	697.249
14.483	696.542
14.493	695.844
14.503	695.438
14.513	695.390
14.523	695.148
14.533	695.232
14.543	695.743
14.553	697.066
14.563	698.183
14.573	698.844
14.583	700.720
14.593	702.507
14.603	703.967
14.613	704.643
14.623	705.729
14.633	706.249
14.643	706.374
14.653	707.085
14.663	706.567
14.673	705.186
14.683	704.376
14.693	702.482
14.703	700.484
14.713	698.773
14.723	697.934
14.733	696.897
14.743	696.047
14.753	695.829
14.763	695.451
14.773	695.776
14.783	696.399
14.793	696.925
14.803	697.913
14.813	698.835
14.823	699.318
14.833	700.220
14.843	701.668
14.853	702.955
14.863	703.586
14.873	704.696
14.883	705.737
14.893	706.146
14.903	706.602
14.913	706.717
14.923	705.948
14.933	705.302
14.943	703.754
14.953	701.771
14.963	699.818
14.973	698.724
14.983	697.132
14.993	696.101
15.003	695.636
15.013	695.393
15.023	695.453
15.033	695.749
15.043	695.612
15.053	695.951
15.063	696.853
15.073	698.060
15.083	698.829
15.093	699.876
15.103	701.573
15.113	702.461
15.123	704.457
15.133	705.508
15.143	706.338
15.153	706.275
15.163	705.630
15.173	704.668
15.183	703.308
15.193	702.175
15.203	700.367
15.213	698.522
15.223	697.486
15.233	696.060
15.243	695.699
15.253	695.246
15.263	694.880
15.273	694.958
15.283	695.395
15.293	695.546
15.303	696.232
15.313	697.477
15.323	698.406
15.333	698.723
15.343	700.183
15.353	701.219
15.363	701.755
15.373	702.347
15.383	702.773
15.393	702.681
15.403	702.545
15.413	701.735
15.423	700.613
15.433	698.729
15.443	697.666
15.453	695.837
15.463	694.421
15.473	694.031
15.483	693.586
15.493	693.823
15.503	694.599
15.513	695.314
15.523	697.226
15.533	699.156
15.543	700.389
15.553	700.874
15.563	701.596
15.573	701.493
15.583	701.299
15.593	700.657
15.603	698.922
15.613	696.477
15.623	695.579
15.633	693.731
15.643	692.776
15.653	692.833
15.663	692.639
15.673	693.556
15.683	694.889
15.693	694.901
15.703	696.793
15.713	697.196
15.723	697.434
15.733	697.328
15.743	696.485
15.753	694.708
15.763	694.000
15.773	693.642
15.783	693.096
15.793	693.675
15.803	693.896
15.813	695.527
15.823	699.987
15.833	704.968
15.843	0.000
15.853	0.000
15.863	0.000
15.873	0.000
15.883	0.000
15.893	0.000
15.903	0.000
15.913	0.000
15.923	0.000
15.933	0.000
15.943	0.000
15.953	0.000
15.963	0.000
15.973	0.000
15.983	0.000
15.993	0.000
16.003	0.000
16.013	0.000
16.023	0.000
16.033	0.000
16.043	0.000
16.053	0.000
16.063	0.000
16.073	0.000
16.083	0.000
16.093	0.000
16.103	0.000
16.113	0.000
16.123	0.000
16.133	0.000
16.143	0.000
16.153	0.000
16.163	0.000
16.173	0.000
16.183	0.000
16.193	0.000
16.203	0.000
16.213	0.000
16.223	0.000
16.233	0.000
16.243	0.000
16.253	0.000
16.263	0.000
16.273	0.000
16.283	0.000
16.293	0.000
16.303	0.000
16.313	0.000
16.323	0.000
16.333	0.000
16.343	0.000
16.353	0.000
16.363	0.000
16.373	0.000
16.383	0.000
16.393	0.000
16.403	0.000
16.413	0.000
16.423	0.000
16.433	0.000
16.443	0.000
16.453	0.000
16.463	0.000
16.473	0.000
16.483	0.000
16.493	0.000
16.503	0.000
16.513	0.000
16.523	0.000
16.533	0.000
16.543	0.000
16.553	0.000
16.563	0.000
16.573	0.000
16.583	0.000
16.593	0.000
16.603	0.000
16.613	0.000
16.623	0.000
16.633	0.000
16.643	0.000
16.653	0.000
16.663	0.000
16.673	0.000
16.683	0.000
16.693	0.000
16.703	0.000
16.713	0.000
16.723	0.000
16.733	0.000
16.743	0.000
16.753	0.000
16.763	0.000
16.773	0.000
16.783	0.000
16.793	0.000
16.803	0.000
16.813	0.000
16.823	0.000
16.833	0.000
16.843	0.000
16.853	0.000
16.863	0.000
16.873	0.000
16.883	0.000
16.893	0.000
16.903	0.000
16.913	0.000
16.923	0.000
16.933	0.000
16.943	0.000
16.953	0.000
16.963	0.000
16.973	0.000
16.983	0.000
16.993	0.000
17.003	0.000
17.013	0.000
17.023	0.000
17.033	0.000
17.043	0.000
17.053	0.000
17.063	0.000
17.073	0.000
17.083	0.000
17.093	0.000
17.103	0.000
17.113	0.000
17.123	0.000
17.133	0.000
17.143	0.000
17.153	0.000
17.163	0.000
17.173	0.000
17.183	0.000
17.193	0.000
17.203	0.000
17.213	0.000
17.223	0.000
17.233	0.000
17.243	0.000
17.253	0.000
17.263	0.000
17.273	670.883
17.283	665.984
17.293	660.311
17.303	659.013
17.313	658.278
17.323	659.819
17.333	660.648
17.343	660.745
17.353	661.141
17.363	661.203
17.373	661.832
17.383	661.526
17.393	661.373
17.403	660.401
17.413	659.448
17.423	659.255
17.433	658.508
17.443	658.074
17.453	657.691
17.463	657.713
17.473	658.105
17.483	659.346
17.493	660.057
17.503	661.749
17.513	663.795
17.523	665.540
17.533	666.027
17.543	666.563
17.553	666.341
17.563	665.378
17.573	664.678
17.583	663.084
17.593	661.896
17.603	661.143
17.613	660.466
17.623	660.218
17.633	659.742
17.643	660.227
17.653	660.227
17.663	660.839
17.673	660.953
17.683	661.618
17.693	661.764
17.703	661.544
17.713	661.783
17.723	661.542
17.733	661.784
17.743	661.980
17.753	661.894
17.763	662.016
17.773	662.012
17.783	661.837
17.793	661.911
17.803	661.927
17.813	661.365
17.823	661.879
17.833	661.786
17.843	661.881
17.853	662.036
17.863	662.412
17.873	662.403
17.883	661.161
17.893	659.459
17.903	653.881
17.913	652.533
17.923	660.393
17.933	662.256
17.943	663.269
17.953	663.129
17.963	663.277
17.973	663.206
17.983	663.231
17.993	663.064
18.003	663.070
18.013	662.760
18.023	662.482
18.033	662.286
18.043	662.216
18.053	661.811
18.063	661.353
18.073	661.484
18.083	661.252
18.093	661.315
18.103	661.453
18.113	661.366
18.123	661.497
18.133	661.372
18.143	661.364
18.153	661.374
18.163	661.486
18.173	661.404
18.183	661.552
18.193	661.247
18.203	661.446
18.213	661.361
18.223	661.688
18.233	662.035
18.243	662.060
18.253	661.751
18.263	657.486
18.273	651.653
18.283	658.266
18.293	662.518
18.303	664.907
18.313	663.987
18.323	663.625
18.333	663.060
18.343	662.894
18.353	662.572
18.363	662.298
18.373	661.760
18.383	661.461
18.393	661.473
18.403	661.164
18.413	661.293
18.423	661.490
18.433	661.488
18.443	661.692
18.453	661.952
18.463	661.902
18.473	661.853
18.483	661.874
18.493	661.804
18.503	662.139
18.513	661.675
18.523	661.712
18.533	661.761
18.543	661.843
18.553	661.737
18.563	661.978
18.573	661.851
18.583	662.301
18.593	662.353
18.603	662.405
18.613	662.688
18.623	661.527
18.633	656.992
18.643	652.668
18.653	656.829
18.663	665.393
18.673	666.026
18.683	666.144
18.693	665.826
18.703	665.345
18.713	664.269
18.723	664.141
18.733	662.988
18.743	662.109
18.753	661.701
18.763	660.929
18.773	660.124
18.783	659.567
18.793	659.352
18.803	658.721
18.813	658.748
18.823	659.162
18.833	659.326
18.843	660.447
18.853	661.611
18.863	662.658
18.873	663.488
18.883	664.032
18.893	664.671
18.903	665.375
18.913	665.519
18.923	665.470
18.933	665.024
18.943	664.927
18.953	663.711
18.963	662.576
18.973	661.925
18.983	660.339
18.993	658.931
19.003	658.196
19.013	658.071
19.023	657.912
19.033	658.607
19.043	658.753
19.053	660.351
19.063	662.045
19.073	663.761
19.083	664.544
19.093	665.997
19.103	667.346
19.113	668.073
19.123	668.060
19.133	667.795
19.143	666.676
19.153	666.130
19.163	664.612
19.173	663.091
19.183	661.331
19.193	660.639
19.203	659.005
19.213	657.371
19.223	657.004
19.233	656.542
19.243	657.126
19.253	658.249
19.263	659.147
19.273	660.485
19.283	661.437
19.293	662.292
19.303	662.519
19.313	663.525
19.323	664.180
19.333	664.555
19.343	664.873
19.353	665.173
19.363	664.848
19.373	664.527
19.383	663.752
19.393	662.769
19.403	661.933
19.413	660.620
19.423	659.705
19.433	658.495
19.443	658.078
19.453	658.001
19.463	658.409
19.473	659.495
19.483	660.032
19.493	661.149
19.503	662.276
19.513	662.900
19.523	663.390
19.533	664.246
19.543	664.810
19.553	664.956
19.563	665.106
19.573	665.178
19.583	664.842
19.593	663.902
19.603	662.658
19.613	661.499
19.623	660.818
19.633	660.421
19.643	660.049
19.653	659.619
19.663	659.669
19.673	659.772
19.683	660.357
19.693	660.546
19.703	661.086
19.713	661.395
19.723	661.351
19.733	661.581
19.743	661.463
19.753	661.594
19.763	661.612
19.773	661.563
19.783	661.417
19.793	661.107
19.803	661.077
19.813	660.733
19.823	660.669
19.833	660.777
19.843	660.756
19.853	660.842
19.863	660.672
19.873	660.758
19.883	660.706
19.893	660.435
19.903	660.299
19.913	660.128
19.923	660.204
19.933	660.436
19.943	660.570
19.953	660.612
19.963	661.038
19.973	661.769
19.983	662.051
19.993	662.214
20.003	661.713
20.013	658.535
20.023	656.308
20.033	654.084
20.043	660.641
20.053	663.104
20.063	663.979
20.073	663.006
20.083	662.689
20.093	662.487
20.103	661.675
20.113	660.807
20.123	660.278
20.133	659.934
20.143	659.344
20.153	658.831
20.163	658.745
20.173	658.311
20.183	658.148
20.193	658.069
20.203	658.775
20.213	659.380
20.223	660.803
20.233	661.562
20.243	663.912
20.253	665.558
20.263	666.694
20.273	666.876
20.283	667.225
20.293	666.555
20.303	665.148
20.313	664.416
20.323	662.704
20.333	660.690
20.343	659.712
20.353	657.674
20.363	655.972
20.373	655.381
20.383	655.100
20.393	655.539
20.403	657.362
20.413	658.050
20.423	660.191
20.433	661.851
20.443	663.145
20.453	663.693
20.463	664.311
20.473	664.554
20.483	664.285
20.493	664.109
20.503	663.052
20.513	661.934
20.523	661.281
20.533	659.322
20.543	657.747
20.553	656.837
20.563	656.658
20.573	656.412
20.583	657.453
20.593	658.090
20.603	659.408
20.613	660.578
20.623	661.038
20.633	661.243
20.643	661.235
20.653	661.219
20.663	660.918
20.673	660.575
20.683	660.043
20.693	659.121
20.703	658.580
20.713	657.269
20.723	655.820
20.733	655.136
20.743	655.111
20.753	655.153
20.763	655.373
20.773	655.556
20.783	655.827
20.793	656.597
20.803	656.577
20.813	656.304
20.823	655.635
20.833	654.474
20.843	653.639
20.853	653.048
20.863	653.837
20.873	657.324
20.883	660.935
20.893	0.000
20.903	0.000
20.913	0.000
20.923	0.000
20.933	0.000
20.943	0.000
20.953	0.000
20.963	0.000
20.973	0.000
20.983	0.000
20.993	0.000
21.003	0.000
21.013	0.000
21.023	0.000
21.033	0.000
21.043	0.000
21.053	0.000
21.063	0.000
21.073	0.000
21.083	0.000
21.093	0.000
21.103	0.000
21.113	0.000
21.123	0.000
21.133	0.000
21.143	0.000
21.153	0.000
21.163	0.000
21.173	0.000
21.183	0.000
21.193	0.000
21.203	0.000
21.213	0.000
21.223	0.000
21.233	0.000
21.243	0.000
21.253	0.000
21.263	0.000
21.273	0.000
21.283	0.000
21.293	0.000
21.303	0.000
21.313	0.000
21.323	0.000
21.333	0.000
21.343	0.000
21.353	0.000
21.363	0.000
21.373	0.000
21.383	0.000
21.393	0.000
21.403	0.000
21.413	0.000
21.423	0.000
21.433	0.000
21.443	0.000
21.453	0.000
21.463	0.000
21.473	0.000
21.483	0.000
21.493	0.000
21.503	0.000
21.513	0.000
21.523	0.000
21.533	0.000
21.543	0.000
21.553	0.000
21.563	0.000
21.573	0.000
21.583	0.000
21.593	0.000
21.603	0.000
21.613	0.000
21.623	0.000
21.633	0.000
21.643	0.000
21.653	0.000
21.663	0.000
21.673	0.000
21.683	0.000
21.693	0.000
21.703	0.000
21.713	0.000
21.723	0.000
21.733	0.000
21.743	0.000
21.753	0.000
21.763	0.000
21.773	0.000
21.783	0.000
21.793	0.000
21.803	0.000
21.813	0.000
21.823	0.000
21.833	0.000
21.843	0.000
21.853	0.000
21.863	0.000
21.873	0.000
21.883	0.000
21.893	0.000
21.903	0.000
21.913	0.000
21.923	0.000
21.933	0.000
21.943	0.000
21.953	0.000
21.963	0.000
21.973	0.000
21.983	0.000
21.993	0.000
22.003	0.000
22.013	0.000
22.023	0.000
22.033	0.000
22.043	0.000
22.053	0.000
22.063	0.000
22.073	0.000
22.083	0.000
22.093	0.000
22.103	0.000
22.113	0.000
22.123	0.000
22.133	0.000
22.143	0.000
22.153	0.000
22.163	0.000
22.173	0.000
22.183	0.000
22.193	0.000
22.203	0.000
22.213	0.000
22.223	0.000
22.233	0.000
22.243	0.000
22.253	0.000
22.263	0.000
22.273	0.000
22.283	0.000
22.293	0.000
22.303	0.000
22.313	0.000
22.323	0.000
22.333	0.000
22.343	0.000
22.353	0.000
22.363	0.000
22.373	0.000
22.383	0.000
22.393	0.000
22.403	0.000
22.413	0.000
22.423	0.000
22.433	0.000
22.443	0.000
22.453	0.000
22.463	0.000
22.473	0.000
22.483	0.000
22.493	0.000
22.503	0.000
22.513	0.000
22.523	0.000
22.533	0.000
22.543	0.000
22.553	0.000
22.563	0.000
22.573	0.000
22.583	0.000
22.593	0.000
22.603	0.000
22.613	0.000
22.623	0.000
22.633	0.000
22.643	0.000
22.653	0.000
22.663	0.000
22.673	0.000
22.683	0.000
22.693	0.000
22.703	0.000
22.713	0.000
22.723	0.000
22.733	0.000
22.743	0.000
22.753	0.000
22.763	0.000
22.773	0.000
22.783	0.000
22.793	0.000
22.803	0.000
22.813	0.000
22.823	0.000
22.833	0.000
22.843	0.000
22.853	0.000
22.863	0.000
22.873	0.000
22.883	0.000
22.893	0.000
22.903	0.000
22.913	0.000
22.923	0.000
22.933	0.000
22.943	0.000
22.953	0.000
22.963	0.000
22.973	0.000
22.983	0.000
22.993	0.000
23.003	0.000
23.013	0.000
23.023	0.000
23.033	0.000
23.043	0.000
23.053	0.000
23.063	0.000
23.073	0.000
23.083	0.000
23.093	0.000
23.103	0.000
23.113	0.000
23.123	0.000
23.133	0.000
23.143	0.000
23.153	0.000
23.163	0.000
23.173	0.000
23.183	0.000
23.193	0.000
23.203	0.000
23.213	0.000
23.223	0.000
23.233	0.000
23.243	0.000
23.253	0.000
23.263	0.000
23.273	0.000
23.283	0.000
23.293	0.000
23.303	0.000
23.313	0.000
23.323	0.000
23.333	0.000
23.343	0.000
23.353	0.000
23.363	0.000
23.373	0.000
23.383	0.000
23.393	0.000
23.403	0.000
23.413	0.000
23.423	0.000
23.433	0.000
23.443	0.000
23.453	0.000
23.463	0.000
23.473	0.000
23.483	0.000
23.493	0.000
23.503	0.000
23.513	0.000
23.523	0.000
23.533	0.000
23.543	0.000
23.553	0.000
23.563	0.000
23.573	0.000
23.583	0.000
23.593	0.000
23.603	0.000
23.613	0.000
23.623	0.000
23.633	0.000
23.643	0.000
23.653	0.000
23.663	0.000
23.673	0.000
23.683	0.000
23.693	0.000
23.703	0.000
23.713	0.000
23.723	0.000
23.733	0.000
23.743	0.000
23.753	0.000
23.763	0.000
23.773	0.000
23.783	0.000
23.793	0.000
23.803	0.000
23.813	0.000
23.823	0.000
23.833	0.000
23.843	0.000
23.853	0.000
23.863	0.000
23.873	0.000
23.883	0.000
23.893	0.000
23.903	0.000
23.913	0.000
23.923	0.000
23.933	0.000
23.943	0.000
23.953	0.000
23.963	0.000
23.973	0.000
23.983	0.000
23.993	0.000
24.003	0.000
24.013	0.000
24.023	0.000
24.033	0.000
24.043	0.000
24.053	0.000
24.063	0.000
24.073	0.000
24.083	0.000
24.093	0.000
24.103	0.000
24.113	0.000
24.123	0.000
24.133	0.000
24.143	0.000
24.153	0.000
24.163	0.000
24.173	0.000
24.183	0.000
24.193	0.000
24.203	0.000
24.213	0.000
24.223	0.000
24.233	0.000
24.243	0.000
24.253	0.000
24.263	0.000
24.273	0.000
24.283	0.000
24.293	0.000
24.303	0.000
24.313	0.000
24.323	0.000
24.333	0.000
24.343	0.000
24.353	0.000
24.363	0.000
24.373	0.000
24.383	0.000
24.393	0.000
24.403	0.000
24.413	0.000
24.423	0.000
24.433	0.000
24.443	0.000
24.453	0.000
24.463	0.000
24.473	0.000
24.483	0.000
24.493	0.000
24.503	0.000
24.513	0.000
24.523	0.000
24.533	0.000
24.543	0.000
24.553	0.000
24.563	0.000
24.573	0.000
24.583	0.000
24.593	0.000
24.603	0.000
24.613	0.000
24.623	0.000
24.633	0.000
24.643	0.000
24.653	0.000
24.663	0.000
24.673	0.000
24.683	0.000
24.693	0.000
24.703	0.000
24.713	0.000
24.723	0.000
24.733	0.000
24.743	0.000
24.753	0.000
24.763	0.000
24.773	0.000
24.783	0.000
24.793	0.000
24.803	0.000
24.813	0.000
24.823	0.000
24.833	0.000
24.843	0.000
24.853	0.000
24.863	0.000
24.873	0.000
24.883	0.000
24.893	0.000
24.903	0.000
24.913	0.000
24.923	0.000
24.933	0.000
24.943	0.000
24.953	0.000
24.963	0.000
24.973	0.000
24.983	0.000
24.993	0.000
25.003	0.000
25.013	0.000
25.023	0.000
25.033	0.000
25.043	0.000
25.053	0.000
25.063	0.000
25.073	0.000
25.083	0.000
25.093	0.000
25.103	0.000
25.113	0.000
25.123	0.000
25.133	0.000
25.143	0.000
25.153	0.000
25.163	0.000
25.173	0.000
25.183	0.000
25.193	0.000
25.203	0.000
25.213	0.000
25.223	0.000
25.233	0.000
25.243	0.000
25.253	0.000
25.263	0.000
25.273	0.000
25.283	0.000
25.293	0.000
25.303	0.000
25.313	0.000
25.323	0.000
25.333	0.000
25.343	0.000
25.353	0.000
25.363	0.000
25.373	0.000
25.383	0.000
25.393	0.000
25.403	0.000
25.413	0.000
25.423	0.000
25.433	0.000
25.443	0.000
25.453	0.000
25.463	0.000
25.473	0.000
25.483	0.000
25.493	0.000
25.503	0.000
25.513	0.000
25.523	0.000
25.533	0.000
25.543	0.000
25.553	0.000
25.563	0.000
25.573	0.000
25.583	0.000
25.593	0.000
25.603	0.000
25.613	0.000
25.623	0.000
25.633	0.000
25.643	0.000
25.653	0.000
25.663	0.000
25.673	0.000
25.683	0.000
25.693	0.000
25.703	0.000
25.713	0.000
25.723	0.000
25.733	0.000
25.743	0.000
25.753	0.000
25.763	0.000
25.773	0.000
25.783	0.000
25.793	0.000
25.803	0.000
25.813	0.000
25.823	0.000
25.833	0.000
25.843	0.000
25.853	0.000
25.863	0.000
25.873	0.000
25.883	0.000
25.893	0.000
25.903	0.000
25.913	0.000
25.923	0.000
25.933	0.000
25.943	0.000
25.953	0.000
25.963	0.000
25.973	0.000
25.983	0.000
25.993	0.000
26.003	0.000
26.013	0.000
26.023	0.000
26.033	0.000
26.043	0.000
26.053	0.000
26.063	0.000
26.073	0.000
26.083	0.000
26.093	0.000
26.103	0.000
26.113	0.000
26.123	0.000
26.133	0.000
26.143	0.000
26.153	0.000
26.163	0.000
26.173	0.000
26.183	0.000
26.193	0.000
26.203	0.000
26.213	0.000
26.223	0.000
26.233	0.000
26.243	0.000
26.253	0.000
26.263	0.000
26.273	0.000
26.283	0.000
26.293	0.000
26.303	0.000
26.313	0.000
26.323	0.000
26.333	0.000
26.343	0.000
26.353	0.000
26.363	0.000
26.373	0.000
26.383	0.000
26.393	0.000
26.403	0.000
26.413	0.000
26.423	0.000
26.433	0.000
26.443	0.000
26.453	0.000
26.463	0.000
26.473	0.000
26.483	0.000
26.493	0.000
26.503	0.000
26.513	0.000
26.523	0.000
26.533	0.000
26.543	0.000
26.553	0.000
26.563	0.000
26.573	0.000
26.583	0.000
26.593	0.000
26.603	0.000
26.613	0.000
26.623	0.000
26.633	0.000
26.643	0.000
26.653	0.000
26.663	0.000
26.673	603.317
26.683	599.770
26.693	598.452
26.703	597.638
26.713	596.968
26.723	596.571
26.733	596.209
26.743	596.199
26.753	596.162
26.763	595.990
26.773	595.706
26.783	595.379
26.793	594.893
26.803	594.603
26.813	594.045
26.823	593.402
26.833	593.179
26.843	593.052
26.853	593.592
26.863	594.698
26.873	595.486
26.883	597.368
26.893	599.099
26.903	600.079
26.913	601.252
26.923	601.671
26.933	601.196
26.943	600.815
26.953	599.508
26.963	597.919
26.973	596.646
26.983	595.874
26.993	594.444
27.003	594.038
27.013	594.353
27.023	595.207
27.033	596.373
27.043	597.228
27.053	597.452
27.063	597.734
27.073	598.014
27.083	597.813
27.093	597.547
27.103	597.094
27.113	596.793
27.123	596.753
27.133	596.568
27.143	596.503
27.153	596.400
27.163	596.548
27.173	596.776
27.183	597.051
27.193	597.135
27.203	597.276
27.213	597.286
27.223	597.509
27.233	598.780
27.243	603.495
27.253	612.663
27.263	614.872
27.273	616.837
27.283	631.002
27.293	0.000
27.303	0.000
27.313	0.000
27.323	816.592
27.333	792.055
27.343	790.780
27.353	789.067
27.363	789.203
27.373	789.503
27.383	789.295
27.393	789.538
27.403	789.885
27.413	790.139
27.423	790.104
27.433	790.513
27.443	791.015
27.453	791.071
27.463	791.338
27.473	791.935
27.483	792.211
27.493	792.491
27.503	792.698
27.513	793.139
27.523	793.024
27.533	793.116
27.543	793.498
27.553	793.700
27.563	794.292
27.573	794.412
27.583	794.912
27.593	794.986
27.603	791.342
27.613	786.938
27.623	786.080
27.633	792.662
27.643	797.809
27.653	797.786
27.663	798.080
27.673	796.826
27.683	796.135
27.693	795.398
27.703	794.851
27.713	794.691
27.723	794.687
27.733	794.251
27.743	794.007
27.753	794.150
27.763	794.979
27.773	795.100
27.783	795.860
27.793	796.482
27.803	796.517
27.813	797.051
27.823	796.965
27.833	797.313
27.843	796.992
27.853	796.508
27.863	795.019
27.873	789.376
27.883	787.196
27.893	784.483
27.903	782.780
27.913	784.786
27.923	0.000
27.933	0.000
27.943	0.000
27.953	0.000
27.963	532.055
27.973	526.752
27.983	526.695
27.993	527.112
28.003	527.756
28.013	528.534
28.023	528.820
28.033	529.831
28.043	530.409
28.053	530.532
28.063	530.684
28.073	530.615
28.083	530.737
28.093	530.313
28.103	529.869
28.113	529.361
28.123	528.689
28.133	528.633
28.143	528.263
28.153	528.117
28.163	528.883
28.173	529.761
28.183	531.196
28.193	533.039
28.203	534.107
28.213	535.956
28.223	536.455
28.233	536.135
28.243	536.158
28.253	534.937
28.263	533.287
28.273	532.481
28.283	530.971
28.293	529.898
28.303	529.033
28.313	528.791
28.323	529.152
28.333	529.590
28.343	530.128
28.353	530.467
28.363	531.424
28.373	532.001
28.383	532.354
28.393	532.700
28.403	532.879
28.413	532.731
28.423	532.555
28.433	532.233
28.443	531.590
28.453	530.816
28.463	528.380
28.473	522.091
28.483	513.705
28.493	511.991
28.503	0.000
28.513	0.000
28.523	0.000
28.533	0.000
28.543	0.000
28.553	720.822
28.563	713.445
28.573	706.279
28.583	703.332
28.593	702.323
28.603	702.211
28.613	701.812
28.623	702.553
28.633	703.074
28.643	703.478
28.653	703.192
28.663	703.027
28.673	702.554
28.683	701.398
28.693	699.960
28.703	698.572
28.713	698.095
28.723	697.651
28.733	697.780
28.743	698.003
28.753	698.479
28.763	700.205
28.773	702.695
28.783	703.814
28.793	706.253
28.803	708.406
28.813	708.752
28.823	710.189
28.833	710.335
28.843	709.699
28.853	709.098
28.863	707.301
28.873	705.552
28.883	703.793
28.893	702.957
28.903	701.493
28.913	700.460
28.923	700.080
28.933	699.595
28.943	699.880
28.953	700.856
28.963	701.425
28.973	702.548
28.983	704.121
28.993	705.237
29.003	707.238
29.013	708.967
29.023	710.880
29.033	711.406
29.043	712.242
29.053	711.666
29.063	710.771
29.073	710.254
29.083	708.437
29.093	706.740
29.103	705.874
29.113	703.716
29.123	701.922
29.133	700.051
29.143	699.073
29.153	698.540
29.163	698.944
29.173	699.964
29.183	700.797
29.193	702.110
29.203	703.704
29.213	704.673
29.223	706.349
29.233	708.048
29.243	709.906
29.253	710.287
29.263	711.852
29.273	712.651
29.283	713.056
29.293	712.727
29.303	711.717
29.313	709.845
29.323	708.703
29.333	706.864
29.343	704.799
29.353	702.844
29.363	701.932
29.373	700.807
29.383	700.717
29.393	700.727
29.403	701.806
29.413	703.249
29.423	704.117
29.433	704.614
29.443	705.750
29.453	706.592
29.463	707.360
29.473	708.349
29.483	708.113
29.493	707.195
29.503	706.347
29.513	704.291
29.523	702.386
29.533	701.258
29.543	701.005
29.553	700.948
29.563	702.108
29.573	702.647
29.583	703.836
29.593	704.417
29.603	705.247
29.613	705.572
29.623	705.226
29.633	704.960
29.643	704.972
29.653	703.855
29.663	702.980
29.673	702.776
29.683	702.412
29.693	701.827
29.703	701.455
29.713	701.511
29.723	701.679
29.733	701.906
29.743	702.236
29.753	702.554
29.763	702.246
29.773	701.656
29.783	701.675
29.793	701.657
29.803	701.815
29.813	701.348
29.823	701.027
29.833	696.526
29.843	680.269
29.853	662.755
29.863	660.472
29.873	656.363
29.883	657.346
29.893	656.917
29.903	657.194
29.913	656.809
29.923	657.008
29.933	657.341
29.943	657.963
29.953	658.885
29.963	659.731
29.973	659.835
29.983	660.388
29.993	660.975
30.003	661.265
30.013	661.487
30.023	661.739
30.033	661.966
30.043	662.002
30.053	662.013
30.063	662.270
30.073	662.074
30.083	661.946
30.093	661.575
30.103	660.336
30.113	659.526
30.123	656.111
30.133	655.280
30.143	656.002
30.153	650.067
30.163	610.963
30.173	596.871
30.183	595.395
30.193	595.123
30.203	595.002
30.213	595.404
30.223	595.495
30.233	595.588
30.243	595.403
30.253	595.822
30.263	595.996
30.273	595.859
30.283	596.409
30.293	596.484
30.303	596.494
30.313	596.846
30.323	597.237
30.333	597.505
30.343	597.957
30.353	598.308
30.363	598.395
30.373	598.573
30.383	598.484
30.393	598.413
30.403	598.292
30.413	598.276
30.423	597.827
30.433	598.592
30.443	600.114
30.453	608.579
30.463	617.052
30.473	619.454
30.483	605.344
30.493	569.467
30.503	564.669
30.513	564.009
30.523	562.045
30.533	562.015
30.543	561.842
30.553	560.931
30.563	561.108
30.573	561.398
30.583	561.451
30.593	561.795
30.603	562.454
30.613	563.012
30.623	563.026
30.633	563.281
30.643	563.953
30.653	563.789
30.663	564.210
30.673	564.476
30.683	564.944
30.693	564.952
30.703	565.445
30.713	565.633
30.723	566.276
30.733	566.339
30.743	566.365
30.753	565.430
30.763	566.082
30.773	546.367
30.783	529.869
30.793	0.000
30.803	0.000
30.813	596.688
30.823	596.102
30.833	595.629
30.843	595.081
30.853	594.799
30.863	594.636
30.873	594.675
30.883	594.905
30.893	594.949
30.903	595.176
30.913	595.273
30.923	595.476
30.933	595.907
30.943	596.135
30.953	596.392
30.963	596.380
30.973	596.739
30.983	596.736
30.993	596.579
31.003	596.882
31.013	597.098
31.023	597.285
31.033	597.043
31.043	597.312
31.053	597.393
31.063	597.178
31.073	597.716
31.083	606.174
31.093	618.745
31.103	640.331
31.113	657.784
31.123	662.181
31.133	662.163
31.143	661.329
31.153	660.578
31.163	660.341
31.173	660.252
31.183	660.396
31.193	660.391
31.203	660.438
31.213	660.486
31.223	660.583
31.233	660.728
31.243	660.775
31.253	661.263
31.263	661.764
31.273	661.881
31.283	662.236
31.293	662.176
31.303	662.143
31.313	662.299
31.323	662.652
31.333	662.730
31.343	662.832
31.353	662.669
31.363	662.542
31.373	662.360
31.383	663.676
31.393	666.652
31.403	669.713
31.413	670.675
31.423	678.964
31.433	0.000
31.443	567.909
31.453	564.724
31.463	561.875
31.473	560.465
31.483	560.026
31.493	559.334
31.503	559.024
31.513	559.190
31.523	558.945
31.533	559.121
31.543	559.659
31.553	559.983
31.563	560.277
31.573	560.716
31.583	561.165
31.593	561.047
31.603	561.570
31.613	561.900
31.623	562.171
31.633	562.458
31.643	562.424
31.653	562.273
31.663	562.574
31.673	562.988
31.683	563.195
31.693	563.069
31.703	563.113
31.713	563.089
31.723	563.244
31.733	563.504
31.743	563.314
31.753	563.181
31.763	563.088
31.773	562.157
31.783	544.355
31.793	524.188
31.803	0.000
31.813	0.000
31.823	590.812
31.833	592.482
31.843	592.218
31.853	591.767
31.863	591.472
31.873	591.148
31.883	591.179
31.893	590.721
31.903	590.766
31.913	590.811
31.923	590.459
31.933	590.490
31.943	590.889
31.953	590.809
31.963	590.776
31.973	591.039
31.983	591.113
31.993	591.183
32.003	591.184
32.013	591.439
32.023	591.261
32.033	591.436
32.043	591.110
32.053	591.206
32.063	591.590
32.073	592.079
32.083	592.292
32.093	593.522
32.103	594.194
32.113	595.274
32.123	596.901
32.133	597.728
32.143	598.518
32.153	598.572
32.163	598.640
32.173	598.747
32.183	597.952
32.193	596.739
32.203	596.309
32.213	594.965
32.223	593.535
32.233	592.206
32.243	591.600
32.253	590.769
32.263	590.306
32.273	590.006
32.283	589.791
32.293	590.307
32.303	590.994
32.313	591.470
32.323	593.492
32.333	595.199
32.343	596.129
32.353	596.475
32.363	596.869
32.373	597.071
32.383	597.585
32.393	597.547
32.403	597.302
32.413	597.068
32.423	596.511
32.433	595.612
32.443	594.491
32.453	593.161
32.463	592.542
32.473	591.343
32.483	590.611
32.493	590.484
32.503	589.261
32.513	589.231
32.523	590.520
32.533	591.179
32.543	592.957
32.553	594.767
32.563	595.114
32.573	596.369
32.583	597.443
32.593	598.055
32.603	598.196
32.613	598.550
32.623	598.766
32.633	598.832
32.643	598.296
32.653	597.334
32.663	595.987
32.673	595.137
32.683	593.734
32.693	592.311
32.703	591.011
32.713	590.434
32.723	589.613
32.733	589.466
32.743	589.581
32.753	589.719
32.763	590.903
32.773	592.419
32.783	593.212
32.793	595.130
32.803	596.635
32.813	597.433
32.823	597.920
32.833	598.718
32.843	599.148
32.853	599.209
32.863	598.913
32.873	598.067
32.883	596.920
32.893	596.326
32.903	595.042
32.913	593.778
32.923	592.504
32.933	591.817
32.943	590.568
32.953	589.765
32.963	589.435
32.973	589.757
32.983	590.431
32.993	591.124
33.003	591.500
33.013	593.593
33.023	595.378
33.033	595.931
33.043	597.146
33.053	597.679
33.063	597.956
33.073	598.128
33.083	598.564
33.093	598.561
33.103	597.601
33.113	597.133
33.123	596.330
33.133	595.058
33.143	594.627
33.153	593.105
33.163	591.874
33.173	590.902
33.183	590.667
33.193	590.426
33.203	590.426
33.213	590.652
33.223	591.454
33.233	592.140
33.243	593.243
33.253	593.944
33.263	595.885
33.273	596.637
33.283	597.282
33.293	597.545
33.303	598.195
33.313	598.628
33.323	598.731
33.333	598.511
33.343	597.685
33.353	596.605
33.363	596.152
33.373	594.393
33.383	593.209
33.393	592.677
33.403	591.336
33.413	590.507
33.423	589.834
33.433	589.942
33.443	589.932
33.453	591.166
33.463	591.975
33.473	592.152
33.483	593.326
33.493	594.666
33.503	595.070
33.513	595.827
33.523	596.581
33.533	597.280
33.543	597.524
33.553	598.242
33.563	598.512
33.573	598.653
33.583	597.877
33.593	597.166
33.603	596.287
33.613	595.593
33.623	594.209
33.633	593.043
33.643	592.051
33.653	591.486
33.663	590.775
33.673	590.415
33.683	589.931
33.693	590.789
33.703	591.132
33.713	591.676
33.723	592.325
33.733	593.372
33.743	594.416
33.753	595.131
33.763	595.821
33.773	596.624
33.783	597.313
33.793	597.291
33.803	597.219
33.813	596.929
33.823	596.428
33.833	596.124
33.843	595.180
33.853	594.444
33.863	593.663
33.873	592.877
33.883	591.832
33.893	591.052
33.903	590.223
33.913	590.489
33.923	590.301
33.933	590.469
33.943	590.804
33.953	592.101
33.963	592.703
33.973	593.278
33.983	594.554
33.993	595.315
34.003	596.154
34.013	596.343
34.023	596.998
34.033	597.178
34.043	597.206
34.053	596.542
34.063	595.756
34.073	595.122
34.083	594.485
34.093	593.292
34.103	592.145
34.113	591.383
34.123	590.257
34.133	589.181
34.143	589.445
34.153	589.687
34.163	590.702
34.173	592.313
34.183	592.751
34.193	593.336
34.203	593.885
34.213	594.366
34.223	594.803
34.233	595.173
34.243	595.402
34.253	595.736
34.263	595.785
34.273	595.696
34.283	595.479
34.293	594.822
34.303	594.109
34.313	593.122
34.323	592.070
34.333	591.532
34.343	591.220
34.353	590.766
34.363	589.801
34.373	589.490
34.383	589.964
34.393	591.502
34.403	592.517
34.413	593.061
34.423	594.768
34.433	595.255
34.443	595.484
34.453	595.707
34.463	595.819
34.473	595.867
34.483	595.682
34.493	595.480
34.503	594.849
34.513	594.307
34.523	593.369
34.533	592.672
34.543	591.961
34.553	591.587
34.563	591.449
34.573	591.313
34.583	590.584
34.593	590.784
34.603	590.131
34.613	591.125
34.623	592.482
34.633	592.798
34.643	593.114
34.653	594.540
34.663	594.780
34.673	595.933
34.683	596.040
34.693	596.022
34.703	595.954
34.713	595.585
34.723	594.500
34.733	594.134
34.743	592.895
34.753	591.305
34.763	590.900
34.773	590.073
34.783	591.332
34.793	591.476
34.803	592.356
34.813	590.598
34.823	592.902
34.833	594.005
34.843	593.495
34.853	593.921
34.863	594.116
34.873	594.602
34.883	595.257
34.893	595.252
34.903	594.465
34.913	593.965
34.923	592.723
34.933	590.992
34.943	589.449
34.953	588.708
34.963	590.455
34.973	592.366
34.983	592.740
34.993	591.597
35.003	0.000
35.013	0.000
35.023	0.000
35.033	0.000
35.043	0.000
35.053	0.000
35.063	0.000
35.073	0.000
35.083	0.000
35.093	0.000
35.103	0.000
35.113	0.000
35.123	0.000
35.133	0.000
35.143	0.000
35.153	0.000
35.163	0.000
35.173	0.000
35.183	0.000
35.193	0.000
35.203	0.000
35.213	0.000
35.223	0.000
35.233	0.000
35.243	0.000
35.253	0.000
35.263	0.000
35.273	0.000
35.283	0.000
35.293	0.000
35.303	0.000
35.313	0.000
35.323	0.000
35.333	0.000
35.343	0.000
35.353	0.000
35.363	0.000
35.373	0.000
35.383	0.000
35.393	0.000
35.403	0.000
35.413	0.000
35.423	0.000
35.433	0.000
35.443	564.841
35.453	561.192
35.463	558.605
35.473	557.593
35.483	557.730
35.493	557.462
35.503	557.732
35.513	558.426
35.523	559.132
35.533	559.317
35.543	558.973
35.553	560.715
35.563	560.930
35.573	561.337
35.583	562.008
35.593	562.568
35.603	563.394
35.613	564.038
35.623	564.763
35.633	565.196
35.643	565.337
35.653	565.324
35.663	565.414
35.673	565.494
35.683	565.749
35.693	565.806
35.703	565.698
35.713	565.618
35.723	559.758
35.733	526.828
35.743	508.868
35.753	496.152
35.763	495.049
35.773	495.147
35.783	494.533
35.793	494.242
35.803	494.028
35.813	494.213
35.823	494.668
35.833	495.549
35.843	495.862
35.853	495.895
35.863	496.198
35.873	496.319
35.883	496.667
35.893	496.639
35.903	496.792
35.913	497.221
35.923	497.549
35.933	498.214
35.943	498.220
35.953	498.326
35.963	498.353
35.973	498.243
35.983	498.322
35.993	498.374
36.003	498.798
36.013	499.138
36.023	499.592
36.033	499.723
36.043	500.211
36.053	500.406
36.063	500.644
36.073	500.794
36.083	500.842
36.093	500.668
36.103	500.763
36.113	500.679
36.123	500.691
36.133	500.417
36.143	498.785
36.153	495.293
36.163	491.227
36.173	491.674
36.183	495.778
36.193	0.000
36.203	563.716
36.213	563.172
36.223	562.099
36.233	561.511
36.243	561.183
36.253	560.959
36.263	560.889
36.273	560.957
36.283	560.589
36.293	560.650
36.303	561.110
36.313	560.472
36.323	560.681
36.333	560.857
36.343	560.455
36.353	560.318
36.363	560.103
36.373	561.117
36.383	561.445
36.393	561.128
36.403	561.484
36.413	561.610
36.423	561.573
36.433	561.643
36.443	561.365
36.453	561.632
36.463	560.973
36.473	561.088
36.483	560.827
36.493	561.072
36.503	561.413
36.513	561.350
36.523	561.343
36.533	561.286
36.543	561.089
36.553	561.204
36.563	561.218
36.573	561.320
36.583	562.031
36.593	563.211
36.603	563.393
36.613	564.180
36.623	565.683
36.633	566.763
36.643	567.019
36.653	567.438
36.663	567.572
36.673	567.357
36.683	567.253
36.693	566.927
36.703	566.328
36.713	566.091
36.723	565.496
36.733	564.738
36.743	564.132
36.753	563.876
36.763	563.321
36.773	562.600
36.783	562.124
36.793	561.314
36.803	560.141
36.813	559.644
36.823	559.282
36.833	559.106
36.843	559.532
36.853	559.755
36.863	560.091
36.873	561.230
36.883	563.473
36.893	563.898
36.903	566.225
36.913	567.104
36.923	567.725
36.933	567.971
36.943	568.444
36.953	568.682
36.963	568.705
36.973	568.779
36.983	568.466
36.993	567.719
37.003	567.173
37.013	566.327
37.023	565.396
37.033	563.860
37.043	563.221
37.053	561.818
37.063	560.956
37.073	560.556
37.083	559.749
37.093	559.845
37.103	560.264
37.113	559.778
37.123	559.537
37.133	560.697
37.143	562.140
37.153	564.048
37.163	565.694
37.173	566.270
37.183	566.603
37.193	567.323
37.203	567.854
37.213	568.006
37.223	567.959
37.233	567.401
37.243	566.435
37.253	566.050
37.263	565.339
37.273	564.193
37.283	562.694
37.293	561.942
37.303	560.172
37.313	558.842
37.323	558.861
37.333	558.531
37.343	557.236
37.353	557.104
37.363	557.837
37.373	559.200
37.383	561.175
37.393	562.242
37.403	562.538
37.413	563.400
37.423	564.228
37.433	564.612
37.443	565.449
37.453	565.343
37.463	565.001
37.473	564.770
37.483	564.180
37.493	563.091
37.503	562.587
37.513	561.349
37.523	559.310
37.533	558.062
37.543	557.474
37.553	556.435
37.563	557.303
37.573	556.860
37.583	556.242
37.593	557.123
37.603	559.314
37.613	558.936
37.623	560.231
37.633	561.647
37.643	563.716
37.653	564.236
37.663	564.985
37.673	565.313
37.683	565.341
37.693	565.582
37.703	565.169
37.713	564.398
37.723	564.200
37.733	563.257
37.743	562.251
37.753	560.884
37.763	560.014
37.773	559.287
37.783	557.944
37.793	558.486
37.803	557.043
37.813	557.407
37.823	558.870
37.833	560.093
37.843	562.032
37.853	563.131
37.863	563.789
37.873	565.126
37.883	565.444
37.893	565.604
37.903	565.579
37.913	565.165
37.923	564.063
37.933	562.745
37.943	562.300
37.953	560.806
37.963	559.611
37.973	559.134
37.983	557.930
37.993	556.738
38.003	559.992
38.013	560.563
38.023	560.923
38.033	561.453
38.043	561.660
38.053	562.088
38.063	563.240
38.073	563.069
38.083	563.659
38.093	562.399
38.103	562.301
38.113	562.469
38.123	563.596
38.133	562.899
38.143	560.958
38.153	561.118
38.163	559.658
38.173	560.136
38.183	563.155
38.193	563.563
38.203	563.147
38.213	561.962
38.223	561.428
38.233	560.178
38.243	560.048
38.253	560.950
38.263	562.889
38.273	564.024
38.283	0.000
38.293	0.000
38.303	0.000
38.313	0.000
38.323	0.000
38.333	0.000
38.343	0.000
38.353	0.000
38.363	0.000
38.373	0.000
38.383	0.000
38.393	0.000
38.403	0.000
38.413	0.000
38.423	0.000
38.433	0.000
38.443	0.000
38.453	0.000
38.463	0.000
38.473	0.000
38.483	0.000
38.493	0.000
38.503	0.000
38.513	0.000
38.523	0.000
38.533	0.000
38.543	0.000
38.553	0.000
38.563	0.000
38.573	0.000
38.583	0.000
38.593	0.000
38.603	0.000
38.613	0.000
38.623	0.000
38.633	0.000
38.643	0.000
38.653	0.000
38.663	0.000
38.673	0.000
38.683	0.000
38.693	0.000
38.703	0.000
38.713	0.000
38.723	0.000
38.733	0.000
38.743	0.000
38.753	0.000
38.763	0.000
38.773	0.000
38.783	0.000
38.793	0.000
38.803	0.000
38.813	0.000
38.823	0.000
38.833	0.000
38.843	0.000
38.853	0.000
38.863	0.000
38.873	0.000
38.883	0.000
38.893	0.000
38.903	0.000
38.913	0.000
38.923	0.000
38.933	0.000
38.943	0.000
38.953	0.000
38.963	0.000
38.973	0.000
38.983	0.000
38.993	0.000
39.003	0.000
39.013	0.000
39.023	0.000
39.033	0.000
39.043	0.000
39.053	0.000
39.063	0.000
39.073	0.000
39.083	0.000
39.093	0.000
39.103	0.000
39.113	0.000
39.123	0.000
39.133	0.000
39.143	0.000
39.153	0.000
39.163	0.000
39.173	0.000
39.183	0.000
39.193	0.000
39.203	0.000
39.213	0.000
39.223	0.000
39.233	0.000
39.243	0.000
39.253	0.000
39.263	0.000
39.273	0.000
39.283	0.000
39.293	0.000
39.303	0.000
39.313	0.000
39.323	0.000
39.333	0.000
39.343	0.000
39.353	0.000
39.363	0.000
39.373	0.000
39.383	0.000
39.393	0.000
39.403	0.000
39.413	0.000
39.423	0.000
39.433	0.000
39.443	0.000
39.453	0.000
39.463	0.000
39.473	0.000
39.483	0.000
39.493	0.000
39.503	0.000
39.513	0.000
39.523	0.000
39.533	0.000
39.543	0.000
39.553	0.000
39.563	0.000
39.573	0.000
39.583	0.000
39.593	0.000
39.603	0.000
39.613	0.000
39.623	0.000
39.633	0.000
39.643	0.000
39.653	0.000
39.663	0.000
39.673	0.000
39.683	0.000
39.693	0.000
39.703	0.000
39.713	0.000
39.723	0.000
39.733	0.000
39.743	0.000
39.753	0.000
39.763	0.000
39.773	0.000
39.783	0.000
39.793	0.000
39.803	0.000
39.813	0.000
39.823	0.000
39.833	0.000
39.843	0.000
39.853	0.000
39.863	0.000
39.873	0.000
39.883	0.000
39.893	0.000
39.903	0.000
39.913	0.000
39.923	0.000
39.933	0.000
