0.023	0.000
0.033	0.000
0.043	0.000
0.053	0.000
0.063	0.000
0.073	0.000
0.083	0.000
0.093	0.000
0.103	0.000
0.113	0.000
0.123	0.000
0.133	0.000
0.143	0.000
0.153	0.000
0.163	0.000
0.173	0.000
0.183	0.000
0.193	0.000
0.203	0.000
0.213	0.000
0.223	0.000
0.233	0.000
0.243	0.000
0.253	0.000
0.263	0.000
0.273	0.000
0.283	0.000
0.293	0.000
0.303	0.000
0.313	0.000
0.323	0.000
0.333	0.000
0.343	0.000
0.353	0.000
0.363	0.000
0.373	0.000
0.383	0.000
0.393	0.000
0.403	0.000
0.413	0.000
0.423	0.000
0.433	0.000
0.443	0.000
0.453	0.000
0.463	0.000
0.473	0.000
0.483	0.000
0.493	0.000
0.503	0.000
0.513	0.000
0.523	0.000
0.533	0.000
0.543	0.000
0.553	0.000
0.563	0.000
0.573	0.000
0.583	0.000
0.593	0.000
0.603	0.000
0.613	0.000
0.623	0.000
0.633	0.000
0.643	0.000
0.653	0.000
0.663	0.000
0.673	0.000
0.683	0.000
0.693	0.000
0.703	0.000
0.713	0.000
0.723	0.000
0.733	0.000
0.743	0.000
0.753	0.000
0.763	0.000
0.773	0.000
0.783	0.000
0.793	0.000
0.803	0.000
0.813	0.000
0.823	0.000
0.833	0.000
0.843	0.000
0.853	0.000
0.863	0.000
0.873	0.000
0.883	0.000
0.893	0.000
0.903	0.000
0.913	0.000
0.923	0.000
0.933	0.000
0.943	0.000
0.953	0.000
0.963	0.000
0.973	0.000
0.983	0.000
0.993	0.000
1.003	0.000
1.013	0.000
1.023	0.000
1.033	0.000
1.043	0.000
1.053	0.000
1.063	0.000
1.073	0.000
1.083	0.000
1.093	0.000
1.103	0.000
1.113	0.000
1.123	0.000
1.133	0.000
1.143	0.000
1.153	0.000
1.163	0.000
1.173	0.000
1.183	0.000
1.193	0.000
1.203	0.000
1.213	0.000
1.223	0.000
1.233	0.000
1.243	0.000
1.253	0.000
1.263	0.000
1.273	0.000
1.283	0.000
1.293	0.000
1.303	0.000
1.313	0.000
1.323	0.000
1.333	0.000
1.343	0.000
1.353	0.000
1.363	0.000
1.373	0.000
1.383	0.000
1.393	0.000
1.403	0.000
1.413	0.000
1.423	0.000
1.433	0.000
1.443	0.000
1.453	0.000
1.463	0.000
1.473	0.000
1.483	0.000
1.493	0.000
1.503	0.000
1.513	0.000
1.523	0.000
1.533	0.000
1.543	0.000
1.553	0.000
1.563	0.000
1.573	0.000
1.583	0.000
1.593	0.000
1.603	0.000
1.613	0.000
1.623	0.000
1.633	0.000
1.643	0.000
1.653	0.000
1.663	0.000
1.673	0.000
1.683	0.000
1.693	0.000
1.703	0.000
1.713	0.000
1.723	0.000
1.733	0.000
1.743	0.000
1.753	0.000
1.763	0.000
1.773	0.000
1.783	0.000
1.793	0.000
1.803	0.000
1.813	0.000
1.823	0.000
1.833	0.000
1.843	0.000
1.853	0.000
1.863	0.000
1.873	0.000
1.883	0.000
1.893	0.000
1.903	0.000
1.913	0.000
1.923	0.000
1.933	0.000
1.943	0.000
1.953	0.000
1.963	0.000
1.973	0.000
1.983	0.000
1.993	0.000
2.003	0.000
2.013	0.000
2.023	0.000
2.033	0.000
2.043	0.000
2.053	0.000
2.063	0.000
2.073	0.000
2.083	0.000
2.093	0.000
2.103	0.000
2.113	0.000
2.123	0.000
2.133	0.000
2.143	0.000
2.153	0.000
2.163	0.000
2.173	0.000
2.183	0.000
2.193	0.000
2.203	0.000
2.213	0.000
2.223	0.000
2.233	0.000
2.243	0.000
2.253	0.000
2.263	0.000
2.273	0.000
2.283	0.000
2.293	0.000
2.303	0.000
2.313	0.000
2.323	0.000
2.333	0.000
2.343	0.000
2.353	0.000
2.363	0.000
2.373	358.742
2.383	356.256
2.393	356.697
2.403	356.063
2.413	354.920
2.423	354.559
2.433	353.942
2.443	353.919
2.453	354.220
2.463	354.298
2.473	354.512
2.483	354.718
2.493	354.730
2.503	354.821
2.513	354.826
2.523	354.860
2.533	354.890
2.543	354.813
2.553	354.822
2.563	354.803
2.573	354.819
2.583	354.769
2.593	354.707
2.603	354.776
2.613	354.773
2.623	354.769
2.633	354.690
2.643	354.552
2.653	354.546
2.663	354.577
2.673	354.605
2.683	354.588
2.693	354.532
2.703	354.662
2.713	354.646
2.723	354.557
2.733	354.487
2.743	354.315
2.753	354.316
2.763	354.269
2.773	354.160
2.783	354.208
2.793	354.084
2.803	354.082
2.813	354.202
2.823	354.216
2.833	354.285
2.843	354.155
2.853	354.134
2.863	354.166
2.873	354.173
2.883	354.198
2.893	354.062
2.903	354.053
2.913	354.121
2.923	354.190
2.933	354.244
2.943	354.181
2.953	354.116
2.963	354.094
2.973	354.077
2.983	354.015
2.993	353.744
3.003	353.768
3.013	353.686
3.023	353.696
3.033	353.658
3.043	353.690
3.053	353.737
3.063	353.739
3.073	353.812
3.083	353.868
3.093	353.860
3.103	353.668
3.113	353.669
3.123	353.667
3.133	353.690
3.143	353.602
3.153	353.668
3.163	353.699
3.173	353.824
3.183	353.917
3.193	353.969
3.203	353.996
3.213	353.762
3.223	353.738
3.233	353.854
3.243	353.907
3.253	353.920
3.263	354.027
3.273	354.058
3.283	354.255
3.293	354.230
3.303	354.219
3.313	354.316
3.323	354.237
3.333	354.440
3.343	354.470
3.353	354.460
3.363	354.659
3.373	354.870
3.383	355.134
3.393	355.250
3.403	355.299
3.413	355.238
3.423	355.395
3.433	355.971
3.443	358.649
3.453	361.632
3.463	361.425
3.473	360.807
3.483	353.259
3.493	353.381
3.503	353.326
3.513	352.514
3.523	351.956
3.533	351.824
3.543	351.924
3.553	352.243
3.563	352.406
3.573	352.543
3.583	352.632
3.593	352.516
3.603	352.471
3.613	352.557
3.623	352.497
3.633	352.436
3.643	352.664
3.653	352.613
3.663	352.685
3.673	352.733
3.683	352.690
3.693	352.629
3.703	352.720
3.713	352.716
3.723	352.659
3.733	352.727
3.743	352.773
3.753	352.762
3.763	352.853
3.773	353.113
3.783	354.008
3.793	354.908
3.803	357.282
3.813	358.557
3.823	354.112
3.833	353.426
3.843	353.633
3.853	353.185
3.863	352.938
3.873	352.468
3.883	352.385
3.893	352.590
3.903	352.686
3.913	352.727
3.923	352.727
3.933	352.565
3.943	352.459
3.953	352.270
3.963	352.053
3.973	352.076
3.983	352.078
3.993	352.099
4.003	352.013
4.013	352.013
4.023	352.003
4.033	351.997
4.043	352.004
4.053	352.015
4.063	352.041
4.073	352.083
4.083	352.095
4.093	352.192
4.103	352.208
4.113	352.404
4.123	352.491
4.133	352.539
4.143	352.351
4.153	352.285
4.163	352.148
4.173	352.011
4.183	351.806
4.193	351.736
4.203	351.615
4.213	351.588
4.223	351.625
4.233	351.627
4.243	351.658
4.253	351.683
4.263	351.699
4.273	351.753
4.283	351.806
4.293	351.728
4.303	351.685
4.313	351.632
4.323	351.772
4.333	351.842
4.343	351.883
4.353	351.975
4.363	352.111
4.373	352.035
4.383	352.033
4.393	352.190
4.403	352.189
4.413	352.315
4.423	352.504
4.433	352.650
4.443	352.749
4.453	353.071
4.463	353.179
4.473	353.242
4.483	353.453
4.493	354.261
4.503	356.298
4.513	357.572
4.523	359.417
4.533	360.209
4.543	359.958
4.553	358.249
4.563	350.140
4.573	353.524
4.583	353.330
4.593	353.214
4.603	352.456
4.613	351.878
4.623	351.710
4.633	351.599
4.643	351.708
4.653	351.898
4.663	352.039
4.673	352.066
4.683	352.203
4.693	352.274
4.703	352.302
4.713	352.378
4.723	352.510
4.733	352.547
4.743	352.544
4.753	352.619
4.763	352.678
4.773	352.654
4.783	352.608
4.793	352.617
4.803	352.592
4.813	352.748
4.823	352.700
4.833	352.592
4.843	352.637
4.853	352.676
4.863	352.616
4.873	352.695
4.883	352.675
4.893	352.634
4.903	352.566
4.913	352.596
4.923	352.566
4.933	352.695
4.943	352.826
4.953	352.860
4.963	352.906
4.973	352.961
4.983	352.893
4.993	352.846
5.003	352.821
5.013	352.871
5.023	352.826
5.033	352.762
5.043	352.537
5.053	352.556
5.063	352.576
5.073	352.666
5.083	352.618
5.093	352.635
5.103	352.577
5.113	352.700
5.123	352.918
5.133	353.007
5.143	353.127
5.153	353.314
5.163	353.282
5.173	352.850
5.183	353.392
5.193	355.021
5.203	0.000
5.213	0.000
5.223	0.000
5.233	0.000
5.243	0.000
5.253	0.000
5.263	0.000
5.273	0.000
5.283	264.746
5.293	267.479
5.303	266.807
5.313	266.609
5.323	265.559
5.333	264.882
5.343	264.917
5.353	264.775
5.363	264.686
5.373	264.533
5.383	264.518
5.393	264.467
5.403	264.432
5.413	264.345
5.423	264.329
5.433	264.352
5.443	264.378
5.453	264.389
5.463	264.329
5.473	264.242
5.483	264.282
5.493	264.258
5.503	264.286
5.513	264.264
5.523	264.249
5.533	264.091
5.543	263.995
5.553	263.973
5.563	263.905
5.573	264.041
5.583	263.979
5.593	263.997
5.603	264.058
5.613	264.089
5.623	263.915
5.633	263.877
5.643	263.875
5.653	263.632
5.663	263.677
5.673	263.780
5.683	263.639
5.693	263.617
5.703	263.625
5.713	263.779
5.723	263.907
5.733	263.672
5.743	263.779
5.753	263.711
5.763	263.513
5.773	263.642
5.783	263.578
5.793	263.561
5.803	263.637
5.813	263.643
5.823	263.564
5.833	263.852
5.843	264.032
5.853	263.982
5.863	264.159
5.873	264.169
5.883	264.211
5.893	265.014
5.903	271.955
5.913	289.318
5.923	0.000
5.933	0.000
5.943	0.000
5.953	0.000
5.963	329.910
5.973	332.827
5.983	331.961
5.993	331.294
6.003	330.945
6.013	331.087
6.023	331.209
6.033	331.304
6.043	331.571
6.053	331.941
6.063	332.010
6.073	332.074
6.083	332.070
6.093	332.089
6.103	331.987
6.113	332.005
6.123	332.159
6.133	332.315
6.143	332.366
6.153	332.314
6.163	332.176
6.173	332.153
6.183	332.212
6.193	332.190
6.203	331.982
6.213	332.047
6.223	331.938
6.233	331.809
6.243	331.769
6.253	331.746
6.263	331.799
6.273	331.846
6.283	331.774
6.293	331.785
6.303	331.625
6.313	331.565
6.323	331.565
6.333	331.671
6.343	331.678
6.353	331.770
6.363	331.954
6.373	332.163
6.383	332.153
6.393	332.162
6.403	332.206
6.413	332.520
6.423	332.396
6.433	332.293
6.443	332.376
6.453	332.427
6.463	332.389
6.473	332.411
6.483	332.388
6.493	332.625
6.503	332.571
6.513	332.572
6.523	332.383
6.533	332.520
6.543	332.677
6.553	332.546
6.563	332.674
6.573	332.778
6.583	332.887
6.593	332.835
6.603	333.041
6.613	333.072
6.623	333.300
6.633	333.283
6.643	333.388
6.653	333.399
6.663	333.413
6.673	332.952
6.683	332.364
6.693	327.867
6.703	322.513
6.713	323.440
6.723	0.000
6.733	0.000
6.743	0.000
6.753	0.000
6.763	0.000
6.773	0.000
6.783	0.000
6.793	440.254
6.803	444.183
6.813	444.544
6.823	445.650
6.833	444.355
6.843	444.117
6.853	444.297
6.863	444.623
6.873	445.265
6.883	445.775
6.893	445.767
6.903	445.926
6.913	445.989
6.923	445.935
6.933	445.964
6.943	445.778
6.953	445.605
6.963	445.681
6.973	445.620
6.983	445.685
6.993	445.676
7.003	445.692
7.013	445.633
7.023	445.539
7.033	445.504
7.043	445.436
7.053	445.465
7.063	445.480
7.073	445.373
7.083	445.368
7.093	445.348
7.103	445.317
7.113	445.290
7.123	445.389
7.133	445.432
7.143	445.337
7.153	445.397
7.163	445.332
7.173	445.243
7.183	445.195
7.193	445.177
7.203	445.222
7.213	445.130
7.223	445.218
7.233	445.276
7.243	445.176
7.253	445.207
7.263	445.143
7.273	445.201
7.283	445.060
7.293	445.080
7.303	445.050
7.313	444.829
7.323	444.884
7.333	444.858
7.343	444.980
7.353	444.907
7.363	444.945
7.373	444.982
7.383	444.817
7.393	444.831
7.403	444.867
7.413	444.900
7.423	444.684
7.433	444.763
7.443	444.828
7.453	444.841
7.463	444.805
7.473	444.830
7.483	444.870
7.493	444.741
7.503	444.871
7.513	444.912
7.523	444.748
7.533	444.671
7.543	444.623
7.553	444.728
7.563	444.529
7.573	444.432
7.583	444.514
7.593	444.440
7.603	444.448
7.613	444.431
7.623	444.539
7.633	444.422
7.643	444.422
7.653	444.387
7.663	444.402
7.673	444.387
7.683	444.368
7.693	444.496
7.703	444.333
7.713	444.419
7.723	444.390
7.733	444.520
7.743	444.459
7.753	444.529
7.763	444.521
7.773	444.484
7.783	444.470
7.793	444.425
7.803	444.474
7.813	444.299
7.823	444.378
7.833	444.361
7.843	444.370
7.853	444.294
7.863	444.299
7.873	444.298
7.883	444.224
7.893	444.250
7.903	444.198
7.913	444.217
7.923	444.025
7.933	444.098
7.943	444.015
7.953	444.077
7.963	443.970
7.973	444.019
7.983	444.003
7.993	444.021
8.003	444.041
8.013	444.034
8.023	444.116
8.033	443.958
8.043	444.008
8.053	443.993
8.063	444.131
8.073	443.960
8.083	444.036
8.093	443.990
8.103	444.128
8.113	444.129
8.123	444.160
8.133	444.209
8.143	444.171
8.153	444.179
8.163	444.178
8.173	444.244
8.183	444.072
8.193	444.128
8.203	444.052
8.213	444.126
8.223	444.084
8.233	444.147
8.243	444.168
8.253	444.177
8.263	444.134
8.273	444.141
8.283	444.168
8.293	444.032
8.303	444.087
8.313	444.031
8.323	444.135
8.333	444.070
8.343	444.171
8.353	444.185
8.363	444.217
8.373	444.163
8.383	444.212
8.393	444.246
8.403	444.155
8.413	444.220
8.423	444.249
8.433	444.411
8.443	444.326
8.453	444.417
8.463	444.407
8.473	444.455
8.483	444.436
8.493	444.452
8.503	444.525
8.513	444.475
8.523	444.480
8.533	444.496
8.543	444.574
8.553	444.469
8.563	444.511
8.573	444.504
8.583	444.455
8.593	444.437
8.603	444.493
8.613	444.558
8.623	444.447
8.633	444.460
8.643	444.374
8.653	444.474
8.663	444.372
8.673	444.371
8.683	444.374
8.693	444.365
8.703	444.349
8.713	444.410
8.723	444.447
8.733	444.300
8.743	444.473
8.753	444.623
8.763	444.712
8.773	444.705
8.783	446.305
8.793	449.240
8.803	459.834
8.813	447.917
8.823	401.126
8.833	396.550
8.843	396.207
8.853	396.912
8.863	397.277
8.873	397.381
8.883	397.264
8.893	397.411
8.903	397.543
8.913	397.512
8.923	397.551
8.933	397.479
8.943	397.369
8.953	397.444
8.963	397.185
8.973	397.115
8.983	397.223
8.993	397.066
9.003	397.163
9.013	397.186
9.023	397.121
9.033	397.101
9.043	397.018
9.053	397.010
9.063	396.867
9.073	396.745
9.083	396.693
9.093	396.504
9.103	396.463
9.113	396.516
9.123	396.141
9.133	395.250
9.143	390.866
9.153	363.521
9.163	355.838
9.173	353.864
9.183	353.399
9.193	353.283
9.203	353.222
9.213	353.217
9.223	353.120
9.233	352.999
9.243	352.750
9.253	352.767
9.263	352.792
9.273	352.855
9.283	352.701
9.293	352.485
9.303	352.387
9.313	352.341
9.323	352.300
9.333	352.098
9.343	352.003
9.353	351.952
9.363	351.783
9.373	351.812
9.383	351.740
9.393	351.694
9.403	351.626
9.413	351.517
9.423	351.466
9.433	351.428
9.443	351.526
9.453	351.583
9.463	351.442
9.473	351.207
9.483	347.701
9.493	343.018
9.503	331.600
9.513	332.433
9.523	332.598
9.533	333.034
9.543	333.105
9.553	333.130
9.563	333.187
9.573	333.147
9.583	333.080
9.593	333.147
9.603	333.127
9.613	333.004
9.623	333.045
9.633	333.056
9.643	333.247
9.653	333.273
9.663	333.085
9.673	333.112
9.683	333.232
9.693	333.130
9.703	333.002
9.713	333.139
9.723	333.305
9.733	333.041
9.743	333.124
9.753	332.962
9.763	332.983
9.773	333.175
9.783	333.155
9.793	333.089
9.803	333.088
9.813	333.198
9.823	333.259
9.833	332.918
9.843	332.919
9.853	333.001
9.863	333.130
9.873	333.185
9.883	333.154
9.893	333.239
9.903	333.377
9.913	333.422
9.923	333.396
9.933	333.407
9.943	333.255
9.953	333.160
9.963	333.092
9.973	333.002
9.983	332.935
9.993	333.003
10.003	332.905
10.013	332.820
10.023	332.633
10.033	332.704
10.043	332.644
10.053	332.579
10.063	332.634
10.073	332.604
10.083	332.739
10.093	332.513
10.103	332.495
10.113	332.520
10.123	332.740
10.133	332.804
10.143	332.859
10.153	332.885
10.163	333.644
10.173	335.861
10.183	348.025
10.193	354.050
10.203	353.053
10.213	352.876
10.223	352.539
10.233	352.200
10.243	351.793
10.253	351.782
10.263	351.853
10.273	351.669
10.283	351.730
10.293	351.667
10.303	351.449
10.313	351.408
10.323	351.473
10.333	351.315
10.343	351.301
10.353	351.366
10.363	351.228
10.373	351.256
10.383	351.125
10.393	350.919
10.403	350.850
10.413	350.887
10.423	350.928
10.433	351.020
10.443	351.061
10.453	351.031
10.463	351.212
10.473	351.191
10.483	350.897
10.493	350.775
10.503	350.887
10.513	350.963
10.523	350.916
10.533	351.116
10.543	350.905
10.553	350.874
10.563	351.009
10.573	350.933
10.583	350.930
10.593	350.873
10.603	350.819
10.613	350.752
10.623	350.741
10.633	350.729
10.643	350.556
10.653	350.574
10.663	350.552
10.673	350.533
10.683	350.562
10.693	350.544
10.703	350.336
10.713	350.309
10.723	350.397
10.733	350.434
10.743	350.597
10.753	350.778
10.763	350.740
10.773	350.604
10.783	350.358
10.793	349.557
10.803	347.835
10.813	348.678
10.823	354.790
10.833	375.499
10.843	386.498
10.853	391.537
10.863	391.586
10.873	392.682
10.883	394.153
10.893	394.876
10.903	395.649
10.913	396.024
10.923	396.078
10.933	395.988
10.943	395.947
10.953	395.881
10.963	395.868
10.973	395.863
10.983	395.934
10.993	396.021
11.003	395.873
11.013	395.750
11.023	395.806
11.033	395.635
11.043	395.538
11.053	395.509
11.063	395.549
11.073	395.511
11.083	395.629
11.093	395.583
11.103	395.545
11.113	395.585
11.123	395.530
11.133	395.528
11.143	395.228
11.153	395.227
11.163	395.076
11.173	394.877
11.183	394.833
11.193	394.968
11.203	395.086
11.213	394.942
11.223	395.064
11.233	395.122
11.243	395.218
11.253	395.082
11.263	395.198
11.273	395.213
11.283	395.158
11.293	395.285
11.303	395.353
11.313	395.239
11.323	395.325
11.333	395.477
11.343	395.499
11.353	395.474
11.363	395.583
11.373	395.626
11.383	395.567
11.393	395.555
11.403	395.576
11.413	395.408
11.423	395.507
11.433	395.592
11.443	395.507
11.453	395.727
11.463	395.730
11.473	395.744
11.483	395.819
11.493	395.792
11.503	395.688
11.513	395.684
11.523	395.749
11.533	395.728
11.543	395.644
11.553	395.646
11.563	395.488
11.573	395.368
11.583	395.442
11.593	395.351
11.603	395.475
11.613	395.616
11.623	395.487
11.633	395.401
11.643	395.500
11.653	395.491
11.663	395.554
11.673	395.645
11.683	395.461
11.693	395.474
11.703	395.548
11.713	395.484
11.723	395.413
11.733	395.443
11.743	395.531
11.753	395.386
11.763	395.549
11.773	395.446
11.783	395.286
11.793	395.254
11.803	395.324
11.813	395.340
11.823	395.366
11.833	395.457
11.843	395.423
11.853	395.422
11.863	395.429
11.873	395.404
11.883	395.266
11.893	395.207
11.903	395.147
11.913	395.052
11.923	394.950
11.933	394.860
11.943	394.789
11.953	394.804
11.963	394.893
11.973	395.076
11.983	395.064
11.993	395.100
12.003	395.116
12.013	395.076
12.023	395.144
12.033	395.202
12.043	395.264
12.053	395.207
12.063	395.196
12.073	395.239
12.083	395.241
12.093	395.277
12.103	395.321
12.113	395.454
12.123	395.469
12.133	395.411
12.143	395.506
12.153	395.391
12.163	395.230
12.173	395.016
12.183	394.902
12.193	394.776
12.203	394.771
12.213	394.897
12.223	394.935
12.233	394.904
12.243	395.099
12.253	395.169
12.263	395.144
12.273	395.214
12.283	395.306
12.293	395.213
12.303	395.150
12.313	395.286
12.323	395.330
12.333	395.311
12.343	395.442
12.353	395.459
12.363	395.431
12.373	395.494
12.383	395.571
12.393	395.449
12.403	395.409
12.413	395.466
12.423	395.281
12.433	395.202
12.443	395.334
12.453	395.376
12.463	395.359
12.473	395.360
12.483	395.478
12.493	395.431
12.503	395.368
12.513	395.411
12.523	395.414
12.533	395.360
12.543	395.271
12.553	395.335
12.563	395.284
12.573	395.419
12.583	395.382
12.593	395.306
12.603	395.351
12.613	395.475
12.623	395.495
12.633	395.358
12.643	395.408
12.653	395.452
12.663	395.404
12.673	395.354
12.683	395.294
12.693	395.408
12.703	395.374
12.713	395.438
12.723	395.527
12.733	395.402
12.743	395.451
12.753	395.478
12.763	395.483
12.773	395.395
12.783	395.378
12.793	395.375
12.803	395.261
12.813	395.230
12.823	395.295
12.833	395.305
12.843	395.223
12.853	395.258
12.863	395.314
12.873	395.187
12.883	395.180
12.893	395.218
12.903	395.101
12.913	395.010
12.923	395.007
12.933	395.088
12.943	395.077
12.953	395.048
12.963	395.110
12.973	395.117
12.983	395.195
12.993	395.283
13.003	395.303
13.013	395.223
13.023	395.285
13.033	395.359
13.043	395.359
13.053	395.354
13.063	395.459
13.073	395.372
13.083	395.396
13.093	395.531
13.103	395.494
13.113	395.506
13.123	395.553
13.133	395.722
13.143	395.773
13.153	395.803
13.163	395.865
13.173	395.855
13.183	395.744
13.193	395.768
13.203	395.751
13.213	395.705
13.223	395.878
13.233	396.062
13.243	395.963
13.253	396.046
13.263	396.190
13.273	396.170
13.283	396.080
13.293	396.025
13.303	396.216
13.313	396.106
13.323	396.119
13.333	396.126
13.343	396.011
13.353	396.046
13.363	396.233
13.373	396.148
13.383	396.134
13.393	396.258
13.403	396.204
13.413	396.142
13.423	396.275
13.433	396.093
13.443	395.959
13.453	396.047
13.463	395.879
13.473	395.793
13.483	395.794
13.493	395.855
13.503	395.747
13.513	395.705
13.523	395.652
13.533	395.588
13.543	395.626
13.553	395.513
13.563	395.368
13.573	395.210
13.583	395.229
13.593	395.159
13.603	395.011
13.613	396.057
13.623	400.769
13.633	402.946
13.643	402.925
13.653	0.000
13.663	433.080
13.673	444.680
13.683	446.838
13.693	446.923
13.703	445.924
13.713	446.413
13.723	445.516
13.733	445.789
13.743	445.619
13.753	445.636
13.763	445.445
13.773	445.708
13.783	445.540
13.793	445.577
13.803	445.376
13.813	445.280
13.823	445.136
13.833	445.113
13.843	445.150
13.853	445.034
13.863	444.995
13.873	444.918
13.883	445.028
13.893	444.837
13.903	444.971
13.913	444.993
13.923	444.876
13.933	444.810
13.943	444.748
13.953	444.763
13.963	444.570
13.973	444.616
13.983	444.651
13.993	444.595
14.003	444.496
14.013	444.492
14.023	444.604
14.033	444.483
14.043	444.376
14.053	444.355
14.063	444.422
14.073	444.270
14.083	444.272
14.093	444.426
14.103	444.399
14.113	444.357
14.123	444.352
14.133	444.487
14.143	444.298
14.153	444.288
14.163	444.259
14.173	444.397
14.183	444.238
14.193	444.213
14.203	444.336
14.213	444.346
14.223	444.361
14.233	444.339
14.243	444.497
14.253	444.340
14.263	444.382
14.273	444.234
14.283	444.389
14.293	444.237
14.303	444.224
14.313	444.337
14.323	444.243
14.333	444.307
14.343	444.352
14.353	444.535
14.363	444.291
14.373	444.414
14.383	444.413
14.393	444.373
14.403	444.251
14.413	444.281
14.423	444.444
14.433	444.353
14.443	444.362
14.453	444.376
14.463	444.482
14.473	444.406
14.483	444.491
14.493	444.573
14.503	444.586
14.513	444.437
14.523	444.502
14.533	444.716
14.543	444.502
14.553	444.504
14.563	444.661
14.573	444.749
14.583	444.703
14.593	444.820
14.603	444.910
14.613	444.848
14.623	444.802
14.633	444.775
14.643	444.774
14.653	444.770
14.663	444.773
14.673	444.880
14.683	444.767
14.693	444.835
14.703	444.946
14.713	444.970
14.723	444.890
14.733	444.915
14.743	445.058
14.753	444.954
14.763	444.863
14.773	444.767
14.783	444.876
14.793	444.766
14.803	444.872
14.813	445.000
14.823	445.076
14.833	444.865
14.843	444.754
14.853	445.004
14.863	444.979
14.873	444.833
14.883	444.851
14.893	444.805
14.903	444.801
14.913	444.712
14.923	444.906
14.933	444.955
14.943	444.808
14.953	444.862
14.963	445.025
14.973	445.022
14.983	444.797
14.993	444.961
15.003	444.912
15.013	444.845
15.023	444.869
15.033	445.004
15.043	445.020
15.053	444.881
15.063	445.083
15.073	444.970
15.083	445.072
15.093	445.098
15.103	445.257
15.113	445.127
15.123	445.031
15.133	445.118
15.143	444.942
15.153	444.895
15.163	445.100
15.173	445.351
15.183	445.006
15.193	445.046
15.203	445.316
15.213	445.361
15.223	445.153
15.233	445.204
15.243	445.227
15.253	445.145
15.263	445.030
15.273	445.224
15.283	445.137
15.293	445.140
15.303	445.228
15.313	445.501
15.323	445.360
15.333	445.312
15.343	445.333
15.353	445.106
15.363	445.266
15.373	445.294
15.383	445.297
15.393	445.218
15.403	445.312
15.413	445.482
15.423	445.340
15.433	445.481
15.443	445.522
15.453	445.585
15.463	445.458
15.473	445.529
15.483	445.614
15.493	445.413
15.503	445.387
15.513	445.502
15.523	445.380
15.533	445.528
15.543	445.673
15.553	445.691
15.563	445.425
15.573	445.515
15.583	445.683
15.593	445.532
15.603	445.517
15.613	445.448
15.623	445.514
15.633	445.479
15.643	445.523
15.653	445.546
15.663	445.430
15.673	445.413
15.683	445.648
15.693	445.661
15.703	445.532
15.713	445.314
15.723	445.654
15.733	445.283
15.743	445.428
15.753	445.569
15.763	445.470
15.773	445.356
15.783	445.398
15.793	445.475
15.803	445.437
15.813	445.688
15.823	445.635
15.833	445.503
15.843	445.514
15.853	445.618
15.863	445.453
15.873	445.460
15.883	445.643
15.893	445.730
15.903	445.446
15.913	445.659
15.923	445.611
15.933	445.584
15.943	445.524
15.953	445.709
15.963	445.421
15.973	445.567
15.983	445.822
15.993	445.655
16.003	445.497
16.013	445.865
16.023	445.720
16.033	445.678
16.043	446.050
16.053	446.013
16.063	445.997
16.073	445.820
16.083	445.820
16.093	446.050
16.103	446.409
16.113	446.234
16.123	446.444
16.133	446.337
16.143	446.804
16.153	446.645
16.163	446.462
16.173	446.220
16.183	446.892
16.193	446.518
16.203	446.792
16.213	448.523
16.223	448.820
16.233	448.606
16.243	448.661
16.253	448.827
16.263	447.388
16.273	447.885
16.283	447.337
16.293	448.947
16.303	450.095
16.313	450.789
16.323	450.199
16.333	452.873
16.343	452.069
16.353	455.025
16.363	0.000
16.373	0.000
16.383	0.000
16.393	0.000
16.403	0.000
16.413	0.000
16.423	0.000
16.433	0.000
16.443	0.000
16.453	0.000
16.463	0.000
16.473	0.000
16.483	0.000
16.493	0.000
16.503	0.000
16.513	0.000
16.523	0.000
16.533	0.000
16.543	0.000
16.553	0.000
16.563	0.000
16.573	0.000
16.583	0.000
16.593	0.000
16.603	0.000
16.613	0.000
16.623	0.000
16.633	0.000
16.643	0.000
16.653	0.000
16.663	0.000
16.673	0.000
16.683	0.000
16.693	0.000
16.703	0.000
16.713	0.000
16.723	0.000
16.733	0.000
16.743	0.000
16.753	0.000
16.763	0.000
16.773	0.000
16.783	0.000
16.793	0.000
16.803	0.000
16.813	0.000
16.823	0.000
16.833	0.000
16.843	0.000
16.853	0.000
16.863	0.000
16.873	0.000
16.883	0.000
16.893	0.000
16.903	0.000
16.913	0.000
16.923	0.000
16.933	0.000
16.943	0.000
16.953	0.000
16.963	0.000
16.973	0.000
16.983	0.000
16.993	0.000
17.003	0.000
17.013	0.000
17.023	0.000
17.033	0.000
17.043	0.000
17.053	0.000
17.063	0.000
17.073	0.000
17.083	0.000
17.093	0.000
17.103	0.000
17.113	0.000
17.123	0.000
17.133	0.000
17.143	0.000
17.153	0.000
17.163	0.000
17.173	0.000
17.183	0.000
17.193	399.278
17.203	393.761
17.213	392.803
17.223	393.175
17.233	394.498
17.243	394.697
17.253	395.266
17.263	395.403
17.273	395.567
17.283	395.769
17.293	395.920
17.303	396.289
17.313	396.444
17.323	396.486
17.333	396.605
17.343	396.912
17.353	397.014
17.363	397.264
17.373	397.156
17.383	397.319
17.393	397.465
17.403	397.242
17.413	397.133
17.423	397.134
17.433	396.883
17.443	396.898
17.453	396.759
17.463	396.704
17.473	396.940
17.483	396.930
17.493	397.019
17.503	397.068
17.513	396.917
17.523	396.848
17.533	396.725
17.543	396.565
17.553	396.522
17.563	396.352
17.573	396.348
17.583	396.365
17.593	396.299
17.603	396.223
17.613	396.215
17.623	396.191
17.633	396.205
17.643	396.100
17.653	396.022
17.663	395.977
17.673	395.906
17.683	395.807
17.693	395.832
17.703	395.834
17.713	395.907
17.723	395.767
17.733	395.759
17.743	395.744
17.753	395.617
17.763	395.726
17.773	395.619
17.783	395.601
17.793	395.727
17.803	395.574
17.813	395.615
17.823	395.550
17.833	395.557
17.843	395.532
17.853	395.538
17.863	395.633
17.873	395.764
17.883	395.686
17.893	395.613
17.903	395.641
17.913	395.642
17.923	395.455
17.933	395.508
17.943	395.687
17.953	395.783
17.963	395.874
17.973	395.868
17.983	395.801
17.993	395.828
18.003	395.854
18.013	395.880
18.023	395.980
18.033	395.921
18.043	395.835
18.053	395.868
18.063	395.955
18.073	395.932
18.083	395.912
18.093	395.920
18.103	396.176
18.113	396.031
18.123	396.477
18.133	396.758
18.143	396.711
18.153	396.886
18.163	396.826
18.173	396.756
18.183	396.762
18.193	397.808
18.203	397.243
18.213	393.088
18.223	371.959
18.233	331.934
18.243	332.803
18.253	334.126
18.263	333.642
18.273	333.985
18.283	333.983
18.293	333.659
18.303	333.745
18.313	333.760
18.323	333.666
18.333	333.860
18.343	333.578
18.353	333.439
18.363	333.198
18.373	333.128
18.383	333.120
18.393	333.028
18.403	333.482
18.413	334.408
18.423	335.569
18.433	336.238
18.443	333.842
18.453	332.626
18.463	331.669
18.473	331.435
18.483	331.640
18.493	332.000
18.503	332.152
18.513	332.288
18.523	332.462
18.533	332.620
18.543	332.529
18.553	332.716
18.563	332.729
18.573	332.894
18.583	332.995
18.593	333.171
18.603	333.348
18.613	333.364
18.623	333.450
18.633	333.573
18.643	333.168
18.653	332.331
18.663	332.275
18.673	331.994
18.683	331.955
18.693	332.171
18.703	332.699
18.713	333.051
18.723	332.985
18.733	333.214
18.743	332.980
18.753	332.970
18.763	332.700
18.773	332.422
18.783	332.398
18.793	332.515
18.803	332.428
18.813	332.389
18.823	332.459
18.833	332.502
18.843	332.518
18.853	332.344
18.863	332.301
18.873	332.375
18.883	332.304
18.893	332.278
18.903	332.152
18.913	332.212
18.923	332.212
18.933	332.260
18.943	332.498
18.953	332.719
18.963	332.571
18.973	332.515
18.983	332.469
18.993	332.457
19.003	332.381
19.013	332.436
19.023	332.206
19.033	332.381
19.043	332.420
19.053	332.513
19.063	332.683
19.073	332.963
19.083	333.059
19.093	332.898
19.103	332.689
19.113	332.831
19.123	332.926
19.133	332.925
19.143	332.974
19.153	333.041
19.163	333.240
19.173	333.297
19.183	333.174
19.193	333.222
19.203	333.301
19.213	333.428
19.223	333.531
19.233	333.097
19.243	333.200
19.253	333.043
19.263	333.155
19.273	333.060
19.283	333.452
19.293	333.355
19.303	333.375
19.313	333.373
19.323	333.395
19.333	333.481
19.343	333.604
19.353	333.386
19.363	333.259
19.373	333.311
19.383	333.571
19.393	333.676
19.403	333.597
19.413	333.697
19.423	333.869
19.433	333.571
19.443	333.696
19.453	333.527
19.463	333.643
19.473	333.874
19.483	333.916
19.493	333.873
19.503	333.941
19.513	333.872
19.523	333.889
19.533	334.198
19.543	334.163
19.553	333.942
19.563	333.905
19.573	333.941
19.583	333.964
19.593	333.986
19.603	334.183
19.613	334.304
19.623	334.358
19.633	334.050
19.643	334.091
19.653	334.107
19.663	334.130
19.673	334.088
19.683	334.189
19.693	334.003
19.703	334.027
19.713	334.457
19.723	334.404
19.733	334.258
19.743	334.106
19.753	334.248
19.763	334.514
19.773	334.445
19.783	334.453
19.793	334.378
19.803	334.300
19.813	334.242
19.823	334.569
19.833	334.802
19.843	334.578
19.853	334.616
19.863	334.478
19.873	334.516
19.883	334.327
19.893	334.384
19.903	334.410
19.913	334.702
19.923	334.357
19.933	333.914
19.943	333.645
19.953	334.330
19.963	336.329
19.973	339.270
19.983	340.923
19.993	343.764
20.003	344.146
20.013	339.367
20.023	336.378
20.033	334.355
20.043	333.303
20.053	332.874
20.063	332.409
20.073	332.355
20.083	332.530
20.093	332.564
20.103	332.652
20.113	332.913
20.123	333.088
20.133	332.962
20.143	332.893
20.153	333.032
20.163	333.107
20.173	333.092
20.183	333.099
20.193	333.262
20.203	333.247
20.213	333.166
20.223	333.056
20.233	333.282
20.243	333.340
20.253	333.256
20.263	333.383
20.273	333.439
20.283	333.626
20.293	333.624
20.303	333.556
20.313	333.619
20.323	333.623
20.333	333.596
20.343	333.596
20.353	333.361
20.363	333.281
20.373	333.657
20.383	333.489
20.393	333.730
20.403	333.828
20.413	333.621
20.423	333.742
20.433	333.724
20.443	333.878
20.453	333.799
20.463	334.033
20.473	334.088
20.483	333.870
20.493	333.969
20.503	334.090
20.513	334.123
20.523	334.357
20.533	334.352
20.543	334.204
20.553	334.133
20.563	334.098
20.573	334.387
20.583	334.677
20.593	334.501
20.603	334.793
20.613	335.007
20.623	335.049
20.633	334.996
20.643	335.463
20.653	335.437
20.663	335.747
20.673	336.077
20.683	336.114
20.693	336.797
20.703	336.684
20.713	336.029
20.723	335.814
20.733	335.514
20.743	335.132
20.753	340.472
20.763	0.000
20.773	0.000
20.783	0.000
20.793	0.000
20.803	0.000
20.813	0.000
20.823	0.000
20.833	0.000
20.843	0.000
20.853	0.000
20.863	0.000
20.873	0.000
20.883	0.000
20.893	0.000
20.903	0.000
20.913	0.000
20.923	0.000
20.933	0.000
20.943	0.000
20.953	0.000
20.963	0.000
20.973	0.000
20.983	0.000
20.993	0.000
21.003	0.000
21.013	0.000
21.023	0.000
21.033	0.000
21.043	0.000
21.053	0.000
21.063	0.000
21.073	0.000
21.083	0.000
21.093	0.000
21.103	0.000
21.113	0.000
21.123	0.000
21.133	0.000
21.143	0.000
21.153	0.000
21.163	0.000
21.173	0.000
21.183	0.000
21.193	0.000
21.203	0.000
21.213	0.000
21.223	0.000
21.233	0.000
21.243	0.000
21.253	0.000
21.263	0.000
21.273	0.000
21.283	0.000
21.293	0.000
21.303	0.000
21.313	0.000
21.323	0.000
21.333	0.000
21.343	0.000
21.353	0.000
21.363	0.000
21.373	0.000
21.383	0.000
21.393	0.000
21.403	0.000
21.413	0.000
21.423	0.000
21.433	0.000
21.443	0.000
21.453	0.000
21.463	0.000
21.473	303.833
21.483	303.834
21.493	301.357
21.503	300.597
21.513	299.922
21.523	298.875
21.533	298.584
21.543	298.122
21.553	297.616
21.563	297.308
21.573	297.002
21.583	296.959
21.593	296.947
21.603	296.729
21.613	296.558
21.623	296.577
21.633	296.596
21.643	296.521
21.653	296.472
21.663	296.388
21.673	296.090
21.683	296.193
21.693	296.139
21.703	296.031
21.713	295.933
21.723	296.055
21.733	296.059
21.743	296.080
21.753	296.142
21.763	296.065
21.773	296.058
21.783	296.128
21.793	296.135
21.803	296.041
21.813	296.011
21.823	296.089
21.833	296.139
21.843	296.125
21.853	296.119
21.863	296.119
21.873	296.197
21.883	296.090
21.893	296.121
21.903	295.951
21.913	295.951
21.923	296.077
21.933	295.925
21.943	295.759
21.953	295.845
21.963	295.882
21.973	295.833
21.983	295.880
21.993	295.863
22.003	295.791
22.013	295.864
22.023	295.721
22.033	295.718
22.043	295.666
22.053	295.765
22.063	295.635
22.073	295.777
22.083	295.692
22.093	295.706
22.103	295.793
22.113	295.785
22.123	295.756
22.133	295.721
22.143	295.842
22.153	295.707
22.163	295.527
22.173	295.571
22.183	295.536
22.193	295.797
22.203	295.731
22.213	295.707
22.223	295.638
22.233	295.800
22.243	295.908
22.253	295.720
22.263	295.756
22.273	295.620
22.283	295.678
22.293	295.667
22.303	295.708
22.313	295.870
22.323	295.863
22.333	295.784
22.343	295.829
22.353	296.020
22.363	295.879
22.373	295.877
22.383	295.829
22.393	295.765
22.403	295.845
22.413	295.834
22.423	295.827
22.433	295.899
22.443	295.864
22.453	295.869
22.463	295.872
22.473	296.004
22.483	295.934
22.493	295.889
22.503	295.957
22.513	295.887
22.523	296.002
22.533	295.907
22.543	295.958
22.553	295.850
22.563	296.004
22.573	295.893
22.583	295.914
22.593	296.149
22.603	296.146
22.613	295.972
22.623	296.076
22.633	296.360
22.643	296.117
22.653	295.946
22.663	296.124
22.673	296.868
22.683	298.451
22.693	299.033
22.703	300.791
22.713	299.042
22.723	298.681
22.733	297.369
22.743	295.789
22.753	295.110
22.763	294.993
22.773	294.880
22.783	294.873
22.793	294.941
22.803	294.979
22.813	294.952
22.823	294.911
22.833	294.914
22.843	294.806
22.853	294.748
22.863	294.828
22.873	294.934
22.883	294.862
22.893	294.819
22.903	294.721
22.913	294.787
22.923	294.713
22.933	294.584
22.943	294.588
22.953	294.621
22.963	294.745
22.973	294.587
22.983	294.785
22.993	294.797
23.003	294.819
23.013	294.736
23.023	294.813
23.033	294.846
23.043	294.794
23.053	294.868
23.063	294.756
23.073	294.714
23.083	294.703
23.093	294.943
23.103	294.839
23.113	294.720
23.123	294.820
23.133	294.928
23.143	294.857
23.153	294.817
23.163	294.729
23.173	294.773
23.183	294.759
23.193	294.600
23.203	294.659
23.213	294.845
23.223	294.851
23.233	294.707
23.243	294.977
23.253	295.078
23.263	294.923
23.273	294.884
23.283	295.019
23.293	294.915
23.303	294.892
23.313	294.891
23.323	294.938
23.333	294.872
23.343	294.981
23.353	295.033
23.363	294.989
23.373	294.982
23.383	294.970
23.393	295.196
23.403	295.099
23.413	294.980
23.423	294.847
23.433	295.059
23.443	294.926
23.453	294.931
23.463	294.843
23.473	295.114
23.483	295.001
23.493	294.907
23.503	295.050
23.513	295.098
23.523	295.075
23.533	295.031
23.543	294.944
23.553	295.030
23.563	295.020
23.573	295.102
23.583	294.986
23.593	294.924
23.603	294.874
23.613	295.659
23.623	296.539
23.633	298.017
23.643	297.671
23.653	290.318
23.663	276.111
23.673	265.290
23.683	264.881
23.693	264.539
23.703	263.289
23.713	262.822
23.723	262.907
23.733	262.940
23.743	263.017
23.753	263.076
23.763	263.098
23.773	263.053
23.783	262.922
23.793	262.727
23.803	262.754
23.813	262.677
23.823	262.662
23.833	262.666
23.843	262.671
23.853	262.712
23.863	262.842
23.873	262.876
23.883	262.840
23.893	262.904
23.903	262.836
23.913	262.758
23.923	262.695
23.933	262.780
23.943	262.844
23.953	262.586
23.963	261.218
23.973	250.213
23.983	249.291
23.993	239.681
24.003	241.606
24.013	237.461
24.023	236.916
24.033	236.175
24.043	235.559
24.053	235.245
24.063	235.183
24.073	235.021
24.083	235.045
24.093	235.095
24.103	235.046
24.113	235.049
24.123	235.046
24.133	235.037
24.143	235.068
24.153	234.994
24.163	234.967
24.173	234.933
24.183	234.907
24.193	234.961
24.203	234.881
24.213	234.869
24.223	234.856
24.233	234.776
24.243	234.733
24.253	234.658
24.263	234.605
24.273	234.585
24.283	234.593
24.293	234.698
24.303	234.710
24.313	234.748
24.323	234.783
24.333	234.830
24.343	234.897
24.353	234.842
24.363	234.878
24.373	234.931
24.383	234.914
24.393	234.926
24.403	235.017
24.413	235.034
24.423	235.055
24.433	234.985
24.443	234.978
24.453	234.994
24.463	234.955
24.473	234.950
24.483	235.001
24.493	234.959
24.503	234.987
24.513	235.027
24.523	235.024
24.533	235.010
24.543	234.973
24.553	234.889
24.563	234.815
24.573	0.000
24.583	0.000
24.593	0.000
24.603	0.000
24.613	0.000
24.623	0.000
24.633	0.000
24.643	0.000
24.653	472.369
24.663	474.178
24.673	473.857
24.683	473.631
24.693	472.286
24.703	472.070
24.713	472.036
24.723	471.864
24.733	471.607
24.743	471.481
24.753	471.419
24.763	471.316
24.773	471.039
24.783	470.925
24.793	470.824
24.803	470.970
24.813	470.872
24.823	471.053
24.833	471.004
24.843	470.858
24.853	470.914
24.863	470.769
24.873	470.760
24.883	470.781
24.893	470.684
24.903	470.673
24.913	470.666
24.923	470.692
24.933	470.643
24.943	470.615
24.953	470.616
24.963	470.551
24.973	470.574
24.983	470.523
24.993	470.546
25.003	470.460
25.013	470.333
25.023	470.212
25.033	470.185
25.043	470.111
25.053	470.088
25.063	470.087
25.073	470.045
25.083	469.970
25.093	469.898
25.103	469.836
25.113	469.865
25.123	469.902
25.133	469.865
25.143	469.834
25.153	469.765
25.163	469.706
25.173	469.720
25.183	469.694
25.193	469.763
25.203	469.779
25.213	469.743
25.223	469.877
25.233	469.989
25.243	469.981
25.253	469.690
25.263	0.000
25.273	441.148
25.283	445.638
25.293	445.053
25.303	443.782
25.313	443.985
25.323	444.299
25.333	444.567
25.343	444.667
25.353	444.781
25.363	444.932
25.373	444.807
25.383	444.571
25.393	444.471
25.403	444.455
25.413	444.301
25.423	444.215
25.433	444.319
25.443	444.380
25.453	444.294
25.463	444.307
25.473	444.399
25.483	444.228
25.493	444.198
25.503	444.220
25.513	444.225
25.523	444.132
25.533	444.079
25.543	444.044
25.553	444.044
25.563	444.067
25.573	444.015
25.583	444.111
25.593	444.070
25.603	444.121
25.613	444.118
25.623	444.141
25.633	443.993
25.643	444.014
25.653	443.996
25.663	443.949
25.673	443.980
25.683	443.908
25.693	443.934
25.703	443.931
25.713	443.914
25.723	443.876
25.733	443.966
25.743	443.944
25.753	444.031
25.763	443.996
25.773	444.006
25.783	443.900
25.793	443.951
25.803	444.075
25.813	443.985
25.823	443.852
25.833	443.896
25.843	443.996
25.853	443.972
25.863	443.942
25.873	443.914
25.883	443.969
25.893	444.009
25.903	444.017
25.913	444.081
25.923	444.075
25.933	444.194
25.943	444.153
25.953	455.719
25.963	457.766
25.973	449.881
25.983	445.211
25.993	443.951
26.003	443.501
26.013	444.315
26.023	444.290
26.033	444.379
26.043	444.586
26.053	444.706
26.063	444.737
26.073	444.603
26.083	444.608
26.093	444.549
26.103	444.478
26.113	444.408
26.123	444.380
26.133	444.362
26.143	444.287
26.153	444.428
26.163	444.432
26.173	444.450
26.183	444.271
26.193	444.379
26.203	444.428
26.213	444.306
26.223	444.255
26.233	444.260
26.243	444.321
26.253	444.338
26.263	444.392
26.273	444.361
26.283	444.389
26.293	444.250
26.303	444.304
26.313	444.310
26.323	444.216
26.333	444.157
26.343	444.194
26.353	444.315
26.363	444.302
26.373	444.345
26.383	444.225
26.393	444.240
26.403	444.169
26.413	444.197
26.423	444.171
26.433	444.345
26.443	444.049
26.453	444.073
26.463	444.168
26.473	444.227
26.483	444.249
26.493	444.208
26.503	444.264
26.513	444.140
26.523	444.262
26.533	444.267
26.543	444.325
26.553	444.142
26.563	444.154
26.573	444.161
26.583	444.223
26.593	444.235
26.603	444.119
26.613	444.130
26.623	444.100
26.633	444.192
26.643	444.169
26.653	444.298
26.663	444.035
26.673	444.156
26.683	444.144
26.693	444.187
26.703	444.193
26.713	444.168
26.723	444.114
26.733	444.197
26.743	444.247
26.753	444.047
26.763	444.163
26.773	444.017
26.783	444.144
26.793	444.064
26.803	444.166
26.813	443.965
26.823	443.964
26.833	444.005
26.843	444.085
26.853	444.177
26.863	444.085
26.873	444.163
26.883	444.088
26.893	444.176
26.903	444.089
26.913	444.143
26.923	443.987
26.933	444.009
26.943	443.941
26.953	444.042
26.963	443.972
26.973	443.954
26.983	443.949
26.993	443.873
27.003	443.979
27.013	443.888
27.023	443.849
27.033	443.741
27.043	443.866
27.053	443.761
27.063	443.804
27.073	443.752
27.083	443.777
27.093	443.756
27.103	443.816
27.113	443.774
27.123	443.783
27.133	443.806
27.143	443.677
27.153	443.695
27.163	443.730
27.173	443.688
27.183	443.595
27.193	443.611
27.203	443.695
27.213	443.551
27.223	443.598
27.233	443.628
27.243	443.706
27.253	443.478
27.263	443.520
27.273	443.465
27.283	443.644
27.293	443.373
27.303	443.411
27.313	443.366
27.323	443.504
27.333	443.436
27.343	443.438
27.353	443.539
27.363	443.555
27.373	443.401
27.383	443.444
27.393	443.448
27.403	443.441
27.413	443.316
27.423	443.328
27.433	443.425
27.443	443.442
27.453	443.346
27.463	443.383
27.473	443.474
27.483	443.421
27.493	443.443
27.503	443.463
27.513	443.493
27.523	443.475
27.533	443.451
27.543	443.344
27.553	443.456
27.563	443.508
27.573	443.534
27.583	443.487
27.593	443.601
27.603	443.551
27.613	443.592
27.623	443.601
27.633	443.634
27.643	443.429
27.653	443.496
27.663	443.478
27.673	443.495
27.683	443.437
27.693	443.474
27.703	443.416
27.713	443.493
27.723	443.446
27.733	443.340
27.743	443.373
27.753	443.428
27.763	443.341
27.773	443.282
27.783	443.385
27.793	443.432
27.803	443.380
27.813	443.415
27.823	443.442
27.833	443.607
27.843	443.659
27.853	443.199
27.863	443.088
27.873	445.349
27.883	446.374
27.893	438.890
27.903	426.580
27.913	0.000
27.923	394.006
27.933	393.574
27.943	394.056
27.953	394.377
27.963	395.438
27.973	395.945
27.983	396.088
27.993	396.228
28.003	396.429
28.013	396.527
28.023	396.632
28.033	396.620
28.043	396.362
28.053	396.168
28.063	396.297
28.073	396.173
28.083	395.907
28.093	395.984
28.103	395.884
28.113	395.911
28.123	395.947
28.133	395.972
28.143	395.796
28.153	395.950
28.163	395.938
28.173	395.783
28.183	395.762
28.193	395.894
28.203	395.813
28.213	395.913
28.223	396.067
28.233	396.070
28.243	395.996
28.253	396.027
28.263	395.950
28.273	395.800
28.283	395.920
28.293	395.995
28.303	396.172
28.313	396.181
28.323	396.146
28.333	396.134
28.343	396.021
28.353	396.018
28.363	395.969
28.373	395.925
28.383	395.877
28.393	395.855
28.403	395.887
28.413	395.751
28.423	395.939
28.433	395.994
28.443	395.906
28.453	396.037
28.463	396.065
28.473	395.778
28.483	395.754
28.493	395.777
28.503	395.392
28.513	394.464
28.523	391.591
28.533	386.085
28.543	363.659
28.553	352.989
28.563	351.188
28.573	353.260
28.583	353.251
28.593	353.211
28.603	353.177
28.613	353.060
28.623	353.055
28.633	353.202
28.643	352.994
28.653	353.004
28.663	353.198
28.673	352.924
28.683	352.966
28.693	352.823
28.703	352.629
28.713	352.639
28.723	352.591
28.733	352.462
28.743	352.384
28.753	352.615
28.763	352.360
28.773	352.131
28.783	352.316
28.793	352.396
28.803	352.409
28.813	352.417
28.823	352.435
28.833	352.448
28.843	352.407
28.853	352.431
28.863	352.366
28.873	352.393
28.883	352.354
28.893	352.209
28.903	352.130
28.913	352.216
28.923	352.169
28.933	352.128
28.943	352.131
28.953	351.950
28.963	351.755
28.973	351.796
28.983	351.827
28.993	351.833
29.003	351.773
29.013	351.721
29.023	351.594
29.033	351.519
29.043	351.542
29.053	351.627
29.063	351.556
29.073	351.581
29.083	351.671
29.093	351.690
29.103	351.642
29.113	351.656
29.123	352.072
29.133	353.039
29.143	353.260
29.153	348.473
29.163	0.000
29.173	0.000
29.183	0.000
29.193	297.728
29.203	295.722
29.213	295.267
29.223	295.460
29.233	295.167
29.243	294.812
29.253	294.535
29.263	294.402
29.273	294.391
29.283	294.277
29.293	294.402
29.303	294.168
29.313	294.073
29.323	294.302
29.333	294.591
29.343	294.583
29.353	294.730
29.363	295.053
29.373	294.939
29.383	295.020
29.393	295.093
29.403	295.237
29.413	295.242
29.423	295.264
29.433	295.158
29.443	295.169
29.453	295.277
29.463	295.109
29.473	295.058
29.483	295.268
29.493	295.246
29.503	295.186
29.513	295.189
29.523	295.383
29.533	295.177
29.543	295.262
29.553	295.038
29.563	295.012
29.573	295.102
29.583	295.134
29.593	295.032
29.603	294.999
29.613	295.127
29.623	295.081
29.633	294.891
29.643	295.136
29.653	295.182
29.663	295.192
29.673	295.122
29.683	295.263
29.693	295.405
29.703	295.482
29.713	296.100
29.723	296.053
29.733	296.234
29.743	296.304
29.753	296.402
29.763	296.373
29.773	296.323
29.783	296.970
29.793	300.339
29.803	313.865
29.813	334.837
29.823	332.345
29.833	334.139
29.843	333.970
29.853	333.227
29.863	332.971
29.873	332.405
29.883	332.487
29.893	332.584
29.903	332.705
29.913	332.730
29.923	333.068
29.933	332.948
29.943	333.036
29.953	333.138
29.963	333.343
29.973	333.195
29.983	333.157
29.993	333.304
30.003	333.202
30.013	332.991
30.023	333.339
30.033	333.205
30.043	333.127
30.053	333.177
30.063	333.117
30.073	332.980
30.083	333.193
30.093	333.030
30.103	332.794
30.113	332.652
30.123	332.934
30.133	332.616
30.143	332.739
30.153	332.741
30.163	332.601
30.173	332.620
30.183	332.529
30.193	332.683
30.203	332.506
30.213	332.041
30.223	332.193
30.233	332.359
30.243	332.139
30.253	332.296
30.263	332.377
30.273	332.478
30.283	332.304
30.293	332.158
30.303	332.115
30.313	331.939
30.323	332.055
30.333	332.038
30.343	332.095
30.353	331.976
30.363	331.918
30.373	332.014
30.383	331.931
30.393	331.803
30.403	331.855
30.413	331.813
30.423	331.991
30.433	332.949
30.443	333.785
30.453	336.216
30.463	339.601
30.473	338.192
30.483	333.455
30.493	332.321
30.503	331.836
30.513	331.436
30.523	331.764
30.533	331.972
30.543	332.039
30.553	332.009
30.563	332.226
30.573	332.292
30.583	332.231
30.593	332.124
30.603	332.320
30.613	332.301
30.623	332.219
30.633	332.194
30.643	332.346
30.653	332.500
30.663	332.290
30.673	332.134
30.683	332.140
30.693	332.162
30.703	332.035
30.713	331.953
30.723	332.000
30.733	331.951
30.743	332.034
30.753	331.920
30.763	332.026
30.773	331.854
30.783	331.803
30.793	331.848
30.803	331.794
30.813	331.823
30.823	331.790
30.833	331.687
30.843	331.791
30.853	331.677
30.863	331.602
30.873	331.644
30.883	331.714
30.893	331.582
30.903	331.564
30.913	331.625
30.923	331.602
30.933	331.509
30.943	331.493
30.953	331.292
30.963	331.301
30.973	331.442
30.983	331.411
30.993	331.498
31.003	331.322
31.013	331.368
31.023	331.360
31.033	331.313
31.043	331.442
31.053	331.416
31.063	331.497
31.073	331.459
31.083	331.419
31.093	331.470
31.103	331.345
31.113	331.560
31.123	331.508
31.133	331.416
31.143	331.326
31.153	331.360
31.163	331.301
31.173	331.319
31.183	331.363
31.193	331.387
31.203	331.322
31.213	331.150
31.223	331.180
31.233	331.272
31.243	331.048
31.253	331.151
31.263	331.322
31.273	331.132
31.283	331.104
31.293	331.135
31.303	331.167
31.313	331.034
31.323	331.070
31.333	331.054
31.343	331.144
31.353	330.923
31.363	330.975
31.373	331.037
31.383	331.093
31.393	330.895
31.403	330.912
31.413	331.065
31.423	330.977
31.433	331.001
31.443	331.062
31.453	331.028
31.463	331.006
31.473	330.987
31.483	330.977
31.493	330.924
31.503	330.899
31.513	330.955
31.523	331.004
31.533	330.817
31.543	330.842
31.553	330.713
31.563	330.923
31.573	330.984
31.583	330.913
31.593	330.976
31.603	330.876
31.613	330.760
31.623	330.863
31.633	330.932
31.643	330.884
31.653	330.737
31.663	330.857
31.673	330.838
31.683	330.856
31.693	330.905
31.703	330.917
31.713	330.976
31.723	331.002
31.733	330.988
31.743	330.908
31.753	331.004
31.763	330.932
31.773	330.844
31.783	331.098
31.793	331.163
31.803	331.033
31.813	331.145
31.823	331.129
31.833	331.184
31.843	331.144
31.853	331.296
31.863	331.201
31.873	331.069
31.883	331.055
31.893	331.130
31.903	331.074
31.913	330.951
31.923	331.092
31.933	331.220
31.943	331.344
31.953	331.260
31.963	331.488
31.973	331.536
31.983	331.389
31.993	331.506
32.003	331.486
32.013	331.418
32.023	331.437
32.033	331.394
32.043	331.500
32.053	331.415
32.063	331.436
32.073	331.442
32.083	331.605
32.093	331.652
32.103	331.564
32.113	331.646
32.123	331.628
32.133	331.634
32.143	331.558
32.153	331.752
32.163	331.704
32.173	331.782
32.183	331.824
32.193	331.894
32.203	331.873
32.213	331.787
32.223	331.716
32.233	331.711
32.243	331.669
32.253	331.747
32.263	331.598
32.273	331.703
32.283	331.626
32.293	331.738
32.303	331.786
32.313	331.802
32.323	331.764
32.333	331.768
32.343	331.759
32.353	331.740
32.363	331.664
32.373	331.670
32.383	331.640
32.393	331.749
32.403	331.654
32.413	331.621
32.423	331.680
32.433	331.702
32.443	331.835
32.453	331.792
32.463	331.777
32.473	331.617
32.483	329.929
32.493	326.350
32.503	302.538
32.513	294.835
32.523	294.704
32.533	294.942
32.543	294.996
32.553	294.789
32.563	294.752
32.573	294.994
32.583	294.939
32.593	294.735
32.603	294.734
32.613	294.662
32.623	294.494
32.633	294.429
32.643	294.446
32.653	294.529
32.663	294.536
32.673	294.468
32.683	294.325
32.693	294.442
32.703	294.418
32.713	294.548
32.723	294.470
32.733	294.383
32.743	294.434
32.753	294.432
32.763	294.324
32.773	294.332
32.783	294.500
32.793	294.893
32.803	296.150
32.813	290.824
32.823	284.904
32.833	278.155
32.843	277.985
32.853	277.785
32.863	278.021
32.873	277.939
32.883	278.043
32.893	277.969
32.903	277.978
32.913	278.028
32.923	277.953
32.933	277.931
32.943	277.871
32.953	277.825
32.963	277.852
32.973	277.803
32.983	277.870
32.993	277.811
33.003	277.711
33.013	277.806
33.023	277.711
33.033	277.706
33.043	277.891
33.053	277.907
33.063	278.016
33.073	278.138
33.083	278.127
33.093	278.180
33.103	278.135
33.113	278.046
33.123	276.437
33.133	271.612
33.143	270.008
33.153	281.324
33.163	293.232
33.173	295.924
33.183	295.433
33.193	295.550
33.203	295.360
33.213	295.220
33.223	295.102
33.233	295.089
33.243	295.105
33.253	294.996
33.263	295.118
33.273	294.894
33.283	294.939
33.293	294.984
33.303	295.051
33.313	295.091
33.323	294.949
33.333	294.731
33.343	294.887
33.353	294.978
33.363	294.722
33.373	294.686
33.383	294.884
33.393	294.884
33.403	294.707
33.413	294.626
33.423	294.787
33.433	294.712
33.443	294.793
33.453	294.684
33.463	294.771
33.473	294.791
33.483	294.844
33.493	294.925
33.503	294.841
33.513	294.876
33.523	294.741
33.533	294.917
33.543	294.704
33.553	294.607
33.563	294.721
33.573	294.642
33.583	294.669
33.593	294.576
33.603	294.847
33.613	294.701
33.623	294.614
33.633	294.719
33.643	294.645
33.653	294.728
33.663	294.768
33.673	294.785
33.683	294.800
33.693	294.821
33.703	294.792
33.713	294.837
33.723	294.959
33.733	294.979
33.743	294.998
33.753	294.943
33.763	294.988
33.773	295.002
33.783	295.278
33.793	295.194
33.803	295.277
33.813	295.204
33.823	295.243
33.833	295.229
33.843	295.180
33.853	295.157
33.863	294.978
33.873	295.095
33.883	294.981
33.893	294.964
33.903	294.964
33.913	294.946
33.923	295.055
33.933	295.176
33.943	295.220
33.953	295.174
33.963	295.143
33.973	295.310
33.983	295.220
33.993	295.213
34.003	295.163
34.013	295.381
34.023	295.395
34.033	295.360
34.043	295.340
34.053	295.486
34.063	295.686
34.073	295.432
34.083	295.493
34.093	295.456
34.103	295.477
34.113	295.190
34.123	295.536
34.133	295.620
34.143	295.488
34.153	295.449
34.163	295.399
34.173	295.595
34.183	295.746
34.193	295.690
34.203	295.519
34.213	295.477
34.223	295.559
34.233	295.746
34.243	295.844
34.253	295.884
34.263	296.009
34.273	295.971
34.283	296.029
34.293	296.233
34.303	296.096
34.313	296.250
34.323	295.959
34.333	296.129
34.343	296.093
34.353	296.059
34.363	295.849
34.373	295.896
34.383	295.920
34.393	295.824
34.403	295.958
34.413	295.823
34.423	295.923
34.433	295.899
34.443	295.694
34.453	295.912
34.463	295.926
34.473	295.877
34.483	295.783
34.493	295.931
34.503	296.356
34.513	296.129
34.523	296.174
34.533	296.109
34.543	296.580
34.553	296.548
34.563	296.541
34.573	296.629
34.583	296.758
34.593	297.026
34.603	296.957
34.613	296.784
34.623	296.951
34.633	296.844
34.643	296.766
34.653	297.653
34.663	300.422
34.673	316.586
34.683	332.903
34.693	332.384
34.703	332.742
34.713	332.813
34.723	332.426
34.733	332.442
34.743	332.499
34.753	332.392
34.763	332.284
34.773	332.051
34.783	332.129
34.793	331.993
34.803	331.959
34.813	332.300
34.823	332.221
34.833	332.023
34.843	332.090
34.853	332.126
34.863	332.130
34.873	332.123
34.883	332.071
34.893	332.123
34.903	332.084
34.913	332.070
34.923	332.018
34.933	331.977
34.943	332.129
34.953	332.066
34.963	331.897
34.973	332.033
34.983	332.031
34.993	332.100
35.003	331.898
35.013	331.919
35.023	331.765
35.033	331.632
35.043	331.571
35.053	331.697
35.063	331.822
35.073	331.830
35.083	331.662
35.093	331.801
35.103	331.879
35.113	331.766
35.123	331.815
35.133	331.751
35.143	331.723
35.153	331.593
35.163	331.522
35.173	331.798
35.183	331.834
35.193	331.864
35.203	331.997
35.213	332.046
35.223	332.031
35.233	332.184
35.243	331.907
35.253	331.857
35.263	331.762
35.273	331.755
35.283	331.585
35.293	331.801
35.303	331.685
35.313	331.716
35.323	331.607
35.333	331.539
35.343	331.411
35.353	331.376
35.363	331.308
35.373	331.220
35.383	331.068
35.393	330.862
35.403	330.813
35.413	330.753
35.423	330.901
35.433	330.697
35.443	330.823
35.453	330.748
35.463	330.643
35.473	330.655
35.483	330.662
35.493	330.690
35.503	330.704
35.513	330.720
35.523	330.781
35.533	330.621
35.543	330.626
35.553	330.797
35.563	330.645
35.573	330.599
35.583	330.734
35.593	330.756
35.603	330.738
35.613	330.567
35.623	330.619
35.633	330.635
35.643	330.514
35.653	330.362
35.663	330.362
35.673	330.260
35.683	330.181
35.693	330.595
35.703	330.516
35.713	330.505
35.723	330.635
35.733	330.589
35.743	330.618
35.753	330.509
35.763	330.654
35.773	330.640
35.783	330.653
35.793	330.615
35.803	330.836
35.813	330.740
35.823	330.868
35.833	331.066
35.843	331.094
35.853	331.096
35.863	331.005
35.873	330.979
35.883	331.069
35.893	330.916
35.903	331.111
35.913	331.326
35.923	331.200
35.933	331.269
35.943	331.173
35.953	331.339
35.963	331.207
35.973	331.122
35.983	331.103
35.993	331.273
36.003	331.265
36.013	331.060
36.023	331.048
36.033	331.140
36.043	331.152
36.053	331.175
36.063	331.290
36.073	331.300
36.083	331.279
36.093	331.335
36.103	331.391
36.113	331.425
36.123	331.326
36.133	331.277
36.143	331.464
36.153	331.266
36.163	331.231
36.173	331.267
36.183	331.194
36.193	331.219
36.203	331.233
36.213	331.322
36.223	331.370
36.233	331.210
36.243	331.277
36.253	331.256
36.263	331.105
36.273	330.980
36.283	330.973
36.293	331.177
36.303	331.137
36.313	331.178
36.323	331.141
36.333	331.121
36.343	331.140
36.353	331.210
36.363	331.298
36.373	331.211
36.383	331.198
36.393	331.063
36.403	331.028
36.413	330.956
36.423	330.797
36.433	330.910
36.443	330.871
36.453	330.628
36.463	330.701
36.473	330.815
36.483	330.773
36.493	330.680
36.503	330.605
36.513	330.623
36.523	330.564
36.533	330.468
36.543	330.532
36.553	330.560
36.563	330.445
36.573	330.371
36.583	330.739
36.593	330.717
36.603	330.713
36.613	330.560
36.623	330.507
36.633	330.492
36.643	330.401
36.653	330.625
36.663	330.438
36.673	330.328
36.683	330.310
36.693	330.264
36.703	330.163
36.713	330.450
36.723	330.393
36.733	330.248
36.743	330.222
36.753	330.294
36.763	330.203
36.773	330.120
36.783	330.279
36.793	330.222
36.803	330.099
36.813	330.282
36.823	330.170
36.833	330.294
36.843	330.320
36.853	330.426
36.863	330.640
36.873	330.540
36.883	330.460
36.893	330.321
36.903	330.403
36.913	330.302
36.923	330.396
36.933	330.396
36.943	330.349
36.953	330.392
36.963	330.561
36.973	330.789
36.983	330.554
36.993	330.710
37.003	330.553
37.013	330.768
37.023	330.620
37.033	330.589
37.043	330.638
37.053	330.690
37.063	330.668
37.073	330.754
37.083	330.928
37.093	331.007
37.103	330.960
37.113	331.087
37.123	330.864
37.133	330.823
37.143	330.818
37.153	331.040
37.163	331.305
37.173	331.348
37.183	331.477
37.193	331.345
37.203	331.380
37.213	331.506
37.223	331.592
37.233	331.788
37.243	331.798
37.253	331.830
37.263	332.018
37.273	332.140
37.283	332.120
37.293	332.259
37.303	332.590
37.313	332.736
37.323	332.704
37.333	332.734
37.343	332.700
37.353	332.663
37.363	332.611
37.373	332.434
37.383	332.689
37.393	332.447
37.403	332.591
37.413	332.439
37.423	332.487
37.433	332.458
37.443	332.806
37.453	332.672
37.463	332.612
37.473	332.619
37.483	332.488
37.493	332.662
37.503	332.564
37.513	332.582
37.523	332.724
37.533	332.933
37.543	332.746
37.553	333.287
37.563	333.486
37.573	333.221
37.583	333.425
37.593	333.063
37.603	333.336
37.613	333.131
37.623	333.109
37.633	333.159
37.643	333.128
37.653	333.262
37.663	333.203
37.673	333.365
37.683	333.276
37.693	333.544
37.703	333.422
37.713	333.000
37.723	333.098
37.733	333.333
37.743	333.422
37.753	333.301
37.763	333.318
37.773	333.469
37.783	333.621
37.793	333.188
37.803	333.453
37.813	333.235
37.823	333.948
37.833	334.267
37.843	334.137
37.853	334.034
37.863	334.116
37.873	334.312
37.883	334.422
37.893	334.694
37.903	334.664
37.913	334.964
37.923	334.996
37.933	334.514
37.943	335.067
37.953	334.620
37.963	334.863
37.973	334.878
37.983	334.846
37.993	334.770
38.003	334.975
38.013	334.873
38.023	334.864
38.033	335.226
38.043	335.255
38.053	334.968
38.063	335.132
38.073	334.719
38.083	335.318
38.093	335.116
38.103	335.077
38.113	335.022
38.123	335.334
38.133	335.366
38.143	334.916
38.153	335.211
38.163	334.608
38.173	334.639
38.183	335.119
38.193	335.267
38.203	334.990
38.213	334.999
38.223	335.256
38.233	335.015
38.243	335.369
38.253	335.692
38.263	335.643
38.273	335.832
38.283	335.432
38.293	337.092
38.303	336.969
38.313	336.453
38.323	336.254
38.333	336.159
38.343	335.963
38.353	335.814
38.363	335.928
38.373	336.319
38.383	336.610
38.393	336.096
38.403	335.947
38.413	336.487
38.423	335.558
38.433	336.868
38.443	337.199
38.453	337.693
38.463	338.096
38.473	338.538
38.483	338.641
38.493	337.791
38.503	337.325
38.513	336.101
38.523	336.849
38.533	339.289
38.543	338.141
38.553	338.952
38.563	337.528
38.573	337.400
38.583	337.927
38.593	338.688
38.603	337.490
38.613	336.651
38.623	337.587
38.633	337.163
38.643	336.316
38.653	336.352
38.663	336.608
38.673	338.591
38.683	338.341
38.693	341.114
38.703	339.908
38.713	336.715
38.723	336.861
38.733	337.278
38.743	336.956
38.753	336.466
38.763	336.710
38.773	338.535
38.783	337.665
38.793	336.501
38.803	337.177
38.813	338.024
38.823	340.246
38.833	0.000
38.843	0.000
38.853	0.000
38.863	0.000
38.873	0.000
38.883	0.000
38.893	0.000
38.903	0.000
38.913	0.000
38.923	0.000
38.933	0.000
38.943	0.000
38.953	0.000
38.963	0.000
38.973	0.000
38.983	0.000
38.993	0.000
39.003	0.000
39.013	0.000
39.023	0.000
39.033	0.000
39.043	0.000
39.053	0.000
39.063	0.000
39.073	0.000
39.083	0.000
39.093	0.000
39.103	0.000
39.113	0.000
39.123	0.000
39.133	0.000
39.143	0.000
39.153	0.000
39.163	0.000
39.173	0.000
39.183	0.000
39.193	0.000
39.203	0.000
39.213	0.000
39.223	0.000
39.233	0.000
39.243	0.000
39.253	0.000
39.263	0.000
39.273	0.000
39.283	0.000
39.293	0.000
39.303	0.000
39.313	0.000
39.323	0.000
39.333	0.000
39.343	0.000
39.353	0.000
39.363	0.000
39.373	0.000
39.383	0.000
39.393	0.000
39.403	0.000
39.413	0.000
39.423	0.000
39.433	0.000
39.443	0.000
39.453	0.000
39.463	0.000
39.473	0.000
39.483	0.000
39.493	0.000
39.503	0.000
39.513	0.000
39.523	0.000
39.533	0.000
39.543	0.000
39.553	0.000
39.563	0.000
39.573	0.000
39.583	0.000
39.593	0.000
39.603	0.000
39.613	0.000
39.623	0.000
39.633	0.000
39.643	0.000
39.653	0.000
39.663	0.000
39.673	0.000
39.683	0.000
39.693	0.000
39.703	0.000
39.713	0.000
39.723	0.000
39.733	0.000
39.743	0.000
39.753	0.000
39.763	0.000
39.773	0.000
39.783	0.000
39.793	0.000
39.803	0.000
39.813	0.000
39.823	0.000
39.833	0.000
39.843	0.000
39.853	0.000
39.863	0.000
39.873	0.000
39.883	0.000
39.893	0.000
39.903	0.000
39.913	0.000
39.923	0.000
39.933	0.000
