0.023	0.000
0.033	0.000
0.043	0.000
0.053	0.000
0.063	0.000
0.073	0.000
0.083	0.000
0.093	0.000
0.103	0.000
0.113	0.000
0.123	0.000
0.133	0.000
0.143	0.000
0.153	0.000
0.163	0.000
0.173	0.000
0.183	0.000
0.193	0.000
0.203	0.000
0.213	0.000
0.223	0.000
0.233	0.000
0.243	0.000
0.253	0.000
0.263	0.000
0.273	0.000
0.283	0.000
0.293	0.000
0.303	0.000
0.313	0.000
0.323	0.000
0.333	0.000
0.343	0.000
0.353	0.000
0.363	0.000
0.373	0.000
0.383	0.000
0.393	0.000
0.403	0.000
0.413	0.000
0.423	0.000
0.433	0.000
0.443	0.000
0.453	0.000
0.463	0.000
0.473	0.000
0.483	0.000
0.493	0.000
0.503	0.000
0.513	0.000
0.523	0.000
0.533	0.000
0.543	0.000
0.553	0.000
0.563	0.000
0.573	0.000
0.583	0.000
0.593	0.000
0.603	0.000
0.613	0.000
0.623	0.000
0.633	0.000
0.643	0.000
0.653	0.000
0.663	0.000
0.673	0.000
0.683	0.000
0.693	0.000
0.703	0.000
0.713	0.000
0.723	0.000
0.733	0.000
0.743	0.000
0.753	0.000
0.763	0.000
0.773	0.000
0.783	0.000
0.793	0.000
0.803	0.000
0.813	0.000
0.823	0.000
0.833	0.000
0.843	0.000
0.853	0.000
0.863	0.000
0.873	0.000
0.883	0.000
0.893	0.000
0.903	0.000
0.913	0.000
0.923	0.000
0.933	0.000
0.943	0.000
0.953	0.000
0.963	0.000
0.973	0.000
0.983	0.000
0.993	0.000
1.003	0.000
1.013	0.000
1.023	0.000
1.033	0.000
1.043	0.000
1.053	0.000
1.063	0.000
1.073	0.000
1.083	0.000
1.093	0.000
1.103	0.000
1.113	0.000
1.123	0.000
1.133	0.000
1.143	0.000
1.153	0.000
1.163	0.000
1.173	0.000
1.183	0.000
1.193	0.000
1.203	0.000
1.213	0.000
1.223	0.000
1.233	0.000
1.243	0.000
1.253	0.000
1.263	0.000
1.273	0.000
1.283	0.000
1.293	0.000
1.303	0.000
1.313	0.000
1.323	0.000
1.333	0.000
1.343	0.000
1.353	0.000
1.363	0.000
1.373	0.000
1.383	0.000
1.393	0.000
1.403	0.000
1.413	0.000
1.423	0.000
1.433	0.000
1.443	0.000
1.453	0.000
1.463	0.000
1.473	0.000
1.483	0.000
1.493	0.000
1.503	0.000
1.513	0.000
1.523	0.000
1.533	0.000
1.543	0.000
1.553	0.000
1.563	0.000
1.573	0.000
1.583	0.000
1.593	0.000
1.603	0.000
1.613	0.000
1.623	0.000
1.633	0.000
1.643	0.000
1.653	0.000
1.663	0.000
1.673	0.000
1.683	0.000
1.693	0.000
1.703	0.000
1.713	0.000
1.723	0.000
1.733	0.000
1.743	0.000
1.753	0.000
1.763	0.000
1.773	0.000
1.783	0.000
1.793	0.000
1.803	0.000
1.813	0.000
1.823	0.000
1.833	0.000
1.843	0.000
1.853	0.000
1.863	0.000
1.873	0.000
1.883	0.000
1.893	0.000
1.903	0.000
1.913	0.000
1.923	0.000
1.933	0.000
1.943	0.000
1.953	0.000
1.963	0.000
1.973	0.000
1.983	0.000
1.993	0.000
2.003	0.000
2.013	0.000
2.023	0.000
2.033	0.000
2.043	0.000
2.053	0.000
2.063	0.000
2.073	0.000
2.083	0.000
2.093	0.000
2.103	0.000
2.113	0.000
2.123	0.000
2.133	0.000
2.143	0.000
2.153	0.000
2.163	0.000
2.173	0.000
2.183	0.000
2.193	0.000
2.203	0.000
2.213	0.000
2.223	0.000
2.233	0.000
2.243	0.000
2.253	0.000
2.263	0.000
2.273	0.000
2.283	0.000
2.293	0.000
2.303	0.000
2.313	0.000
2.323	0.000
2.333	0.000
2.343	0.000
2.353	0.000
2.363	0.000
2.373	0.000
2.383	0.000
2.393	0.000
2.403	0.000
2.413	0.000
2.423	0.000
2.433	0.000
2.443	0.000
2.453	0.000
2.463	0.000
2.473	0.000
2.483	0.000
2.493	0.000
2.503	0.000
2.513	0.000
2.523	0.000
2.533	0.000
2.543	0.000
2.553	0.000
2.563	0.000
2.573	0.000
2.583	0.000
2.593	0.000
2.603	0.000
2.613	0.000
2.623	0.000
2.633	0.000
2.643	0.000
2.653	0.000
2.663	0.000
2.673	0.000
2.683	0.000
2.693	0.000
2.703	0.000
2.713	0.000
2.723	0.000
2.733	0.000
2.743	0.000
2.753	0.000
2.763	0.000
2.773	0.000
2.783	0.000
2.793	0.000
2.803	0.000
2.813	0.000
2.823	0.000
2.833	0.000
2.843	0.000
2.853	0.000
2.863	0.000
2.873	0.000
2.883	0.000
2.893	0.000
2.903	0.000
2.913	0.000
2.923	0.000
2.933	0.000
2.943	0.000
2.953	0.000
2.963	0.000
2.973	0.000
2.983	0.000
2.993	0.000
3.003	0.000
3.013	0.000
3.023	0.000
3.033	0.000
3.043	0.000
3.053	0.000
3.063	0.000
3.073	0.000
3.083	0.000
3.093	0.000
3.103	0.000
3.113	0.000
3.123	0.000
3.133	0.000
3.143	0.000
3.153	0.000
3.163	0.000
3.173	0.000
3.183	0.000
3.193	0.000
3.203	0.000
3.213	0.000
3.223	0.000
3.233	0.000
3.243	0.000
3.253	0.000
3.263	0.000
3.273	0.000
3.283	0.000
3.293	0.000
3.303	0.000
3.313	0.000
3.323	0.000
3.333	0.000
3.343	0.000
3.353	0.000
3.363	0.000
3.373	0.000
3.383	0.000
3.393	0.000
3.403	0.000
3.413	0.000
3.423	0.000
3.433	0.000
3.443	0.000
3.453	0.000
3.463	0.000
3.473	0.000
3.483	0.000
3.493	0.000
3.503	0.000
3.513	0.000
3.523	0.000
3.533	0.000
3.543	0.000
3.553	0.000
3.563	0.000
3.573	0.000
3.583	0.000
3.593	0.000
3.603	0.000
3.613	0.000
3.623	0.000
3.633	0.000
3.643	0.000
3.653	0.000
3.663	0.000
3.673	0.000
3.683	0.000
3.693	0.000
3.703	0.000
3.713	0.000
3.723	0.000
3.733	0.000
3.743	0.000
3.753	0.000
3.763	0.000
3.773	0.000
3.783	0.000
3.793	0.000
3.803	0.000
3.813	0.000
3.823	0.000
3.833	0.000
3.843	0.000
3.853	0.000
3.863	0.000
3.873	0.000
3.883	0.000
3.893	0.000
3.903	0.000
3.913	0.000
3.923	0.000
3.933	0.000
3.943	0.000
3.953	0.000
3.963	0.000
3.973	0.000
3.983	0.000
3.993	0.000
4.003	0.000
4.013	0.000
4.023	0.000
4.033	0.000
4.043	0.000
4.053	0.000
4.063	0.000
4.073	0.000
4.083	0.000
4.093	0.000
4.103	0.000
4.113	0.000
4.123	0.000
4.133	0.000
4.143	0.000
4.153	0.000
4.163	0.000
4.173	0.000
4.183	0.000
4.193	0.000
4.203	0.000
4.213	0.000
4.223	0.000
4.233	0.000
4.243	0.000
4.253	0.000
4.263	0.000
4.273	0.000
4.283	0.000
4.293	0.000
4.303	0.000
4.313	0.000
4.323	644.797
4.333	643.631
4.343	635.233
4.353	635.403
4.363	635.879
4.373	635.911
4.383	635.896
4.393	636.415
4.403	636.418
4.413	636.606
4.423	636.582
4.433	636.767
4.443	636.802
4.453	636.896
4.463	639.049
4.473	639.704
4.483	639.716
4.493	641.051
4.503	641.367
4.513	641.604
4.523	641.986
4.533	643.766
4.543	642.562
4.553	641.391
4.563	0.000
4.573	0.000
4.583	0.000
4.593	0.000
4.603	0.000
4.613	0.000
4.623	0.000
4.633	0.000
4.643	0.000
4.653	0.000
4.663	0.000
4.673	0.000
4.683	0.000
4.693	0.000
4.703	0.000
4.713	0.000
4.723	0.000
4.733	0.000
4.743	0.000
4.753	0.000
4.763	0.000
4.773	0.000
4.783	0.000
4.793	0.000
4.803	0.000
4.813	0.000
4.823	0.000
4.833	0.000
4.843	0.000
4.853	0.000
4.863	0.000
4.873	0.000
4.883	0.000
4.893	0.000
4.903	0.000
4.913	0.000
4.923	0.000
4.933	0.000
4.943	0.000
4.953	0.000
4.963	0.000
4.973	0.000
4.983	0.000
4.993	0.000
5.003	0.000
5.013	0.000
5.023	0.000
5.033	0.000
5.043	0.000
5.053	0.000
5.063	0.000
5.073	0.000
5.083	0.000
5.093	0.000
5.103	0.000
5.113	0.000
5.123	0.000
5.133	0.000
5.143	0.000
5.153	0.000
5.163	0.000
5.173	0.000
5.183	0.000
5.193	0.000
5.203	0.000
5.213	0.000
5.223	0.000
5.233	0.000
5.243	0.000
5.253	0.000
5.263	0.000
5.273	0.000
5.283	0.000
5.293	0.000
5.303	0.000
5.313	0.000
5.323	0.000
5.333	0.000
5.343	0.000
5.353	0.000
5.363	0.000
5.373	0.000
5.383	0.000
5.393	0.000
5.403	0.000
5.413	0.000
5.423	0.000
5.433	0.000
5.443	0.000
5.453	0.000
5.463	0.000
5.473	0.000
5.483	0.000
5.493	0.000
5.503	0.000
5.513	0.000
5.523	0.000
5.533	0.000
5.543	0.000
5.553	0.000
5.563	0.000
5.573	0.000
5.583	0.000
5.593	0.000
5.603	0.000
5.613	0.000
5.623	0.000
5.633	0.000
5.643	0.000
5.653	0.000
5.663	0.000
5.673	0.000
5.683	0.000
5.693	0.000
5.703	0.000
5.713	0.000
5.723	0.000
5.733	0.000
5.743	0.000
5.753	0.000
5.763	0.000
5.773	0.000
5.783	0.000
5.793	0.000
5.803	0.000
5.813	0.000
5.823	0.000
5.833	0.000
5.843	645.836
5.853	635.107
5.863	646.032
5.873	637.276
5.883	636.036
5.893	636.391
5.903	636.770
5.913	637.124
5.923	637.103
5.933	637.498
5.943	637.301
5.953	637.361
5.963	637.687
5.973	637.811
5.983	636.943
5.993	637.389
6.003	638.423
6.013	638.734
6.023	638.903
6.033	639.093
6.043	640.095
6.053	640.009
6.063	640.259
6.073	639.832
6.083	638.357
6.093	637.532
6.103	637.501
6.113	642.999
6.123	642.939
6.133	645.133
6.143	645.884
6.153	643.296
6.163	0.000
6.173	0.000
6.183	0.000
6.193	0.000
6.203	0.000
6.213	0.000
6.223	0.000
6.233	0.000
6.243	0.000
6.253	0.000
6.263	0.000
6.273	0.000
6.283	0.000
6.293	0.000
6.303	0.000
6.313	0.000
6.323	0.000
6.333	0.000
6.343	0.000
6.353	0.000
6.363	0.000
6.373	0.000
6.383	0.000
6.393	0.000
6.403	0.000
6.413	0.000
6.423	0.000
6.433	0.000
6.443	0.000
6.453	0.000
6.463	0.000
6.473	0.000
6.483	0.000
6.493	0.000
6.503	0.000
6.513	0.000
6.523	0.000
6.533	0.000
6.543	0.000
6.553	0.000
6.563	0.000
6.573	0.000
6.583	0.000
6.593	0.000
6.603	0.000
6.613	0.000
6.623	0.000
6.633	0.000
6.643	0.000
6.653	0.000
6.663	0.000
6.673	0.000
6.683	0.000
6.693	0.000
6.703	0.000
6.713	0.000
6.723	0.000
6.733	0.000
6.743	0.000
6.753	0.000
6.763	0.000
6.773	0.000
6.783	0.000
6.793	0.000
6.803	0.000
6.813	0.000
6.823	0.000
6.833	0.000
6.843	0.000
6.853	0.000
6.863	0.000
6.873	0.000
6.883	0.000
6.893	0.000
6.903	0.000
6.913	0.000
6.923	0.000
6.933	0.000
6.943	0.000
6.953	0.000
6.963	0.000
6.973	0.000
6.983	0.000
6.993	0.000
7.003	0.000
7.013	0.000
7.023	0.000
7.033	0.000
7.043	0.000
7.053	0.000
7.063	0.000
7.073	0.000
7.083	0.000
7.093	0.000
7.103	0.000
7.113	0.000
7.123	0.000
7.133	0.000
7.143	0.000
7.153	0.000
7.163	0.000
7.173	0.000
7.183	0.000
7.193	0.000
7.203	0.000
7.213	0.000
7.223	0.000
7.233	0.000
7.243	0.000
7.253	0.000
7.263	0.000
7.273	0.000
7.283	0.000
7.293	0.000
7.303	0.000
7.313	0.000
7.323	0.000
7.333	0.000
7.343	0.000
7.353	0.000
7.363	0.000
7.373	0.000
7.383	0.000
7.393	0.000
7.403	0.000
7.413	416.848
7.423	422.884
7.433	423.955
7.443	418.757
7.453	417.987
7.463	419.343
7.473	419.579
7.483	418.849
7.493	418.638
7.503	419.286
7.513	419.250
7.523	419.432
7.533	419.740
7.543	419.978
7.553	420.153
7.563	420.198
7.573	420.492
7.583	420.513
7.593	420.617
7.603	420.558
7.613	420.648
7.623	420.846
7.633	420.866
7.643	420.809
7.653	420.840
7.663	420.906
7.673	421.063
7.683	421.118
7.693	421.120
7.703	421.015
7.713	421.066
7.723	420.997
7.733	420.961
7.743	421.408
7.753	421.327
7.763	420.951
7.773	0.000
7.783	0.000
7.793	0.000
7.803	0.000
7.813	0.000
7.823	0.000
7.833	0.000
7.843	0.000
7.853	0.000
7.863	0.000
7.873	0.000
7.883	0.000
7.893	0.000
7.903	0.000
7.913	0.000
7.923	0.000
7.933	0.000
7.943	0.000
7.953	0.000
7.963	0.000
7.973	0.000
7.983	0.000
7.993	0.000
8.003	0.000
8.013	0.000
8.023	0.000
8.033	0.000
8.043	0.000
8.053	0.000
8.063	0.000
8.073	0.000
8.083	0.000
8.093	0.000
8.103	0.000
8.113	0.000
8.123	0.000
8.133	0.000
8.143	0.000
8.153	0.000
8.163	0.000
8.173	0.000
8.183	0.000
8.193	0.000
8.203	0.000
8.213	0.000
8.223	0.000
8.233	0.000
8.243	0.000
8.253	0.000
8.263	0.000
8.273	0.000
8.283	0.000
8.293	0.000
8.303	0.000
8.313	0.000
8.323	0.000
8.333	0.000
8.343	0.000
8.353	0.000
8.363	0.000
8.373	0.000
8.383	0.000
8.393	0.000
8.403	0.000
8.413	0.000
8.423	0.000
8.433	0.000
8.443	0.000
8.453	0.000
8.463	0.000
8.473	0.000
8.483	0.000
8.493	0.000
8.503	0.000
8.513	0.000
8.523	0.000
8.533	0.000
8.543	0.000
8.553	0.000
8.563	0.000
8.573	0.000
8.583	0.000
8.593	0.000
8.603	0.000
8.613	0.000
8.623	0.000
8.633	0.000
8.643	0.000
8.653	0.000
8.663	0.000
8.673	0.000
8.683	0.000
8.693	0.000
8.703	0.000
8.713	0.000
8.723	0.000
8.733	0.000
8.743	0.000
8.753	0.000
8.763	0.000
8.773	0.000
8.783	0.000
8.793	0.000
8.803	0.000
8.813	0.000
8.823	0.000
8.833	0.000
8.843	0.000
8.853	467.777
8.863	466.805
8.873	469.172
8.883	468.333
8.893	469.701
8.903	471.681
8.913	471.941
8.923	472.376
8.933	471.818
8.943	471.623
8.953	471.954
8.963	472.270
8.973	472.506
8.983	472.539
8.993	472.837
9.003	473.189
9.013	473.169
9.023	473.111
9.033	473.216
9.043	473.176
9.053	473.330
9.063	473.877
9.073	473.624
9.083	473.721
9.093	473.763
9.103	473.272
9.113	473.817
9.123	473.095
9.133	472.881
9.143	474.035
9.153	472.609
9.163	473.245
9.173	0.000
9.183	0.000
9.193	0.000
9.203	0.000
9.213	0.000
9.223	0.000
9.233	0.000
9.243	0.000
9.253	0.000
9.263	0.000
9.273	0.000
9.283	0.000
9.293	0.000
9.303	0.000
9.313	0.000
9.323	0.000
9.333	0.000
9.343	0.000
9.353	0.000
9.363	0.000
9.373	0.000
9.383	0.000
9.393	0.000
9.403	0.000
9.413	0.000
9.423	0.000
9.433	0.000
9.443	0.000
9.453	0.000
9.463	0.000
9.473	0.000
9.483	0.000
9.493	0.000
9.503	0.000
9.513	0.000
9.523	0.000
9.533	0.000
9.543	0.000
9.553	0.000
9.563	0.000
9.573	0.000
9.583	0.000
9.593	0.000
9.603	0.000
9.613	0.000
9.623	0.000
9.633	0.000
9.643	0.000
9.653	0.000
9.663	0.000
9.673	0.000
9.683	0.000
9.693	0.000
9.703	0.000
9.713	0.000
9.723	0.000
9.733	0.000
9.743	0.000
9.753	0.000
9.763	0.000
9.773	0.000
9.783	0.000
9.793	0.000
9.803	0.000
9.813	0.000
9.823	0.000
9.833	0.000
9.843	0.000
9.853	0.000
9.863	0.000
9.873	0.000
9.883	0.000
9.893	0.000
9.903	0.000
9.913	0.000
9.923	0.000
9.933	0.000
9.943	0.000
9.953	0.000
9.963	0.000
9.973	0.000
9.983	0.000
9.993	0.000
10.003	0.000
10.013	0.000
10.023	0.000
10.033	0.000
10.043	0.000
10.053	0.000
10.063	0.000
10.073	0.000
10.083	0.000
10.093	0.000
10.103	0.000
10.113	0.000
10.123	0.000
10.133	0.000
10.143	0.000
10.153	0.000
10.163	0.000
10.173	0.000
10.183	0.000
10.193	0.000
10.203	0.000
10.213	0.000
10.223	0.000
10.233	0.000
10.243	0.000
10.253	0.000
10.263	0.000
10.273	0.000
10.283	320.029
10.293	319.259
10.303	319.142
10.313	314.091
10.323	313.509
10.333	313.117
10.343	312.165
10.353	311.637
10.363	311.945
10.373	312.733
10.383	312.751
10.393	312.629
10.403	312.419
10.413	312.344
10.423	312.158
10.433	312.168
10.443	312.649
10.453	312.698
10.463	312.552
10.473	313.063
10.483	312.691
10.493	312.976
10.503	313.235
10.513	313.242
10.523	313.002
10.533	313.516
10.543	313.678
10.553	313.266
10.563	313.027
10.573	313.479
10.583	314.651
10.593	314.185
10.603	313.922
10.613	313.684
10.623	312.377
10.633	313.453
10.643	313.690
10.653	0.000
10.663	0.000
10.673	0.000
10.683	0.000
10.693	0.000
10.703	0.000
10.713	0.000
10.723	0.000
10.733	0.000
10.743	0.000
10.753	0.000
10.763	0.000
10.773	0.000
10.783	0.000
10.793	0.000
10.803	0.000
10.813	0.000
10.823	0.000
10.833	0.000
10.843	0.000
10.853	0.000
10.863	0.000
10.873	0.000
10.883	0.000
10.893	0.000
10.903	0.000
10.913	0.000
10.923	0.000
10.933	0.000
10.943	0.000
10.953	0.000
10.963	0.000
10.973	0.000
10.983	0.000
10.993	0.000
11.003	0.000
11.013	0.000
11.023	0.000
11.033	0.000
11.043	0.000
11.053	0.000
11.063	0.000
11.073	0.000
11.083	0.000
11.093	0.000
11.103	0.000
11.113	0.000
11.123	0.000
11.133	0.000
11.143	0.000
11.153	0.000
11.163	0.000
11.173	0.000
11.183	0.000
11.193	0.000
11.203	0.000
11.213	0.000
11.223	0.000
11.233	0.000
11.243	0.000
11.253	0.000
11.263	0.000
11.273	0.000
11.283	0.000
11.293	0.000
11.303	0.000
11.313	0.000
11.323	0.000
11.333	0.000
11.343	0.000
11.353	0.000
11.363	0.000
11.373	0.000
11.383	0.000
11.393	0.000
11.403	0.000
11.413	0.000
11.423	0.000
11.433	0.000
11.443	0.000
11.453	0.000
11.463	0.000
11.473	0.000
11.483	0.000
11.493	0.000
11.503	0.000
11.513	0.000
11.523	0.000
11.533	0.000
11.543	0.000
11.553	0.000
11.563	0.000
11.573	0.000
11.583	0.000
11.593	0.000
11.603	0.000
11.613	0.000
11.623	0.000
11.633	0.000
11.643	0.000
11.653	0.000
11.663	0.000
11.673	0.000
11.683	0.000
11.693	0.000
11.703	0.000
11.713	0.000
11.723	0.000
11.733	0.000
11.743	0.000
11.753	0.000
11.763	638.790
11.773	640.105
11.783	634.062
11.793	635.160
11.803	635.417
11.813	635.826
11.823	635.970
11.833	636.099
11.843	635.986
11.853	636.112
11.863	636.079
11.873	635.762
11.883	636.144
11.893	636.570
11.903	637.032
11.913	635.936
11.923	636.280
11.933	636.456
11.943	637.229
11.953	637.570
11.963	638.507
11.973	637.639
11.983	637.634
11.993	637.402
12.003	637.573
12.013	636.975
12.023	635.667
12.033	638.437
12.043	642.978
12.053	643.508
12.063	0.000
12.073	0.000
12.083	0.000
12.093	0.000
12.103	0.000
12.113	0.000
12.123	0.000
12.133	0.000
12.143	0.000
12.153	0.000
12.163	0.000
12.173	0.000
12.183	0.000
12.193	0.000
12.203	0.000
12.213	0.000
12.223	0.000
12.233	0.000
12.243	0.000
12.253	0.000
12.263	0.000
12.273	0.000
12.283	0.000
12.293	0.000
12.303	0.000
12.313	0.000
12.323	0.000
12.333	0.000
12.343	0.000
12.353	0.000
12.363	0.000
12.373	0.000
12.383	0.000
12.393	0.000
12.403	0.000
12.413	0.000
12.423	0.000
12.433	0.000
12.443	0.000
12.453	0.000
12.463	0.000
12.473	0.000
12.483	0.000
12.493	0.000
12.503	0.000
12.513	0.000
12.523	0.000
12.533	0.000
12.543	0.000
12.553	0.000
12.563	0.000
12.573	0.000
12.583	0.000
12.593	0.000
12.603	0.000
12.613	0.000
12.623	0.000
12.633	0.000
12.643	0.000
12.653	0.000
12.663	0.000
12.673	0.000
12.683	0.000
12.693	0.000
12.703	0.000
12.713	0.000
12.723	0.000
12.733	0.000
12.743	0.000
12.753	0.000
12.763	0.000
12.773	0.000
12.783	0.000
12.793	0.000
12.803	0.000
12.813	0.000
12.823	0.000
12.833	0.000
12.843	0.000
12.853	0.000
12.863	0.000
12.873	0.000
12.883	0.000
12.893	0.000
12.903	0.000
12.913	0.000
12.923	0.000
12.933	0.000
12.943	0.000
12.953	0.000
12.963	0.000
12.973	0.000
12.983	0.000
12.993	0.000
13.003	0.000
13.013	0.000
13.023	0.000
13.033	0.000
13.043	0.000
13.053	0.000
13.063	0.000
13.073	0.000
13.083	0.000
13.093	0.000
13.103	0.000
13.113	0.000
13.123	0.000
13.133	0.000
13.143	0.000
13.153	0.000
13.163	0.000
13.173	0.000
13.183	0.000
13.193	0.000
13.203	0.000
13.213	536.353
13.223	538.006
13.233	537.517
13.243	536.900
13.253	535.048
13.263	535.142
13.273	534.370
13.283	533.892
13.293	533.633
13.303	533.402
13.313	533.208
13.323	532.534
13.333	531.984
13.343	531.082
13.353	530.625
13.363	531.076
13.373	532.647
13.383	533.707
13.393	533.010
13.403	534.068
13.413	535.106
13.423	535.905
13.433	535.576
13.443	534.943
13.453	535.342
13.463	535.661
13.473	535.644
13.483	535.626
13.493	535.915
13.503	534.808
13.513	535.339
13.523	530.538
13.533	528.795
13.543	0.000
13.553	0.000
13.563	0.000
13.573	0.000
13.583	0.000
13.593	0.000
13.603	0.000
13.613	0.000
13.623	0.000
13.633	0.000
13.643	0.000
13.653	0.000
13.663	0.000
13.673	0.000
13.683	0.000
13.693	0.000
13.703	0.000
13.713	0.000
13.723	0.000
13.733	0.000
13.743	0.000
13.753	0.000
13.763	0.000
13.773	0.000
13.783	0.000
13.793	0.000
13.803	0.000
13.813	0.000
13.823	0.000
13.833	0.000
13.843	0.000
13.853	0.000
13.863	0.000
13.873	0.000
13.883	0.000
13.893	0.000
13.903	0.000
13.913	0.000
13.923	0.000
13.933	0.000
13.943	0.000
13.953	0.000
13.963	736.649
13.973	730.388
13.983	723.803
13.993	720.016
14.003	719.634
14.013	718.893
14.023	717.971
14.033	718.409
14.043	717.337
14.053	716.775
14.063	716.850
14.073	716.984
14.083	717.313
14.093	717.625
14.103	717.732
14.113	717.857
14.123	717.919
14.133	717.431
14.143	718.169
14.153	719.464
14.163	718.550
14.173	716.667
14.183	717.336
14.193	718.860
14.203	720.768
14.213	720.537
14.223	718.406
14.233	713.826
14.243	712.882
14.253	713.630
14.263	713.396
14.273	0.000
14.283	0.000
14.293	0.000
14.303	0.000
14.313	0.000
14.323	0.000
14.333	0.000
14.343	0.000
14.353	0.000
14.363	0.000
14.373	0.000
14.383	0.000
14.393	0.000
14.403	0.000
14.413	0.000
14.423	0.000
14.433	0.000
14.443	0.000
14.453	0.000
14.463	0.000
14.473	0.000
14.483	0.000
14.493	0.000
14.503	0.000
14.513	0.000
14.523	0.000
14.533	0.000
14.543	0.000
14.553	0.000
14.563	0.000
14.573	0.000
14.583	0.000
14.593	0.000
14.603	0.000
14.613	0.000
14.623	0.000
14.633	0.000
14.643	0.000
14.653	0.000
14.663	0.000
14.673	0.000
14.683	0.000
14.693	0.000
14.703	0.000
14.713	0.000
14.723	0.000
14.733	0.000
14.743	0.000
14.753	469.036
14.763	469.351
14.773	471.026
14.783	471.432
14.793	471.133
14.803	471.467
14.813	471.565
14.823	471.567
14.833	472.114
14.843	472.624
14.853	472.534
14.863	472.436
14.873	472.621
14.883	472.706
14.893	472.687
14.903	473.199
14.913	472.703
14.923	472.572
14.933	472.615
14.943	472.684
14.953	472.701
14.963	473.313
14.973	473.358
14.983	473.226
14.993	473.400
15.003	473.347
15.013	473.623
15.023	473.607
15.033	473.326
15.043	473.275
15.053	473.301
15.063	473.128
15.073	472.746
15.083	472.673
15.093	472.993
15.103	473.549
15.113	473.197
15.123	473.208
15.133	473.551
15.143	473.096
15.153	473.023
15.163	473.403
15.173	473.578
15.183	474.674
15.193	474.587
15.203	472.934
15.213	473.926
15.223	474.255
15.233	474.908
15.243	474.997
15.253	472.807
15.263	472.192
15.273	472.059
15.283	472.865
15.293	0.000
15.303	0.000
15.313	0.000
15.323	0.000
15.333	0.000
15.343	0.000
15.353	0.000
15.363	0.000
15.373	0.000
15.383	0.000
15.393	0.000
15.403	0.000
15.413	0.000
15.423	0.000
15.433	0.000
15.443	0.000
15.453	0.000
15.463	0.000
15.473	0.000
15.483	0.000
15.493	0.000
15.503	0.000
15.513	0.000
15.523	0.000
15.533	0.000
15.543	0.000
15.553	0.000
15.563	0.000
15.573	0.000
15.583	0.000
15.593	0.000
15.603	0.000
15.613	0.000
15.623	0.000
15.633	0.000
15.643	0.000
15.653	0.000
15.663	0.000
15.673	0.000
15.683	0.000
15.693	0.000
15.703	0.000
15.713	0.000
15.723	0.000
15.733	0.000
15.743	0.000
15.753	0.000
15.763	0.000
15.773	0.000
15.783	0.000
15.793	0.000
15.803	0.000
15.813	0.000
15.823	0.000
15.833	0.000
15.843	0.000
15.853	0.000
15.863	0.000
15.873	0.000
15.883	0.000
15.893	0.000
15.903	0.000
15.913	0.000
15.923	0.000
15.933	0.000
15.943	0.000
15.953	0.000
15.963	0.000
15.973	0.000
15.983	0.000
15.993	0.000
16.003	0.000
16.013	0.000
16.023	0.000
16.033	0.000
16.043	0.000
16.053	0.000
16.063	0.000
16.073	0.000
16.083	0.000
16.093	0.000
16.103	0.000
16.113	0.000
16.123	0.000
16.133	0.000
16.143	0.000
16.153	0.000
16.163	0.000
16.173	0.000
16.183	0.000
16.193	0.000
16.203	0.000
16.213	0.000
16.223	0.000
16.233	0.000
16.243	0.000
16.253	0.000
16.263	0.000
16.273	0.000
16.283	0.000
16.293	0.000
16.303	0.000
16.313	0.000
16.323	0.000
16.333	0.000
16.343	0.000
16.353	0.000
16.363	0.000
16.373	633.185
16.383	632.943
16.393	633.946
16.403	628.475
16.413	629.200
16.423	636.185
16.433	635.400
16.443	636.348
16.453	636.633
16.463	636.638
16.473	636.462
16.483	636.478
16.493	636.233
16.503	636.283
16.513	636.305
16.523	636.313
16.533	636.616
16.543	636.442
16.553	636.607
16.563	636.718
16.573	636.720
16.583	636.905
16.593	636.792
16.603	636.189
16.613	637.018
16.623	638.288
16.633	638.915
16.643	641.418
16.653	640.589
16.663	638.534
16.673	639.737
16.683	637.471
16.693	0.000
16.703	0.000
16.713	0.000
16.723	0.000
16.733	0.000
16.743	0.000
16.753	0.000
16.763	0.000
16.773	0.000
16.783	0.000
16.793	0.000
16.803	0.000
16.813	0.000
16.823	0.000
16.833	0.000
16.843	0.000
16.853	0.000
16.863	0.000
16.873	0.000
16.883	0.000
16.893	0.000
16.903	0.000
16.913	0.000
16.923	0.000
16.933	0.000
16.943	0.000
16.953	0.000
16.963	0.000
16.973	0.000
16.983	0.000
16.993	0.000
17.003	0.000
17.013	0.000
17.023	0.000
17.033	0.000
17.043	0.000
17.053	0.000
17.063	0.000
17.073	0.000
17.083	0.000
17.093	0.000
17.103	0.000
17.113	0.000
17.123	0.000
17.133	0.000
17.143	0.000
17.153	0.000
17.163	0.000
17.173	0.000
17.183	0.000
17.193	0.000
17.203	0.000
17.213	0.000
17.223	0.000
17.233	0.000
17.243	0.000
17.253	0.000
17.263	0.000
17.273	0.000
17.283	0.000
17.293	0.000
17.303	0.000
17.313	0.000
17.323	0.000
17.333	0.000
17.343	0.000
17.353	0.000
17.363	0.000
17.373	0.000
17.383	0.000
17.393	0.000
17.403	0.000
17.413	0.000
17.423	0.000
17.433	0.000
17.443	0.000
17.453	0.000
17.463	0.000
17.473	0.000
17.483	0.000
17.493	0.000
17.503	0.000
17.513	0.000
17.523	0.000
17.533	0.000
17.543	0.000
17.553	0.000
17.563	0.000
17.573	0.000
17.583	0.000
17.593	0.000
17.603	0.000
17.613	0.000
17.623	0.000
17.633	0.000
17.643	0.000
17.653	0.000
17.663	0.000
17.673	0.000
17.683	0.000
17.693	0.000
17.703	0.000
17.713	0.000
17.723	0.000
17.733	0.000
17.743	0.000
17.753	0.000
17.763	0.000
17.773	0.000
17.783	0.000
17.793	0.000
17.803	0.000
17.813	0.000
17.823	0.000
17.833	0.000
17.843	0.000
17.853	0.000
17.863	0.000
17.873	0.000
17.883	0.000
17.893	0.000
17.903	634.617
17.913	636.590
17.923	637.300
17.933	636.401
17.943	635.881
17.953	636.224
17.963	636.425
17.973	635.980
17.983	635.806
17.993	635.687
18.003	635.634
18.013	635.608
18.023	635.566
18.033	635.969
18.043	636.041
18.053	636.056
18.063	636.448
18.073	636.808
18.083	637.222
18.093	637.174
18.103	638.107
18.113	638.587
18.123	638.623
18.133	638.618
18.143	639.236
18.153	641.544
18.163	637.283
18.173	636.610
18.183	635.745
18.193	642.380
18.203	638.339
18.213	633.665
18.223	0.000
18.233	0.000
18.243	0.000
18.253	0.000
18.263	0.000
18.273	0.000
18.283	0.000
18.293	0.000
18.303	0.000
18.313	0.000
18.323	0.000
18.333	0.000
18.343	0.000
18.353	0.000
18.363	0.000
18.373	0.000
18.383	0.000
18.393	0.000
18.403	0.000
18.413	0.000
18.423	0.000
18.433	0.000
18.443	0.000
18.453	0.000
18.463	0.000
18.473	0.000
18.483	0.000
18.493	0.000
18.503	0.000
18.513	0.000
18.523	0.000
18.533	0.000
18.543	0.000
18.553	0.000
18.563	0.000
18.573	0.000
18.583	0.000
18.593	0.000
18.603	0.000
18.613	0.000
18.623	0.000
18.633	0.000
18.643	0.000
18.653	0.000
18.663	0.000
18.673	0.000
18.683	0.000
18.693	0.000
18.703	0.000
18.713	0.000
18.723	0.000
18.733	0.000
18.743	0.000
18.753	0.000
18.763	0.000
18.773	0.000
18.783	0.000
18.793	0.000
18.803	0.000
18.813	0.000
18.823	0.000
18.833	0.000
18.843	0.000
18.853	0.000
18.863	0.000
18.873	0.000
18.883	0.000
18.893	0.000
18.903	0.000
18.913	0.000
18.923	0.000
18.933	0.000
18.943	0.000
18.953	0.000
18.963	0.000
18.973	0.000
18.983	0.000
18.993	0.000
19.003	0.000
19.013	0.000
19.023	0.000
19.033	0.000
19.043	0.000
19.053	0.000
19.063	0.000
19.073	0.000
19.083	0.000
19.093	0.000
19.103	0.000
19.113	0.000
19.123	0.000
19.133	0.000
19.143	0.000
19.153	0.000
19.163	0.000
19.173	0.000
19.183	0.000
19.193	0.000
19.203	0.000
19.213	0.000
19.223	0.000
19.233	0.000
19.243	0.000
19.253	0.000
19.263	0.000
19.273	0.000
19.283	0.000
19.293	0.000
19.303	0.000
19.313	0.000
19.323	0.000
19.333	0.000
19.343	0.000
19.353	0.000
19.363	0.000
19.373	0.000
19.383	0.000
19.393	426.852
19.403	427.681
19.413	423.179
19.423	422.152
19.433	421.417
19.443	420.079
19.453	419.573
19.463	418.886
19.473	418.518
19.483	418.874
19.493	419.428
19.503	419.628
19.513	419.709
19.523	419.910
19.533	420.096
19.543	420.131
19.553	420.147
19.563	420.238
19.573	420.445
19.583	420.470
19.593	420.531
19.603	421.104
19.613	420.267
19.623	420.409
19.633	420.645
19.643	420.167
19.653	420.612
19.663	420.677
19.673	420.157
19.683	420.792
19.693	420.879
19.703	419.237
19.713	420.281
19.723	420.876
19.733	420.331
19.743	421.304
19.753	421.068
19.763	0.000
19.773	0.000
19.783	0.000
19.793	0.000
19.803	0.000
19.813	0.000
19.823	0.000
19.833	0.000
19.843	0.000
19.853	0.000
19.863	0.000
19.873	0.000
19.883	0.000
19.893	0.000
19.903	0.000
19.913	0.000
19.923	0.000
19.933	0.000
19.943	0.000
19.953	0.000
19.963	0.000
19.973	0.000
19.983	0.000
19.993	0.000
20.003	0.000
20.013	0.000
20.023	0.000
20.033	0.000
20.043	0.000
20.053	0.000
20.063	0.000
20.073	0.000
20.083	0.000
20.093	0.000
20.103	0.000
20.113	0.000
20.123	0.000
20.133	0.000
20.143	0.000
20.153	0.000
20.163	0.000
20.173	0.000
20.183	0.000
20.193	0.000
20.203	0.000
20.213	0.000
20.223	0.000
20.233	0.000
20.243	0.000
20.253	0.000
20.263	0.000
20.273	0.000
20.283	0.000
20.293	0.000
20.303	0.000
20.313	0.000
20.323	0.000
20.333	0.000
20.343	0.000
20.353	0.000
20.363	0.000
20.373	0.000
20.383	0.000
20.393	0.000
20.403	0.000
20.413	0.000
20.423	0.000
20.433	0.000
20.443	0.000
20.453	0.000
20.463	0.000
20.473	0.000
20.483	0.000
20.493	0.000
20.503	0.000
20.513	0.000
20.523	0.000
20.533	0.000
20.543	0.000
20.553	0.000
20.563	0.000
20.573	0.000
20.583	0.000
20.593	0.000
20.603	0.000
20.613	0.000
20.623	0.000
20.633	0.000
20.643	0.000
20.653	0.000
20.663	0.000
20.673	0.000
20.683	0.000
20.693	0.000
20.703	0.000
20.713	0.000
20.723	0.000
20.733	0.000
20.743	0.000
20.753	0.000
20.763	0.000
20.773	0.000
20.783	0.000
20.793	0.000
20.803	0.000
20.813	0.000
20.823	0.000
20.833	0.000
20.843	0.000
20.853	0.000
20.863	0.000
20.873	474.747
20.883	474.310
20.893	471.351
20.903	472.406
20.913	473.781
20.923	473.465
20.933	472.850
20.943	472.315
20.953	472.392
20.963	472.188
20.973	472.155
20.983	472.580
20.993	472.654
21.003	472.931
21.013	473.498
21.023	474.016
21.033	473.902
21.043	473.586
21.053	473.535
21.063	473.709
21.073	473.140
21.083	473.254
21.093	473.984
21.103	474.283
21.113	474.303
21.123	474.642
21.133	474.520
21.143	473.920
21.153	472.661
21.163	472.420
21.173	472.243
21.183	472.883
21.193	474.223
21.203	473.518
21.213	472.752
21.223	474.162
21.233	0.000
21.243	0.000
21.253	0.000
21.263	0.000
21.273	0.000
21.283	0.000
21.293	0.000
21.303	0.000
21.313	0.000
21.323	0.000
21.333	0.000
21.343	0.000
21.353	0.000
21.363	0.000
21.373	0.000
21.383	0.000
21.393	0.000
21.403	0.000
21.413	0.000
21.423	0.000
21.433	0.000
21.443	0.000
21.453	0.000
21.463	0.000
21.473	0.000
21.483	0.000
21.493	0.000
21.503	0.000
21.513	0.000
21.523	0.000
21.533	0.000
21.543	0.000
21.553	0.000
21.563	0.000
21.573	0.000
21.583	0.000
21.593	0.000
21.603	0.000
21.613	0.000
21.623	0.000
21.633	0.000
21.643	0.000
21.653	0.000
21.663	0.000
21.673	0.000
21.683	0.000
21.693	0.000
21.703	0.000
21.713	0.000
21.723	0.000
21.733	0.000
21.743	0.000
21.753	0.000
21.763	0.000
21.773	0.000
21.783	0.000
21.793	0.000
21.803	0.000
21.813	0.000
21.823	0.000
21.833	0.000
21.843	0.000
21.853	0.000
21.863	0.000
21.873	0.000
21.883	0.000
21.893	0.000
21.903	0.000
21.913	0.000
21.923	0.000
21.933	0.000
21.943	0.000
21.953	0.000
21.963	0.000
21.973	0.000
21.983	0.000
21.993	0.000
22.003	0.000
22.013	0.000
22.023	0.000
22.033	0.000
22.043	0.000
22.053	0.000
22.063	0.000
22.073	0.000
22.083	0.000
22.093	0.000
22.103	0.000
22.113	0.000
22.123	0.000
22.133	0.000
22.143	0.000
22.153	0.000
22.163	0.000
22.173	0.000
22.183	0.000
22.193	0.000
22.203	0.000
22.213	0.000
22.223	0.000
22.233	0.000
22.243	0.000
22.253	0.000
22.263	0.000
22.273	0.000
22.283	0.000
22.293	0.000
22.303	0.000
22.313	0.000
22.323	0.000
22.333	0.000
22.343	0.000
22.353	0.000
22.363	0.000
22.373	0.000
22.383	0.000
22.393	0.000
22.403	645.113
22.413	643.606
22.423	643.190
22.433	641.897
22.443	636.478
22.453	637.276
22.463	637.298
22.473	636.951
22.483	637.444
22.493	638.601
22.503	638.183
22.513	637.729
22.523	637.818
22.533	637.223
22.543	637.747
22.553	638.015
22.563	637.577
22.573	636.804
22.583	637.979
22.593	638.915
22.603	639.464
22.613	639.739
22.623	639.324
22.633	638.191
22.643	637.741
22.653	637.584
22.663	636.794
22.673	636.853
22.683	0.000
22.693	0.000
22.703	0.000
22.713	0.000
22.723	0.000
22.733	0.000
22.743	0.000
22.753	0.000
22.763	0.000
22.773	0.000
22.783	0.000
22.793	0.000
22.803	0.000
22.813	0.000
22.823	0.000
22.833	0.000
22.843	0.000
22.853	0.000
22.863	0.000
22.873	0.000
22.883	0.000
22.893	0.000
22.903	0.000
22.913	0.000
22.923	0.000
22.933	0.000
22.943	0.000
22.953	0.000
22.963	0.000
22.973	0.000
22.983	0.000
22.993	0.000
23.003	0.000
23.013	0.000
23.023	0.000
23.033	0.000
23.043	0.000
23.053	0.000
23.063	0.000
23.073	0.000
23.083	0.000
23.093	0.000
23.103	0.000
23.113	0.000
23.123	0.000
23.133	0.000
23.143	0.000
23.153	0.000
23.163	0.000
23.173	0.000
23.183	0.000
23.193	0.000
23.203	0.000
23.213	0.000
23.223	0.000
23.233	0.000
23.243	0.000
23.253	0.000
23.263	0.000
23.273	0.000
23.283	0.000
23.293	0.000
23.303	0.000
23.313	0.000
23.323	0.000
23.333	0.000
23.343	0.000
23.353	0.000
23.363	0.000
23.373	0.000
23.383	0.000
23.393	0.000
23.403	0.000
23.413	0.000
23.423	0.000
23.433	0.000
23.443	0.000
23.453	0.000
23.463	0.000
23.473	0.000
23.483	0.000
23.493	0.000
23.503	0.000
23.513	0.000
23.523	0.000
23.533	0.000
23.543	0.000
23.553	0.000
23.563	0.000
23.573	0.000
23.583	0.000
23.593	0.000
23.603	0.000
23.613	0.000
23.623	0.000
23.633	0.000
23.643	0.000
23.653	0.000
23.663	0.000
23.673	0.000
23.683	0.000
23.693	0.000
23.703	0.000
23.713	0.000
23.723	0.000
23.733	0.000
23.743	0.000
23.753	0.000
23.763	0.000
23.773	0.000
23.783	0.000
23.793	0.000
23.803	0.000
23.813	0.000
23.823	0.000
23.833	0.000
23.843	635.359
23.853	637.314
23.863	635.834
23.873	634.640
23.883	636.155
23.893	637.208
23.903	637.619
23.913	637.783
23.923	637.803
23.933	637.600
23.943	637.535
23.953	637.604
23.963	637.276
23.973	636.917
23.983	636.817
23.993	637.380
24.003	637.349
24.013	637.753
24.023	637.987
24.033	639.449
24.043	640.119
24.053	639.186
24.063	639.003
24.073	637.814
24.083	636.911
24.093	637.375
24.103	643.585
24.113	643.964
24.123	642.477
24.133	642.259
24.143	640.295
24.153	0.000
24.163	0.000
24.173	0.000
24.183	0.000
24.193	0.000
24.203	0.000
24.213	0.000
24.223	0.000
24.233	0.000
24.243	0.000
24.253	0.000
24.263	0.000
24.273	0.000
24.283	0.000
24.293	0.000
24.303	0.000
24.313	0.000
24.323	0.000
24.333	0.000
24.343	0.000
24.353	0.000
24.363	0.000
24.373	0.000
24.383	0.000
24.393	0.000
24.403	0.000
24.413	0.000
24.423	0.000
24.433	0.000
24.443	0.000
24.453	0.000
24.463	0.000
24.473	0.000
24.483	0.000
24.493	0.000
24.503	0.000
24.513	0.000
24.523	0.000
24.533	0.000
24.543	0.000
24.553	0.000
24.563	0.000
24.573	0.000
24.583	0.000
24.593	0.000
24.603	0.000
24.613	0.000
24.623	0.000
24.633	0.000
24.643	0.000
24.653	0.000
24.663	0.000
24.673	0.000
24.683	0.000
24.693	0.000
24.703	0.000
24.713	0.000
24.723	0.000
24.733	0.000
24.743	0.000
24.753	0.000
24.763	0.000
24.773	0.000
24.783	0.000
24.793	0.000
24.803	0.000
24.813	0.000
24.823	0.000
24.833	0.000
24.843	0.000
24.853	0.000
24.863	0.000
24.873	0.000
24.883	0.000
24.893	0.000
24.903	0.000
24.913	0.000
24.923	0.000
24.933	0.000
24.943	0.000
24.953	0.000
24.963	0.000
24.973	0.000
24.983	0.000
24.993	0.000
25.003	0.000
25.013	0.000
25.023	0.000
25.033	0.000
25.043	0.000
25.053	0.000
25.063	0.000
25.073	0.000
25.083	0.000
25.093	0.000
25.103	0.000
25.113	0.000
25.123	0.000
25.133	0.000
25.143	0.000
25.153	0.000
25.163	0.000
25.173	0.000
25.183	0.000
25.193	0.000
25.203	0.000
25.213	0.000
25.223	0.000
25.233	0.000
25.243	0.000
25.253	0.000
25.263	0.000
25.273	0.000
25.283	0.000
25.293	0.000
25.303	0.000
25.313	0.000
25.323	0.000
25.333	0.000
25.343	0.000
25.353	0.000
25.363	0.000
25.373	0.000
25.383	536.590
25.393	535.198
25.403	536.411
25.413	535.447
25.423	536.409
25.433	536.093
25.443	535.844
25.453	535.652
25.463	535.470
25.473	535.256
25.483	535.293
25.493	535.476
25.503	535.669
25.513	536.264
25.523	536.815
25.533	537.149
25.543	537.497
25.553	537.803
25.563	537.896
25.573	537.962
25.583	538.254
25.593	538.533
25.603	538.937
25.613	539.047
25.623	539.562
25.633	539.663
25.643	539.819
25.653	543.502
25.663	0.000
25.673	0.000
25.683	0.000
25.693	0.000
25.703	0.000
25.713	0.000
25.723	0.000
25.733	0.000
25.743	0.000
25.753	0.000
25.763	0.000
25.773	0.000
25.783	0.000
25.793	0.000
25.803	0.000
25.813	0.000
25.823	0.000
25.833	0.000
25.843	0.000
25.853	0.000
25.863	0.000
25.873	0.000
25.883	0.000
25.893	0.000
25.903	0.000
25.913	0.000
25.923	0.000
25.933	0.000
25.943	0.000
25.953	0.000
25.963	0.000
25.973	0.000
25.983	0.000
25.993	0.000
26.003	0.000
26.013	0.000
26.023	0.000
26.033	0.000
26.043	0.000
26.053	0.000
26.063	0.000
26.073	0.000
26.083	0.000
26.093	0.000
26.103	0.000
26.113	0.000
26.123	0.000
26.133	0.000
26.143	0.000
26.153	0.000
26.163	720.561
26.173	719.760
26.183	718.494
26.193	718.441
26.203	718.735
26.213	718.686
26.223	718.787
26.233	718.969
26.243	718.817
26.253	718.935
26.263	718.698
26.273	718.700
26.283	718.946
26.293	718.882
26.303	719.042
26.313	719.063
26.323	719.213
26.333	719.453
26.343	719.789
26.353	720.174
26.363	720.245
26.373	722.223
26.383	723.460
26.393	0.000
26.403	0.000
26.413	0.000
26.423	0.000
26.433	0.000
26.443	0.000
26.453	0.000
26.463	0.000
26.473	0.000
26.483	0.000
26.493	0.000
26.503	0.000
26.513	0.000
26.523	0.000
26.533	0.000
26.543	0.000
26.553	0.000
26.563	0.000
26.573	0.000
26.583	0.000
26.593	0.000
26.603	0.000
26.613	0.000
26.623	0.000
26.633	0.000
26.643	0.000
26.653	0.000
26.663	0.000
26.673	0.000
26.683	0.000
26.693	0.000
26.703	0.000
26.713	0.000
26.723	0.000
26.733	0.000
26.743	0.000
26.753	0.000
26.763	0.000
26.773	0.000
26.783	0.000
26.793	0.000
26.803	0.000
26.813	0.000
26.823	0.000
26.833	0.000
26.843	0.000
26.853	0.000
26.863	0.000
26.873	0.000
26.883	473.886
26.893	471.125
26.903	472.391
26.913	470.918
26.923	470.900
26.933	470.770
26.943	470.542
26.953	470.741
26.963	470.822
26.973	471.316
26.983	471.487
26.993	471.814
27.003	472.296
27.013	472.300
27.023	472.598
27.033	473.046
27.043	473.067
27.053	473.524
27.063	473.213
27.073	474.301
27.083	475.670
27.093	474.298
27.103	473.157
27.113	0.000
27.123	0.000
27.133	0.000
27.143	0.000
27.153	0.000
27.163	0.000
27.173	0.000
27.183	0.000
27.193	0.000
27.203	0.000
27.213	0.000
27.223	0.000
27.233	0.000
27.243	0.000
27.253	0.000
27.263	0.000
27.273	0.000
27.283	0.000
27.293	0.000
27.303	0.000
27.313	0.000
27.323	0.000
27.333	0.000
27.343	0.000
27.353	0.000
27.363	0.000
27.373	0.000
27.383	0.000
27.393	0.000
27.403	0.000
27.413	0.000
27.423	0.000
27.433	0.000
27.443	0.000
27.453	0.000
27.463	0.000
27.473	0.000
27.483	0.000
27.493	0.000
27.503	0.000
27.513	0.000
27.523	0.000
27.533	0.000
27.543	0.000
27.553	0.000
27.563	0.000
27.573	0.000
27.583	0.000
27.593	0.000
27.603	0.000
27.613	0.000
27.623	0.000
27.633	471.578
27.643	469.776
27.653	469.879
27.663	471.371
27.673	470.537
27.683	470.787
27.693	470.892
27.703	470.711
27.713	470.500
27.723	470.177
27.733	470.269
27.743	470.477
27.753	470.540
27.763	470.748
27.773	470.714
27.783	470.994
27.793	471.289
27.803	471.183
27.813	471.144
27.823	471.196
27.833	471.042
27.843	471.107
27.853	471.156
27.863	471.076
27.873	471.283
27.883	471.360
27.893	471.430
27.903	471.535
27.913	471.519
27.923	471.524
27.933	471.648
27.943	471.619
27.953	471.682
27.963	471.833
27.973	471.718
27.983	471.910
27.993	471.870
28.003	472.143
28.013	472.243
28.023	471.920
28.033	471.880
28.043	472.022
28.053	471.968
28.063	472.077
28.073	472.321
28.083	472.799
28.093	472.277
28.103	472.403
28.113	473.752
28.123	475.078
28.133	473.853
28.143	474.541
28.153	474.624
28.163	0.000
28.173	0.000
28.183	0.000
28.193	0.000
28.203	0.000
28.213	0.000
28.223	0.000
28.233	0.000
28.243	0.000
28.253	0.000
28.263	0.000
28.273	0.000
28.283	0.000
28.293	0.000
28.303	0.000
28.313	0.000
28.323	0.000
28.333	0.000
28.343	0.000
28.353	0.000
28.363	0.000
28.373	0.000
28.383	0.000
28.393	0.000
28.403	0.000
28.413	0.000
28.423	0.000
28.433	599.370
28.443	598.666
28.453	597.941
28.463	596.703
28.473	596.671
28.483	596.733
28.493	597.213
28.503	597.393
28.513	597.886
28.523	598.132
28.533	598.243
28.543	598.061
28.553	597.987
28.563	598.069
28.573	598.108
28.583	598.170
28.593	598.248
28.603	598.415
28.613	598.434
28.623	598.452
28.633	598.552
28.643	598.398
28.653	598.178
28.663	598.107
28.673	598.134
28.683	598.072
28.693	598.010
28.703	598.032
28.713	598.171
28.723	598.213
28.733	598.328
28.743	598.488
28.753	598.422
28.763	598.322
28.773	598.299
28.783	598.303
28.793	598.175
28.803	597.985
28.813	598.181
28.823	598.164
28.833	598.186
28.843	598.369
28.853	598.530
28.863	598.574
28.873	598.483
28.883	598.443
28.893	598.450
28.903	598.380
28.913	598.383
28.923	598.606
28.933	598.597
28.943	598.692
28.953	598.729
28.963	598.750
28.973	598.617
28.983	598.502
28.993	598.520
29.003	598.437
29.013	598.406
29.023	598.429
29.033	598.582
29.043	598.691
29.053	598.813
29.063	598.853
29.073	598.964
29.083	598.859
29.093	598.762
29.103	598.654
29.113	597.474
29.123	599.921
29.133	623.295
29.143	628.281
29.153	635.056
29.163	635.580
29.173	635.504
29.183	635.401
29.193	635.498
29.203	635.773
29.213	635.632
29.223	635.706
29.233	635.917
29.243	636.108
29.253	636.155
29.263	636.512
29.273	636.512
29.283	636.562
29.293	636.679
29.303	636.497
29.313	636.511
29.323	636.769
29.333	636.706
29.343	636.568
29.353	636.536
29.363	636.495
29.373	636.419
29.383	636.439
29.393	636.303
29.403	636.369
29.413	636.629
29.423	636.879
29.433	636.846
29.443	637.100
29.453	637.135
29.463	637.043
29.473	637.057
29.483	637.116
29.493	637.158
29.503	637.240
29.513	637.155
29.523	637.059
29.533	637.024
29.543	637.163
29.553	637.011
29.563	636.995
29.573	637.135
29.583	637.125
29.593	637.212
29.603	637.366
29.613	637.261
29.623	637.117
29.633	637.094
29.643	637.013
29.653	636.975
29.663	637.034
29.673	637.153
29.683	636.997
29.693	637.222
29.703	637.455
29.713	637.381
29.723	637.407
29.733	637.646
29.743	637.717
29.753	637.681
29.763	637.661
29.773	637.552
29.783	637.757
29.793	637.975
29.803	637.967
29.813	637.893
29.823	638.071
29.833	638.371
29.843	638.695
29.853	639.284
29.863	639.126
29.873	623.085
29.883	582.940
29.893	0.000
29.903	0.000
29.913	0.000
29.923	0.000
29.933	0.000
29.943	0.000
29.953	0.000
29.963	471.276
29.973	472.147
29.983	471.667
29.993	469.641
30.003	469.270
30.013	470.095
30.023	470.725
30.033	470.208
30.043	470.773
30.053	469.948
30.063	470.449
30.073	470.971
30.083	471.038
30.093	471.353
30.103	471.500
30.113	472.205
30.123	473.900
30.133	478.364
30.143	481.803
30.153	478.882
30.163	0.000
30.173	0.000
30.183	0.000
30.193	0.000
30.203	0.000
30.213	0.000
30.223	0.000
30.233	0.000
30.243	0.000
30.253	0.000
30.263	0.000
30.273	0.000
30.283	0.000
30.293	0.000
30.303	0.000
30.313	0.000
30.323	469.662
30.333	469.211
30.343	470.609
30.353	469.779
30.363	469.698
30.373	469.776
30.383	470.111
30.393	470.341
30.403	470.263
30.413	470.285
30.423	470.480
30.433	470.547
30.443	470.852
30.453	471.227
30.463	471.290
30.473	471.284
30.483	471.411
30.493	471.448
30.503	471.877
30.513	472.061
30.523	472.592
30.533	473.378
30.543	473.383
30.553	474.168
30.563	475.387
30.573	477.110
30.583	474.050
30.593	475.454
30.603	0.000
30.613	0.000
30.623	0.000
30.633	0.000
30.643	0.000
30.653	0.000
30.663	0.000
30.673	0.000
30.683	471.330
30.693	470.348
30.703	470.719
30.713	470.377
30.723	471.087
30.733	470.523
30.743	470.657
30.753	470.926
30.763	471.153
30.773	470.825
30.783	470.753
30.793	470.831
30.803	470.882
30.813	471.218
30.823	471.483
30.833	471.524
30.843	471.720
30.853	471.786
30.863	471.822
30.873	471.851
30.883	471.909
30.893	471.918
30.903	471.757
30.913	471.943
30.923	472.101
30.933	471.946
30.943	471.484
30.953	470.686
30.963	469.489
30.973	475.833
30.983	0.000
30.993	0.000
31.003	0.000
31.013	0.000
31.023	0.000
31.033	0.000
31.043	0.000
31.053	0.000
31.063	0.000
31.073	0.000
31.083	0.000
31.093	0.000
31.103	0.000
31.113	0.000
31.123	0.000
31.133	0.000
31.143	0.000
31.153	0.000
31.163	0.000
31.173	0.000
31.183	0.000
31.193	0.000
31.203	0.000
31.213	0.000
31.223	0.000
31.233	0.000
31.243	0.000
31.253	0.000
31.263	0.000
31.273	0.000
31.283	0.000
31.293	0.000
31.303	0.000
31.313	0.000
31.323	0.000
31.333	0.000
31.343	0.000
31.353	0.000
31.363	0.000
31.373	0.000
31.383	0.000
31.393	0.000
31.403	0.000
31.413	0.000
31.423	0.000
31.433	470.616
31.443	470.225
31.453	468.226
31.463	470.350
31.473	471.713
31.483	471.423
31.493	470.106
31.503	470.334
31.513	471.053
31.523	471.279
31.533	471.722
31.543	472.124
31.553	472.304
31.563	472.549
31.573	472.763
31.583	473.010
31.593	473.045
31.603	473.063
31.613	473.139
31.623	473.214
31.633	473.354
31.643	473.308
31.653	473.289
31.663	473.346
31.673	473.285
31.683	473.166
31.693	472.965
31.703	473.109
31.713	473.065
31.723	473.291
31.733	473.661
31.743	473.923
31.753	476.421
31.763	475.819
31.773	477.328
31.783	0.000
31.793	0.000
31.803	0.000
31.813	0.000
31.823	0.000
31.833	0.000
31.843	0.000
31.853	0.000
31.863	0.000
31.873	0.000
31.883	0.000
31.893	0.000
31.903	0.000
31.913	0.000
31.923	0.000
31.933	0.000
31.943	0.000
31.953	0.000
31.963	0.000
31.973	0.000
31.983	0.000
31.993	0.000
32.003	0.000
32.013	0.000
32.023	0.000
32.033	0.000
32.043	0.000
32.053	0.000
32.063	0.000
32.073	0.000
32.083	0.000
32.093	0.000
32.103	0.000
32.113	0.000
32.123	0.000
32.133	0.000
32.143	0.000
32.153	0.000
32.163	0.000
32.173	0.000
32.183	0.000
32.193	0.000
32.203	0.000
32.213	0.000
32.223	0.000
32.233	0.000
32.243	0.000
32.253	0.000
32.263	0.000
32.273	0.000
32.283	0.000
32.293	0.000
32.303	0.000
32.313	0.000
32.323	0.000
32.333	0.000
32.343	0.000
32.353	0.000
32.363	0.000
32.373	0.000
32.383	0.000
32.393	0.000
32.403	0.000
32.413	0.000
32.423	0.000
32.433	0.000
32.443	0.000
32.453	0.000
32.463	0.000
32.473	0.000
32.483	0.000
32.493	0.000
32.503	0.000
32.513	0.000
32.523	0.000
32.533	0.000
32.543	0.000
32.553	0.000
32.563	0.000
32.573	0.000
32.583	0.000
32.593	0.000
32.603	0.000
32.613	0.000
32.623	0.000
32.633	0.000
32.643	0.000
32.653	0.000
32.663	0.000
32.673	0.000
32.683	0.000
32.693	0.000
32.703	0.000
32.713	0.000
32.723	0.000
32.733	0.000
32.743	0.000
32.753	0.000
32.763	0.000
32.773	0.000
32.783	0.000
32.793	0.000
32.803	0.000
32.813	0.000
32.823	0.000
32.833	0.000
32.843	0.000
32.853	0.000
32.863	0.000
32.873	0.000
32.883	470.623
32.893	475.108
32.903	471.121
32.913	471.692
32.923	472.087
32.933	471.630
32.943	471.999
32.953	471.708
32.963	471.722
32.973	472.310
32.983	472.800
32.993	473.242
33.003	473.470
33.013	473.675
33.023	473.897
33.033	473.909
33.043	473.937
33.053	473.920
33.063	474.001
33.073	474.342
33.083	474.760
33.093	474.834
33.103	475.428
33.113	476.225
33.123	477.294
33.133	478.732
33.143	479.006
33.153	479.364
33.163	484.177
33.173	0.000
33.183	0.000
33.193	0.000
33.203	0.000
33.213	0.000
33.223	0.000
33.233	0.000
33.243	0.000
33.253	0.000
33.263	0.000
33.273	0.000
33.283	0.000
33.293	0.000
33.303	477.203
33.313	469.302
33.323	473.655
33.333	471.077
33.343	472.821
33.353	471.903
33.363	472.159
33.373	472.318
33.383	472.714
33.393	472.960
33.403	473.422
33.413	473.842
33.423	474.006
33.433	474.148
33.443	474.019
33.453	474.037
33.463	473.894
33.473	474.088
33.483	474.005
33.493	473.990
33.503	474.121
33.513	474.656
33.523	474.922
33.533	475.739
33.543	476.684
33.553	478.588
33.563	478.681
33.573	479.525
33.583	480.803
33.593	476.373
33.603	0.000
33.613	0.000
33.623	0.000
33.633	0.000
33.643	0.000
33.653	0.000
33.663	0.000
33.673	476.862
33.683	472.471
33.693	470.401
33.703	471.185
33.713	471.947
33.723	472.659
33.733	472.132
33.743	471.818
33.753	471.834
33.763	472.106
33.773	472.593
33.783	473.024
33.793	473.218
33.803	473.440
33.813	473.484
33.823	473.525
33.833	473.556
33.843	473.696
33.853	473.618
33.863	473.655
33.873	473.697
33.883	473.557
33.893	473.551
33.903	473.430
33.913	473.724
33.923	473.684
33.933	473.720
33.943	473.768
33.953	473.640
33.963	472.627
33.973	472.040
33.983	470.095
33.993	478.895
34.003	487.899
34.013	0.000
34.023	0.000
34.033	0.000
34.043	0.000
34.053	0.000
34.063	0.000
34.073	0.000
34.083	0.000
34.093	0.000
34.103	0.000
34.113	0.000
34.123	0.000
34.133	0.000
34.143	0.000
34.153	0.000
34.163	0.000
34.173	0.000
34.183	0.000
34.193	0.000
34.203	0.000
34.213	0.000
34.223	0.000
34.233	0.000
34.243	0.000
34.253	0.000
34.263	0.000
34.273	0.000
34.283	0.000
34.293	0.000
34.303	0.000
34.313	0.000
34.323	0.000
34.333	0.000
34.343	0.000
34.353	0.000
34.363	0.000
34.373	0.000
34.383	0.000
34.393	0.000
34.403	0.000
34.413	0.000
34.423	0.000
34.433	0.000
34.443	0.000
34.453	0.000
34.463	0.000
34.473	0.000
34.483	0.000
34.493	0.000
34.503	0.000
34.513	644.473
34.523	640.143
34.533	639.692
34.543	640.092
34.553	639.382
34.563	639.392
34.573	639.622
34.583	639.772
34.593	639.947
34.603	640.136
34.613	640.378
34.623	640.460
34.633	640.604
34.643	640.717
34.653	640.878
34.663	640.862
34.673	640.831
34.683	640.823
34.693	640.984
34.703	641.384
34.713	642.184
34.723	643.942
34.733	647.032
34.743	0.000
34.753	0.000
34.763	0.000
34.773	0.000
34.783	0.000
34.793	0.000
34.803	0.000
34.813	0.000
34.823	0.000
34.833	0.000
34.843	0.000
34.853	0.000
34.863	0.000
34.873	0.000
34.883	0.000
34.893	0.000
34.903	638.887
34.913	635.172
34.923	638.759
34.933	639.875
34.943	638.870
34.953	638.940
34.963	639.128
34.973	639.456
34.983	639.638
34.993	639.931
35.003	640.290
35.013	640.694
35.023	640.877
35.033	641.041
35.043	641.034
35.053	641.095
35.063	641.051
35.073	641.114
35.083	640.960
35.093	641.138
35.103	641.357
35.113	641.475
35.123	641.631
35.133	643.348
35.143	647.867
35.153	647.917
35.163	650.173
35.173	0.000
35.183	0.000
35.193	0.000
35.203	0.000
35.213	0.000
35.223	0.000
35.233	0.000
35.243	0.000
35.253	463.305
35.263	473.137
35.273	469.339
35.283	472.366
35.293	470.741
35.303	470.651
35.313	471.114
35.323	472.018
35.333	472.973
35.343	473.286
35.353	473.703
35.363	473.878
35.373	474.101
35.383	474.060
35.393	474.122
35.403	473.982
35.413	473.941
35.423	474.051
35.433	474.343
35.443	474.707
35.453	474.911
35.463	475.620
35.473	478.481
35.483	481.247
35.493	481.308
35.503	0.000
35.513	0.000
35.523	0.000
35.533	0.000
35.543	0.000
35.553	0.000
35.563	0.000
35.573	0.000
35.583	0.000
35.593	0.000
35.603	0.000
35.613	0.000
35.623	0.000
35.633	0.000
35.643	0.000
35.653	470.962
35.663	475.000
35.673	472.870
35.683	473.167
35.693	471.457
35.703	472.967
35.713	471.481
35.723	471.827
35.733	471.842
35.743	472.046
35.753	472.309
35.763	472.517
35.773	472.819
35.783	473.038
35.793	472.945
35.803	473.046
35.813	472.961
35.823	472.837
35.833	472.650
35.843	472.432
35.853	472.910
35.863	474.153
35.873	475.423
35.883	476.973
35.893	476.408
35.903	476.455
35.913	478.449
35.923	481.917
35.933	0.000
35.943	0.000
35.953	0.000
35.963	0.000
35.973	0.000
35.983	0.000
35.993	0.000
36.003	0.000
36.013	391.055
36.023	392.870
36.033	393.477
36.043	394.464
36.053	395.073
36.063	395.182
36.073	395.098
36.083	395.262
36.093	395.853
36.103	396.119
36.113	396.870
36.123	397.216
36.133	397.297
36.143	397.554
36.153	397.817
36.163	398.090
36.173	398.232
36.183	398.305
36.193	398.333
36.203	398.417
36.213	398.287
36.223	398.431
36.233	398.539
36.243	398.619
36.253	398.638
36.263	398.567
36.273	398.487
36.283	398.691
36.293	398.715
36.303	399.809
36.313	400.972
36.323	404.017
36.333	406.812
36.343	0.000
36.353	0.000
36.363	0.000
36.373	390.691
36.383	393.854
36.393	393.114
36.403	393.190
36.413	393.978
36.423	394.032
36.433	394.346
36.443	394.739
36.453	395.285
36.463	395.402
36.473	396.202
36.483	396.734
36.493	396.773
36.503	396.901
36.513	396.888
36.523	396.952
36.533	397.073
36.543	397.160
36.553	397.233
36.563	397.382
36.573	397.383
36.583	397.564
36.593	397.834
36.603	397.735
36.613	397.850
36.623	398.080
36.633	398.047
36.643	398.223
36.653	398.557
36.663	399.279
36.673	402.389
36.683	411.682
36.693	0.000
36.703	0.000
36.713	0.000
36.723	0.000
36.733	0.000
36.743	0.000
36.753	0.000
36.763	0.000
36.773	0.000
36.783	0.000
36.793	0.000
36.803	0.000
36.813	313.846
36.823	313.849
36.833	313.863
36.843	312.785
36.853	312.908
36.863	312.763
36.873	312.167
36.883	311.999
36.893	312.022
36.903	312.521
36.913	312.876
36.923	313.166
36.933	313.291
36.943	313.367
36.953	313.507
36.963	313.569
36.973	313.647
36.983	313.607
36.993	313.424
37.003	313.358
37.013	313.237
37.023	313.285
37.033	313.432
37.043	313.375
37.053	313.391
37.063	313.321
37.073	313.340
37.083	313.425
37.093	313.466
37.103	313.348
37.113	313.619
37.123	313.729
37.133	313.900
37.143	314.008
37.153	314.241
37.163	315.051
37.173	316.462
37.183	317.113
37.193	318.307
37.203	318.667
37.213	0.000
37.223	0.000
37.233	0.000
37.243	0.000
37.253	0.000
37.263	0.000
37.273	0.000
37.283	0.000
37.293	0.000
37.303	0.000
37.313	0.000
37.323	0.000
37.333	0.000
37.343	0.000
37.353	0.000
37.363	0.000
37.373	0.000
37.383	0.000
37.393	0.000
37.403	0.000
37.413	0.000
37.423	0.000
37.433	0.000
37.443	0.000
37.453	0.000
37.463	0.000
37.473	0.000
37.483	0.000
37.493	0.000
37.503	0.000
37.513	0.000
37.523	0.000
37.533	419.700
37.543	419.156
37.553	417.167
37.563	416.447
37.573	417.341
37.583	417.628
37.593	417.773
37.603	417.845
37.613	418.074
37.623	418.973
37.633	419.381
37.643	419.722
37.653	419.908
37.663	420.185
37.673	420.287
37.683	420.352
37.693	420.608
37.703	420.716
37.713	420.741
37.723	420.713
37.733	420.800
37.743	420.872
37.753	420.941
37.763	421.084
37.773	420.946
37.783	421.132
37.793	421.056
37.803	421.460
37.813	422.817
37.823	423.642
37.833	423.372
37.843	422.646
37.853	424.645
37.863	424.141
37.873	427.975
37.883	420.463
37.893	419.022
37.903	418.059
37.913	416.039
37.923	417.533
37.933	418.558
37.943	418.079
37.953	418.010
37.963	418.601
37.973	419.156
37.983	419.636
37.993	419.790
38.003	420.037
38.013	420.149
38.023	420.517
38.033	420.687
38.043	420.827
38.053	420.885
38.063	420.967
38.073	421.065
38.083	421.198
38.093	421.268
38.103	421.193
38.113	421.268
38.123	421.388
38.133	421.649
38.143	421.321
38.153	421.465
38.163	421.186
38.173	421.088
38.183	422.485
38.193	422.908
38.203	425.809
38.213	422.482
38.223	0.000
38.233	0.000
38.243	0.000
38.253	0.000
38.263	0.000
38.273	0.000
38.283	0.000
38.293	472.179
38.303	469.230
38.313	471.662
38.323	473.512
38.333	473.890
38.343	472.048
38.353	471.998
38.363	472.466
38.373	472.783
38.383	473.335
38.393	473.592
38.403	473.720
38.413	473.798
38.423	473.851
38.433	473.767
38.443	473.751
38.453	473.703
38.463	473.643
38.473	473.826
38.483	474.304
38.493	474.328
38.503	478.556
38.513	480.381
38.523	485.099
38.533	484.988
38.543	486.161
38.553	486.054
38.563	0.000
38.573	0.000
38.583	0.000
38.593	0.000
38.603	0.000
38.613	0.000
38.623	0.000
38.633	0.000
38.643	0.000
38.653	0.000
38.663	474.551
38.673	471.288
38.683	471.515
38.693	473.382
38.703	472.252
38.713	471.835
38.723	471.727
38.733	471.796
38.743	472.253
38.753	472.663
38.763	472.949
38.773	472.921
38.783	473.043
38.793	473.153
38.803	473.011
38.813	473.178
38.823	473.430
38.833	473.042
38.843	473.466
38.853	474.442
38.863	474.948
38.873	477.683
38.883	478.931
38.893	480.141
38.903	494.266
38.913	514.994
38.923	541.496
38.933	551.850
38.943	557.424
38.953	0.000
38.963	0.000
38.973	0.000
38.983	0.000
38.993	0.000
39.003	0.000
39.013	0.000
39.023	0.000
39.033	0.000
39.043	310.702
39.053	312.508
39.063	313.005
39.073	313.280
39.083	313.241
39.093	313.361
39.103	312.542
39.113	312.092
39.123	312.540
39.133	312.891
39.143	313.533
39.153	314.105
39.163	314.336
39.173	314.663
39.183	314.765
39.193	314.894
39.203	314.804
39.213	314.791
39.223	314.503
39.233	314.811
39.243	314.554
39.253	314.198
39.263	313.903
39.273	313.671
39.283	313.221
39.293	314.140
39.303	316.323
39.313	316.809
39.323	318.418
39.333	318.058
39.343	320.609
39.353	319.682
39.363	321.598
39.373	320.180
39.383	310.595
39.393	308.572
39.403	308.783
39.413	309.646
39.423	310.515
39.433	311.592
39.443	312.227
39.453	312.474
39.463	312.906
39.473	313.302
39.483	313.365
39.493	313.516
39.503	313.725
39.513	314.112
39.523	314.164
39.533	314.494
39.543	314.746
39.553	314.638
39.563	314.724
39.573	314.703
39.583	314.351
39.593	314.034
39.603	313.893
39.613	313.733
39.623	314.266
39.633	313.986
39.643	313.330
39.653	312.911
39.663	314.251
39.673	315.320
39.683	317.101
39.693	318.501
39.703	318.363
39.713	323.969
39.723	0.000
39.733	0.000
39.743	0.000
39.753	0.000
39.763	0.000
39.773	313.571
39.783	310.281
39.793	310.681
39.803	310.803
39.813	311.248
39.823	311.970
39.833	312.028
39.843	312.115
39.853	312.268
39.863	312.604
39.873	312.963
39.883	313.092
39.893	313.437
39.903	313.722
39.913	313.848
39.923	313.883
39.933	313.883
39.943	313.846
39.953	313.791
39.963	313.786
39.973	313.801
39.983	313.803
39.993	313.663
40.003	313.787
40.013	313.770
40.023	313.756
40.033	313.867
40.043	313.819
40.053	314.318
40.063	314.400
40.073	315.234
40.083	316.739
40.093	318.064
40.103	320.805
40.113	320.800
40.123	0.000
40.133	0.000
40.143	0.000
40.153	0.000
40.163	0.000
40.173	0.000
40.183	0.000
40.193	0.000
40.203	0.000
40.213	0.000
40.223	0.000
40.233	0.000
40.243	0.000
40.253	0.000
40.263	0.000
40.273	0.000
40.283	0.000
40.293	0.000
40.303	0.000
40.313	0.000
40.323	0.000
40.333	0.000
40.343	0.000
40.353	0.000
40.363	0.000
40.373	0.000
40.383	0.000
40.393	0.000
40.403	0.000
40.413	0.000
40.423	0.000
40.433	0.000
40.443	0.000
40.453	0.000
40.463	0.000
40.473	0.000
40.483	0.000
40.493	0.000
40.503	0.000
40.513	0.000
40.523	0.000
40.533	0.000
40.543	0.000
40.553	600.398
40.563	600.773
40.573	599.118
40.583	600.309
40.593	600.513
40.603	600.563
40.613	600.735
40.623	601.046
40.633	601.318
40.643	601.431
40.653	601.579
40.663	601.764
40.673	602.013
40.683	602.215
40.693	602.311
40.703	602.199
40.713	602.107
40.723	602.031
40.733	601.961
40.743	601.823
40.753	601.810
40.763	601.805
40.773	601.892
40.783	602.066
40.793	602.198
40.803	602.418
40.813	602.791
40.823	602.801
40.833	602.971
40.843	603.061
40.853	603.053
40.863	603.123
40.873	603.059
40.883	602.889
40.893	602.850
40.903	602.670
40.913	602.495
40.923	602.240
40.933	602.146
40.943	601.671
40.953	601.168
40.963	600.933
40.973	600.906
40.983	601.067
40.993	601.326
41.003	601.410
41.013	601.585
41.023	601.621
41.033	601.645
41.043	601.779
41.053	601.734
41.063	601.933
41.073	602.083
41.083	602.322
41.093	602.659
41.103	602.841
41.113	602.805
41.123	602.796
41.133	602.624
41.143	602.406
41.153	602.357
41.163	602.272
41.173	602.107
41.183	602.017
41.193	602.048
41.203	602.090
41.213	602.118
41.223	602.211
41.233	602.041
41.243	600.370
41.253	602.336
41.263	607.137
41.273	632.819
41.283	637.988
41.293	639.188
41.303	640.268
41.313	639.406
41.323	639.719
41.333	639.795
41.343	640.218
41.353	640.335
41.363	640.265
41.373	640.393
41.383	640.565
41.393	640.542
41.403	640.392
41.413	640.448
41.423	640.507
41.433	640.327
41.443	640.467
41.453	640.551
41.463	640.444
41.473	640.318
41.483	640.310
41.493	640.360
41.503	640.408
41.513	640.224
41.523	640.365
41.533	640.518
41.543	640.550
41.553	640.520
41.563	640.405
41.573	640.358
41.583	640.331
41.593	640.197
41.603	640.222
41.613	640.467
41.623	640.487
41.633	640.376
41.643	640.348
41.653	640.562
41.663	640.415
41.673	640.236
41.683	640.106
41.693	640.250
41.703	640.184
41.713	640.106
41.723	640.194
41.733	639.993
41.743	639.928
41.753	639.926
41.763	639.978
41.773	639.971
41.783	639.976
41.793	639.900
41.803	639.972
41.813	640.064
41.823	639.908
41.833	639.655
41.843	639.806
41.853	639.998
41.863	640.107
41.873	640.217
41.883	640.532
41.893	640.757
41.903	640.801
41.913	641.983
41.923	643.722
41.933	647.700
41.943	633.729
41.953	603.659
41.963	0.000
41.973	0.000
41.983	0.000
41.993	0.000
42.003	0.000
42.013	0.000
42.023	0.000
42.033	0.000
42.043	473.428
42.053	470.697
42.063	471.883
42.073	473.322
42.083	473.547
42.093	472.432
42.103	472.340
42.113	472.614
42.123	472.447
42.133	472.781
42.143	473.081
42.153	473.094
42.163	473.311
42.173	473.974
42.183	474.038
42.193	474.838
42.203	476.303
42.213	476.220
42.223	480.121
42.233	481.177
42.243	481.239
42.253	483.237
42.263	0.000
42.273	0.000
42.283	0.000
42.293	0.000
42.303	0.000
42.313	0.000
42.323	0.000
42.333	0.000
42.343	0.000
42.353	0.000
42.363	0.000
42.373	0.000
42.383	0.000
42.393	0.000
42.403	0.000
42.413	0.000
42.423	470.546
42.433	476.625
42.443	473.500
42.453	473.411
42.463	472.673
42.473	472.730
42.483	472.570
42.493	472.349
42.503	472.658
42.513	472.880
42.523	473.201
42.533	473.474
42.543	473.386
42.553	473.411
42.563	473.342
42.573	473.524
42.583	474.073
42.593	474.935
42.603	474.586
42.613	474.495
42.623	475.447
42.633	479.195
42.643	481.174
42.653	478.264
42.663	478.453
42.673	480.042
42.683	0.000
42.693	0.000
42.703	0.000
42.713	0.000
42.723	0.000
42.733	0.000
42.743	0.000
42.753	0.000
42.763	0.000
42.773	0.000
42.783	0.000
42.793	0.000
42.803	477.613
42.813	475.577
42.823	473.406
42.833	472.201
42.843	472.789
42.853	472.809
42.863	473.078
42.873	472.830
42.883	472.749
42.893	472.157
42.903	472.075
42.913	472.283
42.923	472.455
42.933	472.506
42.943	472.620
42.953	472.612
42.963	472.680
42.973	472.821
42.983	472.915
42.993	472.789
43.003	472.889
43.013	472.886
43.023	472.836
43.033	473.401
43.043	473.113
43.053	473.610
43.063	473.759
43.073	474.786
43.083	475.267
43.093	473.359
43.103	474.851
43.113	0.000
43.123	0.000
43.133	0.000
43.143	0.000
43.153	0.000
43.163	0.000
43.173	0.000
43.183	0.000
43.193	0.000
43.203	0.000
43.213	0.000
43.223	0.000
43.233	0.000
43.243	0.000
43.253	0.000
43.263	0.000
43.273	0.000
43.283	0.000
43.293	0.000
43.303	0.000
43.313	0.000
43.323	0.000
43.333	0.000
43.343	0.000
43.353	0.000
43.363	0.000
43.373	0.000
43.383	0.000
43.393	0.000
43.403	0.000
43.413	0.000
43.423	0.000
43.433	0.000
43.443	0.000
43.453	0.000
43.463	0.000
43.473	0.000
43.483	0.000
43.493	0.000
43.503	0.000
43.513	0.000
43.523	0.000
43.533	0.000
43.543	0.000
43.553	0.000
43.563	0.000
43.573	0.000
43.583	0.000
43.593	0.000
43.603	0.000
43.613	0.000
43.623	0.000
43.633	0.000
43.643	0.000
43.653	468.568
43.663	471.905
43.673	474.020
43.683	473.188
43.693	474.138
43.703	473.176
43.713	473.408
43.723	473.743
43.733	473.514
43.743	473.601
43.753	474.083
43.763	474.253
43.773	474.626
43.783	474.691
43.793	474.607
43.803	474.618
43.813	474.770
43.823	474.978
43.833	474.855
43.843	474.736
43.853	474.817
43.863	474.975
43.873	474.789
43.883	474.882
43.893	475.178
43.903	475.168
43.913	475.867
43.923	476.485
43.933	474.870
43.943	473.503
43.953	475.208
43.963	475.930
43.973	0.000
43.983	0.000
43.993	0.000
44.003	0.000
44.013	0.000
44.023	0.000
44.033	0.000
44.043	0.000
44.053	0.000
44.063	0.000
44.073	0.000
44.083	0.000
44.093	0.000
44.103	0.000
44.113	0.000
44.123	0.000
44.133	0.000
44.143	0.000
44.153	0.000
44.163	0.000
44.173	0.000
44.183	0.000
44.193	0.000
44.203	0.000
44.213	0.000
44.223	0.000
44.233	0.000
44.243	0.000
44.253	0.000
44.263	0.000
44.273	0.000
44.283	0.000
44.293	0.000
44.303	0.000
44.313	0.000
44.323	0.000
44.333	0.000
44.343	0.000
44.353	0.000
44.363	0.000
44.373	0.000
44.383	0.000
44.393	0.000
44.403	0.000
44.413	0.000
44.423	0.000
44.433	0.000
44.443	0.000
44.453	0.000
44.463	0.000
44.473	0.000
44.483	0.000
44.493	0.000
44.503	0.000
44.513	0.000
44.523	0.000
44.533	0.000
44.543	0.000
44.553	0.000
44.563	0.000
44.573	0.000
44.583	0.000
44.593	0.000
44.603	0.000
44.613	0.000
44.623	0.000
44.633	0.000
44.643	0.000
44.653	0.000
44.663	0.000
44.673	0.000
44.683	0.000
44.693	0.000
44.703	0.000
44.713	0.000
44.723	0.000
44.733	0.000
44.743	0.000
44.753	0.000
44.763	0.000
44.773	0.000
44.783	0.000
44.793	0.000
44.803	0.000
44.813	0.000
44.823	0.000
44.833	0.000
44.843	0.000
44.853	0.000
44.863	0.000
44.873	0.000
44.883	0.000
44.893	0.000
44.903	0.000
44.913	0.000
44.923	0.000
44.933	0.000
44.943	0.000
44.953	0.000
44.963	0.000
44.973	0.000
44.983	0.000
44.993	0.000
45.003	0.000
45.013	0.000
45.023	0.000
45.033	0.000
45.043	0.000
45.053	0.000
45.063	0.000
45.073	0.000
45.083	0.000
45.093	0.000
45.103	0.000
45.113	0.000
45.123	472.217
45.133	472.720
45.143	472.598
45.153	472.197
45.163	472.921
45.173	473.181
45.183	473.426
45.193	473.956
45.203	474.121
45.213	474.855
45.223	474.700
45.233	474.579
45.243	474.679
45.253	474.412
45.263	474.127
45.273	474.524
45.283	475.024
45.293	476.817
45.303	477.794
45.313	482.632
45.323	486.553
45.333	0.000
45.343	0.000
45.353	0.000
45.363	0.000
45.373	0.000
45.383	0.000
45.393	0.000
45.403	0.000
45.413	0.000
45.423	0.000
45.433	0.000
45.443	0.000
45.453	0.000
45.463	476.184
45.473	471.742
45.483	475.504
45.493	474.302
45.503	474.196
45.513	474.280
45.523	473.672
45.533	473.719
45.543	473.765
45.553	473.950
45.563	474.046
45.573	474.179
45.583	474.238
45.593	474.297
45.603	474.315
45.613	474.415
45.623	474.477
45.633	474.392
45.643	474.241
45.653	474.584
45.663	475.152
45.673	477.419
45.683	478.761
45.693	475.964
45.703	479.723
45.713	484.678
45.723	486.179
45.733	482.052
45.743	0.000
45.753	0.000
45.763	0.000
45.773	0.000
45.783	0.000
45.793	0.000
45.803	0.000
45.813	0.000
45.823	475.788
45.833	472.859
45.843	473.022
45.853	471.681
45.863	473.585
45.873	474.397
45.883	472.976
45.893	472.595
45.903	472.555
45.913	472.756
45.923	473.152
45.933	473.480
45.943	473.617
45.953	473.779
45.963	473.892
45.973	473.986
45.983	473.896
45.993	473.947
46.003	473.997
46.013	473.982
46.023	473.996
46.033	474.033
46.043	474.107
46.053	474.017
46.063	474.149
46.073	473.921
46.083	473.337
46.093	473.907
46.103	472.898
46.113	473.745
46.123	476.661
46.133	479.543
46.143	0.000
46.153	0.000
46.163	0.000
46.173	0.000
46.183	0.000
46.193	0.000
46.203	0.000
46.213	0.000
46.223	0.000
46.233	0.000
46.243	0.000
46.253	0.000
46.263	0.000
46.273	0.000
46.283	0.000
46.293	0.000
46.303	0.000
46.313	0.000
46.323	0.000
46.333	0.000
46.343	0.000
46.353	0.000
46.363	0.000
46.373	0.000
46.383	0.000
46.393	0.000
46.403	0.000
46.413	0.000
46.423	0.000
46.433	0.000
46.443	0.000
46.453	0.000
46.463	0.000
46.473	0.000
46.483	0.000
46.493	0.000
46.503	0.000
46.513	0.000
46.523	0.000
46.533	0.000
46.543	0.000
46.553	0.000
46.563	0.000
46.573	0.000
46.583	0.000
46.593	0.000
46.603	0.000
46.613	0.000
46.623	0.000
46.633	0.000
46.643	643.629
46.653	642.570
46.663	641.815
46.673	640.461
46.683	639.959
46.693	640.255
46.703	640.444
46.713	640.654
46.723	640.912
46.733	640.951
46.743	641.260
46.753	641.483
46.763	641.629
46.773	641.619
46.783	641.964
46.793	642.070
46.803	641.793
46.813	641.707
46.823	641.849
46.833	641.844
46.843	641.906
46.853	642.021
46.863	642.055
46.873	642.074
46.883	642.544
46.893	643.655
46.903	645.453
46.913	649.896
46.923	0.000
46.933	0.000
46.943	0.000
46.953	0.000
46.963	0.000
46.973	636.433
46.983	635.916
46.993	635.267
47.003	638.573
47.013	638.330
47.023	638.710
47.033	638.828
47.043	639.340
47.053	640.054
47.063	640.369
47.073	640.754
47.083	641.134
47.093	641.223
47.103	641.161
47.113	641.227
47.123	641.280
47.133	641.101
47.143	640.987
47.153	640.913
47.163	640.742
47.173	640.604
47.183	640.530
47.193	640.791
47.203	641.170
47.213	641.702
47.223	642.830
47.233	642.322
47.243	644.771
47.253	651.063
47.263	0.000
47.273	0.000
47.283	0.000
47.293	0.000
47.303	0.000
47.313	0.000
47.323	0.000
47.333	0.000
47.343	472.268
47.353	474.252
47.363	469.942
47.373	471.324
47.383	471.452
47.393	472.715
47.403	472.131
47.413	471.859
47.423	471.963
47.433	472.425
47.443	473.136
47.453	473.649
47.463	473.907
47.473	474.282
47.483	474.305
47.493	474.257
47.503	474.428
47.513	474.150
47.523	473.677
47.533	473.792
47.543	473.577
47.553	474.320
47.563	475.138
47.573	480.960
47.583	484.455
47.593	0.000
47.603	0.000
47.613	0.000
47.623	0.000
47.633	0.000
47.643	0.000
47.653	0.000
47.663	0.000
47.673	0.000
47.683	0.000
47.693	0.000
47.703	0.000
47.713	0.000
47.723	0.000
47.733	0.000
47.743	0.000
47.753	0.000
47.763	0.000
47.773	0.000
47.783	0.000
47.793	0.000
47.803	470.845
47.813	474.539
47.823	472.272
47.833	472.812
47.843	472.939
47.853	472.955
47.863	472.839
47.873	472.618
47.883	473.339
47.893	473.009
47.903	473.350
47.913	472.990
47.923	472.668
47.933	472.502
47.943	473.460
47.953	476.515
47.963	477.302
47.973	478.791
47.983	480.831
47.993	478.740
48.003	480.852
48.013	484.324
48.023	0.000
48.033	0.000
48.043	0.000
48.053	0.000
48.063	0.000
48.073	0.000
48.083	0.000
48.093	0.000
48.103	0.000
48.113	0.000
48.123	0.000
48.133	398.461
48.143	396.135
48.153	394.650
48.163	393.924
48.173	394.107
48.183	394.709
48.193	395.037
48.203	395.343
48.213	395.673
48.223	395.802
48.233	396.160
48.243	396.701
48.253	396.871
48.263	397.341
48.273	397.674
48.283	397.857
48.293	397.956
48.303	398.173
48.313	398.344
48.323	398.585
48.333	398.641
48.343	398.718
48.353	398.692
48.363	398.862
48.373	399.068
48.383	399.433
48.393	399.441
48.403	399.211
48.413	399.336
48.423	399.921
48.433	401.084
48.443	402.619
48.453	404.267
48.463	408.511
48.473	417.296
48.483	415.332
48.493	398.094
48.503	396.596
48.513	393.817
48.523	392.639
48.533	393.438
48.543	393.872
48.553	394.163
48.563	394.609
48.573	394.828
48.583	394.941
48.593	395.450
48.603	396.101
48.613	396.235
48.623	396.635
48.633	396.895
48.643	397.046
48.653	397.196
48.663	397.322
48.673	397.357
48.683	397.507
48.693	397.572
48.703	397.623
48.713	397.829
48.723	397.854
48.733	398.011
48.743	398.233
48.753	398.074
48.763	398.200
48.773	398.469
48.783	398.492
48.793	398.679
48.803	403.245
48.813	419.578
48.823	0.000
48.833	0.000
48.843	0.000
48.853	0.000
48.863	0.000
48.873	0.000
48.883	0.000
48.893	0.000
48.903	0.000
48.913	0.000
48.923	0.000
48.933	0.000
48.943	0.000
48.953	312.458
48.963	311.380
48.973	310.996
48.983	311.305
48.993	312.047
49.003	312.304
49.013	312.415
49.023	312.449
49.033	312.619
49.043	312.774
49.053	312.859
49.063	313.089
49.073	313.198
49.083	313.153
49.093	313.152
49.103	313.043
49.113	312.925
49.123	312.868
49.133	312.775
49.143	312.668
49.153	312.853
49.163	312.848
49.173	313.000
49.183	313.236
49.193	313.171
49.203	313.124
49.213	312.945
49.223	312.923
49.233	312.978
49.243	312.941
49.253	313.098
49.263	313.116
49.273	313.077
49.283	313.106
49.293	313.252
49.303	313.284
49.313	313.154
49.323	313.012
49.333	312.938
49.343	312.939
49.353	313.039
49.363	313.157
49.373	313.346
49.383	313.455
49.393	313.507
49.403	313.233
49.413	313.080
49.423	313.136
49.433	313.168
49.443	313.210
49.453	313.237
49.463	312.979
49.473	313.145
49.483	313.114
49.493	313.303
49.503	313.275
49.513	313.386
49.523	313.287
49.533	313.439
49.543	313.401
49.553	313.479
49.563	313.611
49.573	313.484
49.583	313.473
49.593	313.435
49.603	314.351
49.613	316.395
49.623	317.308
49.633	316.968
49.643	0.000
49.653	0.000
49.663	0.000
49.673	0.000
49.683	0.000
49.693	0.000
49.703	0.000
49.713	0.000
49.723	414.755
49.733	418.143
49.743	417.378
49.753	416.798
49.763	416.306
49.773	418.001
49.783	418.570
49.793	418.354
49.803	418.156
49.813	419.299
49.823	419.591
49.833	419.236
49.843	419.140
49.853	419.818
49.863	420.061
49.873	419.901
49.883	419.951
49.893	420.338
49.903	420.356
49.913	420.313
49.923	420.248
49.933	420.459
49.943	420.657
49.953	420.703
49.963	420.003
49.973	419.806
49.983	419.999
49.993	421.921
50.003	423.771
50.013	422.312
50.023	421.868
50.033	419.229
50.043	419.387
50.053	417.462
50.063	413.785
50.073	413.965
50.083	414.510
50.093	414.966
50.103	415.442
50.113	415.950
50.123	416.336
50.133	417.598
50.143	418.330
50.153	418.663
50.163	418.798
50.173	419.115
50.183	419.434
50.193	419.677
50.203	419.767
50.213	419.780
50.223	419.825
50.233	419.833
50.243	419.908
50.253	419.903
50.263	419.929
50.273	419.831
50.283	420.003
50.293	420.429
50.303	420.124
50.313	420.173
50.323	420.346
50.333	421.147
50.343	420.660
50.353	420.435
50.363	420.854
50.373	421.574
50.383	424.706
50.393	425.664
50.403	0.000
50.413	0.000
50.423	0.000
50.433	0.000
50.443	0.000
50.453	0.000
50.463	0.000
50.473	0.000
50.483	0.000
50.493	0.000
50.503	0.000
50.513	0.000
50.523	0.000
50.533	0.000
50.543	477.122
50.553	472.457
50.563	472.801
50.573	471.774
50.583	473.594
50.593	472.868
50.603	473.083
50.613	472.880
50.623	472.955
50.633	472.534
50.643	474.203
50.653	477.078
50.663	477.123
50.673	474.275
50.683	0.000
50.693	0.000
50.703	0.000
50.713	0.000
50.723	0.000
50.733	0.000
50.743	0.000
50.753	0.000
50.763	0.000
50.773	0.000
50.783	0.000
50.793	0.000
50.803	0.000
50.813	474.539
50.823	473.398
50.833	471.477
50.843	471.427
50.853	470.584
50.863	471.404
50.873	471.906
50.883	471.617
50.893	471.234
50.903	471.624
50.913	471.899
50.923	471.914
50.933	472.159
50.943	471.814
50.953	471.843
50.963	471.615
50.973	471.908
50.983	472.119
50.993	472.488
51.003	472.583
51.013	473.129
51.023	474.747
51.033	475.580
51.043	476.848
51.053	492.244
51.063	518.249
51.073	541.148
51.083	558.259
51.093	0.000
51.103	0.000
51.113	0.000
51.123	0.000
51.133	0.000
51.143	0.000
51.153	0.000
51.163	0.000
51.173	0.000
51.183	0.000
51.193	0.000
51.203	0.000
51.213	0.000
51.223	313.867
51.233	311.697
51.243	312.178
51.253	311.147
51.263	311.418
51.273	311.717
51.283	311.630
51.293	312.182
51.303	312.509
51.313	312.720
51.323	312.908
51.333	313.044
51.343	313.361
51.353	313.321
51.363	313.585
51.373	313.872
51.383	313.899
51.393	314.132
51.403	313.996
51.413	314.114
51.423	313.965
51.433	314.137
51.443	314.815
51.453	313.855
51.463	313.926
51.473	314.919
51.483	315.764
51.493	317.169
51.503	312.847
51.513	313.604
51.523	315.824
51.533	316.083
51.543	0.000
51.553	0.000
51.563	0.000
51.573	0.000
51.583	0.000
51.593	0.000
51.603	0.000
51.613	0.000
51.623	0.000
51.633	0.000
51.643	313.902
51.653	312.188
51.663	310.491
51.673	310.257
51.683	311.630
51.693	311.215
51.703	311.081
51.713	311.645
51.723	311.982
51.733	312.435
51.743	312.740
51.753	312.831
51.763	313.060
51.773	313.276
51.783	313.420
51.793	313.643
51.803	313.640
51.813	313.765
51.823	313.736
51.833	313.986
51.843	313.868
51.853	313.736
51.863	313.650
51.873	313.716
51.883	313.178
51.893	313.575
51.903	313.389
51.913	313.919
51.923	314.406
51.933	315.976
51.943	316.302
51.953	315.925
51.963	317.747
51.973	317.484
51.983	316.663
51.993	317.641
52.003	314.456
52.013	313.012
52.023	310.803
52.033	311.009
52.043	309.618
52.053	310.164
52.063	310.536
52.073	311.144
52.083	310.990
52.093	311.456
52.103	311.845
52.113	311.987
52.123	312.394
52.133	312.540
52.143	312.604
52.153	312.669
52.163	312.732
52.173	312.766
52.183	312.870
52.193	312.949
52.203	312.952
52.213	312.955
52.223	312.882
52.233	312.958
52.243	312.709
52.253	312.837
52.263	312.848
52.273	313.014
52.283	313.145
52.293	312.961
52.303	312.989
52.313	313.151
52.323	313.178
52.333	313.167
52.343	313.181
52.353	313.124
52.363	313.344
52.373	313.404
52.383	313.450
52.393	313.277
52.403	313.335
52.413	313.365
52.423	313.673
52.433	313.487
52.443	313.625
52.453	313.578
52.463	313.917
52.473	314.070
52.483	314.148
52.493	314.264
52.503	314.896
52.513	316.743
52.523	317.448
52.533	320.929
52.543	322.445
52.553	0.000
52.563	0.000
52.573	0.000
52.583	0.000
52.593	0.000
52.603	0.000
52.613	0.000
52.623	0.000
52.633	0.000
52.643	0.000
52.653	0.000
52.663	0.000
52.673	0.000
52.683	0.000
52.693	0.000
52.703	0.000
52.713	0.000
52.723	0.000
52.733	0.000
52.743	0.000
52.753	0.000
52.763	0.000
52.773	0.000
52.783	0.000
52.793	0.000
52.803	0.000
52.813	0.000
52.823	0.000
52.833	0.000
52.843	0.000
52.853	0.000
52.863	0.000
52.873	0.000
52.883	0.000
52.893	0.000
52.903	0.000
52.913	0.000
52.923	0.000
52.933	0.000
52.943	0.000
52.953	0.000
52.963	0.000
52.973	0.000
52.983	0.000
52.993	0.000
53.003	0.000
53.013	0.000
53.023	0.000
53.033	0.000
53.043	0.000
