0.023	0.000
0.033	0.000
0.043	0.000
0.053	0.000
0.063	0.000
0.073	0.000
0.083	0.000
0.093	0.000
0.103	0.000
0.113	0.000
0.123	0.000
0.133	0.000
0.143	0.000
0.153	0.000
0.163	0.000
0.173	0.000
0.183	0.000
0.193	0.000
0.203	0.000
0.213	0.000
0.223	0.000
0.233	0.000
0.243	0.000
0.253	0.000
0.263	0.000
0.273	0.000
0.283	0.000
0.293	0.000
0.303	0.000
0.313	0.000
0.323	0.000
0.333	0.000
0.343	0.000
0.353	0.000
0.363	0.000
0.373	0.000
0.383	0.000
0.393	0.000
0.403	0.000
0.413	0.000
0.423	0.000
0.433	0.000
0.443	0.000
0.453	0.000
0.463	0.000
0.473	0.000
0.483	0.000
0.493	0.000
0.503	0.000
0.513	0.000
0.523	0.000
0.533	0.000
0.543	0.000
0.553	0.000
0.563	0.000
0.573	0.000
0.583	0.000
0.593	0.000
0.603	0.000
0.613	0.000
0.623	0.000
0.633	0.000
0.643	0.000
0.653	0.000
0.663	0.000
0.673	0.000
0.683	0.000
0.693	0.000
0.703	0.000
0.713	0.000
0.723	0.000
0.733	0.000
0.743	0.000
0.753	0.000
0.763	0.000
0.773	0.000
0.783	0.000
0.793	0.000
0.803	0.000
0.813	0.000
0.823	0.000
0.833	0.000
0.843	0.000
0.853	0.000
0.863	0.000
0.873	0.000
0.883	0.000
0.893	0.000
0.903	0.000
0.913	0.000
0.923	0.000
0.933	0.000
0.943	0.000
0.953	0.000
0.963	0.000
0.973	0.000
0.983	0.000
0.993	0.000
1.003	0.000
1.013	0.000
1.023	0.000
1.033	0.000
1.043	0.000
1.053	0.000
1.063	0.000
1.073	0.000
1.083	0.000
1.093	0.000
1.103	0.000
1.113	0.000
1.123	0.000
1.133	0.000
1.143	0.000
1.153	0.000
1.163	0.000
1.173	0.000
1.183	0.000
1.193	0.000
1.203	0.000
1.213	0.000
1.223	0.000
1.233	0.000
1.243	0.000
1.253	0.000
1.263	0.000
1.273	0.000
1.283	0.000
1.293	0.000
1.303	0.000
1.313	0.000
1.323	0.000
1.333	0.000
1.343	0.000
1.353	0.000
1.363	0.000
1.373	0.000
1.383	0.000
1.393	0.000
1.403	0.000
1.413	0.000
1.423	0.000
1.433	0.000
1.443	0.000
1.453	0.000
1.463	0.000
1.473	0.000
1.483	0.000
1.493	0.000
1.503	0.000
1.513	0.000
1.523	0.000
1.533	0.000
1.543	0.000
1.553	0.000
1.563	0.000
1.573	0.000
1.583	0.000
1.593	0.000
1.603	0.000
1.613	0.000
1.623	0.000
1.633	0.000
1.643	0.000
1.653	0.000
1.663	0.000
1.673	0.000
1.683	0.000
1.693	0.000
1.703	0.000
1.713	0.000
1.723	0.000
1.733	0.000
1.743	0.000
1.753	0.000
1.763	0.000
1.773	0.000
1.783	0.000
1.793	0.000
1.803	0.000
1.813	0.000
1.823	0.000
1.833	0.000
1.843	0.000
1.853	0.000
1.863	0.000
1.873	0.000
1.883	0.000
1.893	0.000
1.903	0.000
1.913	0.000
1.923	0.000
1.933	0.000
1.943	0.000
1.953	0.000
1.963	0.000
1.973	0.000
1.983	0.000
1.993	0.000
2.003	0.000
2.013	0.000
2.023	0.000
2.033	0.000
2.043	0.000
2.053	0.000
2.063	0.000
2.073	0.000
2.083	0.000
2.093	0.000
2.103	0.000
2.113	0.000
2.123	0.000
2.133	0.000
2.143	0.000
2.153	0.000
2.163	0.000
2.173	0.000
2.183	0.000
2.193	0.000
2.203	0.000
2.213	0.000
2.223	0.000
2.233	0.000
2.243	0.000
2.253	0.000
2.263	0.000
2.273	0.000
2.283	0.000
2.293	0.000
2.303	0.000
2.313	0.000
2.323	0.000
2.333	0.000
2.343	0.000
2.353	0.000
2.363	0.000
2.373	0.000
2.383	0.000
2.393	0.000
2.403	0.000
2.413	0.000
2.423	0.000
2.433	0.000
2.443	0.000
2.453	0.000
2.463	0.000
2.473	0.000
2.483	0.000
2.493	0.000
2.503	0.000
2.513	0.000
2.523	0.000
2.533	0.000
2.543	0.000
2.553	0.000
2.563	0.000
2.573	0.000
2.583	0.000
2.593	0.000
2.603	0.000
2.613	0.000
2.623	0.000
2.633	0.000
2.643	0.000
2.653	0.000
2.663	0.000
2.673	0.000
2.683	0.000
2.693	0.000
2.703	0.000
2.713	0.000
2.723	0.000
2.733	0.000
2.743	0.000
2.753	0.000
2.763	0.000
2.773	0.000
2.783	0.000
2.793	0.000
2.803	0.000
2.813	0.000
2.823	0.000
2.833	0.000
2.843	0.000
2.853	0.000
2.863	0.000
2.873	0.000
2.883	0.000
2.893	0.000
2.903	0.000
2.913	0.000
2.923	0.000
2.933	0.000
2.943	0.000
2.953	0.000
2.963	0.000
2.973	0.000
2.983	0.000
2.993	0.000
3.003	0.000
3.013	0.000
3.023	0.000
3.033	0.000
3.043	0.000
3.053	0.000
3.063	0.000
3.073	0.000
3.083	0.000
3.093	0.000
3.103	0.000
3.113	0.000
3.123	0.000
3.133	0.000
3.143	0.000
3.153	0.000
3.163	0.000
3.173	0.000
3.183	0.000
3.193	0.000
3.203	0.000
3.213	0.000
3.223	0.000
3.233	0.000
3.243	0.000
3.253	0.000
3.263	0.000
3.273	0.000
3.283	0.000
3.293	0.000
3.303	0.000
3.313	0.000
3.323	0.000
3.333	0.000
3.343	0.000
3.353	0.000
3.363	0.000
3.373	0.000
3.383	0.000
3.393	0.000
3.403	0.000
3.413	0.000
3.423	0.000
3.433	0.000
3.443	0.000
3.453	0.000
3.463	0.000
3.473	0.000
3.483	0.000
3.493	0.000
3.503	0.000
3.513	0.000
3.523	0.000
3.533	0.000
3.543	0.000
3.553	0.000
3.563	0.000
3.573	0.000
3.583	0.000
3.593	0.000
3.603	0.000
3.613	0.000
3.623	0.000
3.633	0.000
3.643	0.000
3.653	0.000
3.663	0.000
3.673	0.000
3.683	0.000
3.693	0.000
3.703	0.000
3.713	0.000
3.723	0.000
3.733	0.000
3.743	0.000
3.753	0.000
3.763	0.000
3.773	0.000
3.783	0.000
3.793	0.000
3.803	0.000
3.813	0.000
3.823	0.000
3.833	0.000
3.843	0.000
3.853	0.000
3.863	0.000
3.873	0.000
3.883	0.000
3.893	0.000
3.903	0.000
3.913	0.000
3.923	0.000
3.933	0.000
3.943	0.000
3.953	0.000
3.963	0.000
3.973	0.000
3.983	0.000
3.993	0.000
4.003	0.000
4.013	0.000
4.023	0.000
4.033	0.000
4.043	0.000
4.053	0.000
4.063	0.000
4.073	0.000
4.083	0.000
4.093	0.000
4.103	0.000
4.113	0.000
4.123	0.000
4.133	0.000
4.143	0.000
4.153	0.000
4.163	0.000
4.173	0.000
4.183	0.000
4.193	0.000
4.203	0.000
4.213	0.000
4.223	0.000
4.233	0.000
4.243	0.000
4.253	0.000
4.263	0.000
4.273	0.000
4.283	312.827
4.293	311.425
4.303	312.186
4.313	313.359
4.323	314.542
4.333	314.922
4.343	315.628
4.353	316.307
4.363	317.150
4.373	317.453
4.383	318.149
4.393	318.694
4.403	319.223
4.413	319.545
4.423	319.660
4.433	0.000
4.443	0.000
4.453	0.000
4.463	0.000
4.473	0.000
4.483	0.000
4.493	0.000
4.503	0.000
4.513	0.000
4.523	0.000
4.533	0.000
4.543	0.000
4.553	0.000
4.563	0.000
4.573	0.000
4.583	0.000
4.593	0.000
4.603	0.000
4.613	0.000
4.623	0.000
4.633	0.000
4.643	0.000
4.653	317.724
4.663	317.092
4.673	316.975
4.683	317.213
4.693	317.432
4.703	317.865
4.713	317.984
4.723	317.926
4.733	318.095
4.743	318.557
4.753	319.298
4.763	319.972
4.773	320.204
4.783	320.256
4.793	320.429
4.803	319.487
4.813	319.857
4.823	0.000
4.833	0.000
4.843	0.000
4.853	0.000
4.863	0.000
4.873	0.000
4.883	0.000
4.893	0.000
4.903	0.000
4.913	0.000
4.923	0.000
4.933	0.000
4.943	0.000
4.953	0.000
4.963	0.000
4.973	0.000
4.983	0.000
4.993	0.000
5.003	399.549
5.013	393.519
5.023	391.668
5.033	390.318
5.043	391.482
5.053	392.045
5.063	393.414
5.073	394.702
5.083	395.805
5.093	396.294
5.103	397.482
5.113	399.138
5.123	401.574
5.133	400.703
5.143	401.429
5.153	404.502
5.163	404.442
5.173	403.414
5.183	400.576
5.193	0.000
5.203	0.000
5.213	0.000
5.223	0.000
5.233	0.000
5.243	0.000
5.253	0.000
5.263	0.000
5.273	0.000
5.283	0.000
5.293	0.000
5.303	0.000
5.313	0.000
5.323	0.000
5.333	0.000
5.343	0.000
5.353	0.000
5.363	0.000
5.373	0.000
5.383	0.000
5.393	405.760
5.403	401.032
5.413	399.513
5.423	397.047
5.433	397.434
5.443	398.337
5.453	398.563
5.463	398.764
5.473	398.991
5.483	399.256
5.493	399.445
5.503	400.267
5.513	401.681
5.523	402.028
5.533	403.417
5.543	404.057
5.553	402.139
5.563	402.477
5.573	0.000
5.583	0.000
5.593	0.000
5.603	0.000
5.613	0.000
5.623	0.000
5.633	0.000
5.643	0.000
5.653	0.000
5.663	0.000
5.673	0.000
5.683	0.000
5.693	0.000
5.703	0.000
5.713	0.000
5.723	0.000
5.733	0.000
5.743	0.000
5.753	0.000
5.763	0.000
5.773	0.000
5.783	482.849
5.793	480.672
5.803	474.960
5.813	473.466
5.823	473.390
5.833	474.568
5.843	475.836
5.853	476.094
5.863	476.257
5.873	476.386
5.883	476.494
5.893	477.643
5.903	478.855
5.913	479.758
5.923	479.625
5.933	483.795
5.943	0.000
5.953	0.000
5.963	0.000
5.973	0.000
5.983	0.000
5.993	0.000
6.003	0.000
6.013	0.000
6.023	0.000
6.033	0.000
6.043	0.000
6.053	0.000
6.063	0.000
6.073	0.000
6.083	0.000
6.093	0.000
6.103	0.000
6.113	0.000
6.123	0.000
6.133	0.000
6.143	0.000
6.153	0.000
6.163	471.530
6.173	470.856
6.183	468.532
6.193	468.508
6.203	470.514
6.213	471.704
6.223	473.579
6.233	474.284
6.243	474.456
6.253	475.006
6.263	475.432
6.273	475.798
6.283	476.025
6.293	476.722
6.303	478.181
6.313	480.935
6.323	480.296
6.333	479.175
6.343	0.000
6.353	0.000
6.363	0.000
6.373	0.000
6.383	0.000
6.393	0.000
6.403	0.000
6.413	0.000
6.423	0.000
6.433	0.000
6.443	0.000
6.453	0.000
6.463	0.000
6.473	0.000
6.483	0.000
6.493	0.000
6.503	0.000
6.513	0.000
6.523	0.000
6.533	380.484
6.543	385.668
6.553	384.718
6.563	384.746
6.573	384.917
6.583	389.597
6.593	391.861
6.603	392.837
6.613	394.588
6.623	396.102
6.633	397.206
6.643	397.519
6.653	398.044
6.663	398.125
6.673	398.025
6.683	398.071
6.693	398.000
6.703	397.917
6.713	397.797
6.723	397.553
6.733	397.116
6.743	396.835
6.753	396.727
6.763	396.493
6.773	396.583
6.783	396.629
6.793	396.448
6.803	396.348
6.813	396.318
6.823	396.186
6.833	396.073
6.843	395.945
6.853	395.998
6.863	396.138
6.873	396.518
6.883	397.007
6.893	397.172
6.903	397.677
6.913	398.041
6.923	397.929
6.933	397.746
6.943	397.267
6.953	396.594
6.963	396.357
6.973	395.828
6.983	395.378
6.993	395.047
7.003	394.925
7.013	394.899
7.023	395.015
7.033	395.531
7.043	395.827
7.053	396.354
7.063	396.776
7.073	397.019
7.083	397.397
7.093	397.750
7.103	397.961
7.113	398.066
7.123	397.995
7.133	397.589
7.143	397.529
7.153	397.448
7.163	397.678
7.173	398.927
7.183	399.979
7.193	401.952
7.203	399.805
7.213	399.241
7.223	400.241
7.233	399.785
7.243	402.799
7.253	0.000
7.263	0.000
7.273	0.000
7.283	0.000
7.293	0.000
7.303	0.000
7.313	0.000
7.323	0.000
7.333	418.877
7.343	428.215
7.353	416.961
7.363	416.653
7.373	416.733
7.383	419.114
7.393	419.840
7.403	419.844
7.413	419.684
7.423	419.244
7.433	419.105
7.443	418.958
7.453	419.625
7.463	421.526
7.473	422.542
7.483	423.245
7.493	423.408
7.503	422.320
7.513	421.722
7.523	422.939
7.533	422.884
7.543	423.229
7.553	424.290
7.563	423.639
7.573	0.000
7.583	0.000
7.593	0.000
7.603	0.000
7.613	0.000
7.623	0.000
7.633	0.000
7.643	0.000
7.653	0.000
7.663	0.000
7.673	0.000
7.683	0.000
7.693	0.000
7.703	416.497
7.713	413.149
7.723	411.726
7.733	411.955
7.743	413.043
7.753	415.308
7.763	416.468
7.773	419.496
7.783	419.871
7.793	420.119
7.803	420.391
7.813	420.284
7.823	420.821
7.833	421.376
7.843	422.345
7.853	423.803
7.863	423.691
7.873	422.665
7.883	421.932
7.893	424.239
7.903	423.552
7.913	428.041
7.923	0.000
7.933	0.000
7.943	0.000
7.953	0.000
7.963	0.000
7.973	0.000
7.983	0.000
7.993	0.000
8.003	0.000
8.013	0.000
8.023	0.000
8.033	0.000
8.043	0.000
8.053	0.000
8.063	347.883
8.073	344.325
8.083	343.912
8.093	343.326
8.103	344.298
8.113	346.260
8.123	347.427
8.133	349.860
8.143	351.975
8.153	352.659
8.163	353.456
8.173	353.785
8.183	353.893
8.193	354.001
8.203	352.824
8.213	352.837
8.223	355.380
8.233	0.000
8.243	0.000
8.253	0.000
8.263	0.000
8.273	0.000
8.283	0.000
8.293	0.000
8.303	0.000
8.313	0.000
8.323	0.000
8.333	0.000
8.343	0.000
8.353	0.000
8.363	0.000
8.373	0.000
8.383	0.000
8.393	0.000
8.403	0.000
8.413	0.000
8.423	0.000
8.433	355.902
8.443	350.350
8.453	347.592
8.463	347.263
8.473	348.088
8.483	348.859
8.493	350.134
8.503	351.654
8.513	352.191
8.523	352.611
8.533	352.807
8.543	353.107
8.553	353.304
8.563	353.631
8.573	354.281
8.583	355.292
8.593	354.459
8.603	354.579
8.613	353.524
8.623	0.000
8.633	0.000
8.643	0.000
8.653	0.000
8.663	0.000
8.673	0.000
8.683	0.000
8.693	0.000
8.703	0.000
8.713	0.000
8.723	0.000
8.733	0.000
8.743	0.000
8.753	0.000
8.763	0.000
8.773	0.000
8.783	0.000
8.793	0.000
8.803	0.000
8.813	0.000
8.823	314.882
8.833	302.568
8.843	299.578
8.853	297.062
8.863	296.793
8.873	297.143
8.883	297.411
8.893	297.850
8.903	297.661
8.913	297.381
8.923	297.101
8.933	297.232
8.943	297.858
8.953	298.500
8.963	298.514
8.973	297.974
8.983	298.253
8.993	0.000
9.003	0.000
9.013	0.000
9.023	0.000
9.033	0.000
9.043	0.000
9.053	0.000
9.063	0.000
9.073	0.000
9.083	0.000
9.093	0.000
9.103	0.000
9.113	0.000
9.123	0.000
9.133	0.000
9.143	0.000
9.153	0.000
9.163	0.000
9.173	0.000
9.183	0.000
9.193	287.337
9.203	287.399
9.213	288.572
9.223	290.519
9.233	292.250
9.243	293.162
9.253	294.640
9.263	295.790
9.273	296.326
9.283	296.810
9.293	296.860
9.303	296.849
9.313	296.858
9.323	296.968
9.333	297.560
9.343	298.524
9.353	297.840
9.363	297.497
9.373	0.000
9.383	0.000
9.393	0.000
9.403	0.000
9.413	0.000
9.423	0.000
9.433	0.000
9.443	0.000
9.453	0.000
9.463	0.000
9.473	0.000
9.483	0.000
9.493	0.000
9.503	0.000
9.513	0.000
9.523	0.000
9.533	0.000
9.543	0.000
9.553	224.776
9.563	224.564
9.573	225.498
9.583	226.805
9.593	230.148
9.603	231.640
9.613	233.612
9.623	234.483
9.633	234.647
9.643	234.801
9.653	234.674
9.663	234.491
9.673	234.426
9.683	234.418
9.693	234.517
9.703	234.519
9.713	234.340
9.723	234.086
9.733	233.852
9.743	233.779
9.753	233.702
9.763	233.690
9.773	233.755
9.783	233.711
9.793	233.649
9.803	233.556
9.813	233.509
9.823	233.368
9.833	233.212
9.843	233.015
9.853	232.930
9.863	232.750
9.873	232.585
9.883	232.492
9.893	232.500
9.903	232.616
9.913	232.850
9.923	233.047
9.933	233.735
9.943	234.717
9.953	235.423
9.963	235.832
9.973	236.442
9.983	236.857
9.993	236.778
10.003	236.408
10.013	235.903
10.023	0.000
10.033	0.000
10.043	0.000
10.053	0.000
10.063	0.000
10.073	0.000
10.083	0.000
10.093	0.000
10.103	0.000
10.113	0.000
10.123	0.000
10.133	0.000
10.143	0.000
10.153	0.000
10.163	0.000
10.173	0.000
10.183	0.000
10.193	0.000
10.203	0.000
10.213	0.000
10.223	0.000
10.233	0.000
10.243	0.000
10.253	0.000
10.263	0.000
10.273	0.000
10.283	0.000
10.293	0.000
10.303	0.000
10.313	0.000
10.323	0.000
10.333	0.000
10.343	313.910
10.353	313.510
10.363	312.714
10.373	312.277
10.383	312.447
10.393	312.605
10.403	313.377
10.413	314.358
10.423	314.780
10.433	315.051
10.443	315.568
10.453	315.758
10.463	316.007
10.473	316.572
10.483	0.000
10.493	0.000
10.503	0.000
10.513	0.000
10.523	0.000
10.533	0.000
10.543	0.000
10.553	0.000
10.563	0.000
10.573	0.000
10.583	0.000
10.593	0.000
10.603	0.000
10.613	0.000
10.623	0.000
10.633	0.000
10.643	0.000
10.653	0.000
10.663	0.000
10.673	0.000
10.683	0.000
10.693	0.000
10.703	305.904
10.713	306.209
10.723	307.120
10.733	308.890
10.743	311.569
10.753	312.999
10.763	314.680
10.773	315.099
10.783	314.877
10.793	314.684
10.803	314.652
10.813	314.600
10.823	314.524
10.833	314.639
10.843	315.238
10.853	316.277
10.863	316.592
10.873	316.906
10.883	317.580
10.893	317.610
10.903	0.000
10.913	0.000
10.923	0.000
10.933	0.000
10.943	0.000
10.953	0.000
10.963	0.000
10.973	0.000
10.983	0.000
10.993	0.000
11.003	0.000
11.013	0.000
11.023	0.000
11.033	0.000
11.043	0.000
11.053	395.724
11.063	388.888
11.073	387.376
11.083	387.523
11.093	389.514
11.103	390.346
11.113	390.764
11.123	392.487
11.133	394.368
11.143	395.986
11.153	396.579
11.163	397.515
11.173	398.746
11.183	399.378
11.193	399.815
11.203	399.456
11.213	398.191
11.223	400.263
11.233	401.938
11.243	400.371
11.253	402.343
11.263	0.000
11.273	0.000
11.283	0.000
11.293	0.000
11.303	0.000
11.313	0.000
11.323	0.000
11.333	0.000
11.343	0.000
11.353	0.000
11.363	0.000
11.373	0.000
11.383	0.000
11.393	0.000
11.403	0.000
11.413	398.689
11.423	393.782
11.433	391.986
11.443	391.225
11.453	393.119
11.463	394.472
11.473	395.290
11.483	396.816
11.493	397.863
11.503	398.654
11.513	398.935
11.523	399.545
11.533	400.379
11.543	401.020
11.553	402.053
11.563	401.386
11.573	399.606
11.583	400.162
11.593	400.515
11.603	404.258
11.613	0.000
11.623	0.000
11.633	0.000
11.643	0.000
11.653	0.000
11.663	0.000
11.673	0.000
11.683	0.000
11.693	0.000
11.703	0.000
11.713	0.000
11.723	0.000
11.733	0.000
11.743	0.000
11.753	0.000
11.763	468.249
11.773	474.324
11.783	469.880
11.793	468.472
11.803	468.604
11.813	469.746
11.823	470.611
11.833	471.032
11.843	471.804
11.853	472.852
11.863	473.766
11.873	474.250
11.883	475.934
11.893	477.624
11.903	478.478
11.913	475.961
11.923	475.530
11.933	477.055
11.943	475.916
11.953	0.000
11.963	0.000
11.973	0.000
11.983	0.000
11.993	0.000
12.003	0.000
12.013	0.000
12.023	0.000
12.033	0.000
12.043	0.000
12.053	0.000
12.063	0.000
12.073	0.000
12.083	0.000
12.093	0.000
12.103	0.000
12.113	472.605
12.123	470.838
12.133	466.660
12.143	466.481
12.153	467.697
12.163	468.234
12.173	468.824
12.183	468.835
12.193	468.758
12.203	468.873
12.213	469.965
12.223	471.660
12.233	472.623
12.243	474.017
12.253	474.742
12.263	474.256
12.273	472.906
12.283	474.515
12.293	473.533
12.303	472.988
12.313	473.092
12.323	0.000
12.333	0.000
12.343	0.000
12.353	0.000
12.363	0.000
12.373	0.000
12.383	0.000
12.393	0.000
12.403	0.000
12.413	0.000
12.423	0.000
12.433	0.000
12.443	382.403
12.453	393.060
12.463	386.441
12.473	385.237
12.483	386.888
12.493	388.607
12.503	390.406
12.513	392.546
12.523	393.050
12.533	393.778
12.543	393.954
12.553	394.062
12.563	394.540
12.573	394.937
12.583	394.826
12.593	394.402
12.603	393.778
12.613	393.177
12.623	392.683
12.633	392.490
12.643	392.378
12.653	392.254
12.663	392.192
12.673	391.974
12.683	391.904
12.693	392.089
12.703	392.100
12.713	392.198
12.723	392.593
12.733	392.787
12.743	393.088
12.753	393.262
12.763	393.601
12.773	393.683
12.783	393.950
12.793	394.059
12.803	394.301
12.813	394.342
12.823	394.402
12.833	394.270
12.843	394.297
12.853	394.519
12.863	394.594
12.873	394.376
12.883	394.371
12.893	394.377
12.903	394.375
12.913	394.304
12.923	394.132
12.933	394.223
12.943	394.592
12.953	394.861
12.963	395.091
12.973	395.384
12.983	396.009
12.993	396.276
13.003	396.967
13.013	397.846
13.023	398.578
13.033	400.433
13.043	402.571
13.053	403.287
13.063	403.037
13.073	401.859
13.083	401.668
13.093	401.112
13.103	0.000
13.113	0.000
13.123	0.000
13.133	0.000
13.143	0.000
13.153	0.000
13.163	0.000
13.173	0.000
13.183	0.000
13.193	0.000
13.203	0.000
13.213	0.000
13.223	0.000
13.233	721.877
13.243	725.977
13.253	725.731
13.263	726.503
13.273	725.937
13.283	725.125
13.293	721.204
13.303	693.926
13.313	652.348
13.323	629.670
13.333	628.077
13.343	628.886
13.353	628.334
13.363	630.247
13.373	632.259
13.383	632.441
13.393	633.842
13.403	634.760
13.413	635.057
13.423	636.234
13.433	637.560
13.443	639.885
13.453	644.285
13.463	0.000
13.473	0.000
13.483	0.000
13.493	0.000
13.503	0.000
13.513	0.000
13.523	0.000
13.533	0.000
13.543	0.000
13.553	0.000
13.563	0.000
13.573	0.000
13.583	0.000
13.593	0.000
13.603	658.576
13.613	629.649
13.623	623.329
13.633	626.388
13.643	626.554
13.653	628.309
13.663	629.279
13.673	630.516
13.683	630.966
13.693	631.140
13.703	631.062
13.713	631.298
13.723	631.467
13.733	631.743
13.743	631.882
13.753	632.223
13.763	632.586
13.773	633.300
13.783	633.440
13.793	634.550
13.803	635.045
13.813	635.228
13.823	635.468
13.833	636.257
13.843	632.773
13.853	629.775
13.863	0.000
13.873	0.000
13.883	0.000
13.893	0.000
13.903	0.000
13.913	0.000
13.923	0.000
13.933	0.000
13.943	0.000
13.953	0.000
13.963	0.000
13.973	415.996
13.983	415.479
13.993	416.586
14.003	418.818
14.013	424.922
14.023	430.648
14.033	432.533
14.043	435.345
14.053	437.531
14.063	439.171
14.073	439.826
14.083	440.753
14.093	441.656
14.103	441.927
14.113	442.457
14.123	444.023
14.133	447.150
14.143	447.066
14.153	447.299
14.163	445.613
14.173	446.347
14.183	447.181
14.193	449.452
14.203	0.000
14.213	0.000
14.223	0.000
14.233	0.000
14.243	0.000
14.253	0.000
14.263	0.000
14.273	0.000
14.283	0.000
14.293	0.000
14.303	0.000
14.313	0.000
14.323	0.000
14.333	432.472
14.343	431.499
14.353	430.560
14.363	430.688
14.373	432.062
14.383	433.310
14.393	434.128
14.403	435.797
14.413	437.583
14.423	439.229
14.433	439.908
14.443	440.770
14.453	441.047
14.463	441.186
14.473	441.488
14.483	441.940
14.493	442.587
14.503	443.027
14.513	444.508
14.523	446.626
14.533	446.288
14.543	445.716
14.553	445.862
14.563	444.863
14.573	445.555
14.583	444.971
14.593	0.000
14.603	0.000
14.613	0.000
14.623	0.000
14.633	0.000
14.643	0.000
14.653	0.000
14.663	0.000
14.673	0.000
14.683	0.000
14.693	0.000
14.703	0.000
14.713	0.000
14.723	464.106
14.733	456.872
14.743	457.927
14.753	459.555
14.763	463.445
14.773	467.133
14.783	469.117
14.793	469.754
14.803	470.228
14.813	470.080
14.823	469.925
14.833	469.660
14.843	469.359
14.853	469.289
14.863	469.309
14.873	469.135
14.883	468.869
14.893	468.723
14.903	468.575
14.913	468.503
14.923	468.438
14.933	468.382
14.943	468.108
14.953	468.049
14.963	468.205
14.973	468.293
14.983	468.450
14.993	468.248
15.003	468.021
15.013	467.875
15.023	467.744
15.033	467.660
15.043	467.648
15.053	467.638
15.063	467.463
15.073	467.049
15.083	466.874
15.093	466.720
15.103	466.614
15.113	466.587
15.123	466.348
15.133	466.134
15.143	466.073
15.153	466.125
15.163	466.014
15.173	465.721
15.183	465.830
15.193	465.816
15.203	465.865
15.213	465.993
15.223	465.894
15.233	465.662
15.243	465.289
15.253	465.018
15.263	465.004
15.273	465.735
15.283	466.334
15.293	466.587
15.303	466.419
15.313	465.687
15.323	464.936
15.333	464.586
15.343	461.796
15.353	454.457
15.363	441.920
15.373	418.831
15.383	0.000
15.393	0.000
15.403	0.000
15.413	0.000
15.423	0.000
15.433	0.000
15.443	0.000
15.453	0.000
15.463	0.000
15.473	230.627
15.483	230.088
15.493	228.479
15.503	226.965
15.513	226.425
15.523	225.208
15.533	224.707
15.543	224.762
15.553	225.010
15.563	225.532
15.573	226.358
15.583	227.027
15.593	228.280
15.603	229.132
15.613	230.353
15.623	230.757
15.633	231.091
15.643	231.020
15.653	231.045
15.663	231.159
15.673	231.412
15.683	231.735
15.693	231.826
15.703	231.557
15.713	231.103
15.723	230.527
15.733	230.756
15.743	232.143
15.753	234.624
15.763	235.460
15.773	236.572
15.783	236.526
15.793	0.000
15.803	0.000
15.813	0.000
15.823	0.000
15.833	0.000
15.843	0.000
15.853	0.000
15.863	0.000
15.873	0.000
15.883	0.000
15.893	0.000
15.903	0.000
15.913	0.000
15.923	0.000
15.933	0.000
15.943	0.000
15.953	0.000
15.963	0.000
15.973	0.000
15.983	0.000
15.993	0.000
16.003	0.000
16.013	0.000
16.023	0.000
16.033	0.000
16.043	0.000
16.053	0.000
16.063	0.000
16.073	0.000
16.083	0.000
16.093	0.000
16.103	0.000
16.113	0.000
16.123	0.000
16.133	0.000
16.143	0.000
16.153	0.000
16.163	0.000
16.173	0.000
16.183	0.000
16.193	0.000
16.203	0.000
16.213	0.000
16.223	0.000
16.233	0.000
16.243	0.000
16.253	0.000
16.263	0.000
16.273	0.000
16.283	0.000
16.293	391.792
16.303	390.222
16.313	388.831
16.323	388.507
16.333	389.079
16.343	388.677
16.353	388.544
16.363	389.603
16.373	391.048
16.383	390.629
16.393	389.363
16.403	390.831
16.413	389.874
16.423	391.168
16.433	391.485
16.443	391.355
16.453	391.177
16.463	391.587
16.473	391.126
16.483	391.519
16.493	392.312
16.503	396.770
16.513	0.000
16.523	0.000
16.533	0.000
16.543	0.000
16.553	0.000
16.563	0.000
16.573	0.000
16.583	0.000
16.593	0.000
16.603	0.000
16.613	0.000
16.623	0.000
16.633	0.000
16.643	0.000
16.653	0.000
16.663	0.000
16.673	0.000
16.683	0.000
16.693	0.000
16.703	0.000
16.713	0.000
16.723	0.000
16.733	0.000
16.743	0.000
16.753	0.000
16.763	0.000
16.773	0.000
16.783	0.000
16.793	0.000
16.803	0.000
16.813	0.000
16.823	0.000
16.833	0.000
16.843	0.000
16.853	0.000
16.863	0.000
16.873	0.000
16.883	0.000
16.893	0.000
16.903	0.000
16.913	0.000
16.923	0.000
16.933	0.000
16.943	0.000
16.953	0.000
16.963	0.000
16.973	0.000
16.983	0.000
16.993	0.000
17.003	0.000
17.013	0.000
17.023	0.000
17.033	0.000
17.043	0.000
17.053	0.000
17.063	0.000
17.073	0.000
17.083	0.000
17.093	0.000
17.103	0.000
17.113	0.000
17.123	0.000
17.133	0.000
17.143	0.000
17.153	0.000
17.163	0.000
17.173	0.000
17.183	0.000
17.193	0.000
17.203	0.000
17.213	0.000
17.223	0.000
17.233	0.000
17.243	0.000
17.253	0.000
17.263	0.000
17.273	0.000
17.283	0.000
17.293	0.000
17.303	0.000
17.313	0.000
17.323	0.000
17.333	0.000
17.343	0.000
17.353	0.000
17.363	0.000
17.373	0.000
17.383	0.000
17.393	0.000
17.403	0.000
17.413	0.000
17.423	0.000
17.433	0.000
17.443	0.000
17.453	0.000
17.463	0.000
17.473	0.000
17.483	0.000
17.493	0.000
17.503	0.000
17.513	0.000
17.523	0.000
17.533	0.000
17.543	0.000
17.553	0.000
17.563	0.000
17.573	0.000
17.583	0.000
17.593	0.000
17.603	0.000
17.613	0.000
17.623	0.000
17.633	0.000
17.643	0.000
17.653	0.000
17.663	0.000
17.673	0.000
17.683	0.000
17.693	0.000
17.703	0.000
17.713	0.000
17.723	0.000
17.733	0.000
17.743	0.000
17.753	0.000
17.763	0.000
17.773	0.000
17.783	0.000
17.793	0.000
17.803	0.000
17.813	0.000
17.823	0.000
17.833	0.000
17.843	0.000
17.853	0.000
17.863	0.000
17.873	0.000
17.883	0.000
17.893	0.000
17.903	388.625
17.913	388.853
17.923	388.551
17.933	388.533
17.943	389.104
17.953	391.019
17.963	392.190
17.973	394.673
17.983	396.351
17.993	397.095
18.003	397.141
18.013	397.320
18.023	397.244
18.033	397.229
18.043	397.486
18.053	397.619
18.063	397.690
18.073	397.439
18.083	397.170
18.093	396.991
18.103	397.371
18.113	397.646
18.123	397.775
18.133	397.581
18.143	397.610
18.153	397.727
18.163	0.000
18.173	0.000
18.183	0.000
18.193	0.000
18.203	0.000
18.213	0.000
18.223	0.000
18.233	0.000
18.243	0.000
18.253	0.000
18.263	0.000
18.273	0.000
18.283	0.000
18.293	0.000
18.303	0.000
18.313	0.000
18.323	0.000
18.333	0.000
18.343	0.000
18.353	0.000
18.363	0.000
18.373	0.000
18.383	0.000
18.393	0.000
18.403	0.000
18.413	0.000
18.423	0.000
18.433	0.000
18.443	0.000
18.453	0.000
18.463	0.000
18.473	0.000
18.483	0.000
18.493	0.000
18.503	0.000
18.513	0.000
18.523	0.000
18.533	0.000
18.543	0.000
18.553	0.000
18.563	0.000
18.573	0.000
18.583	0.000
18.593	0.000
18.603	0.000
18.613	0.000
18.623	0.000
18.633	0.000
18.643	0.000
18.653	0.000
18.663	0.000
18.673	0.000
18.683	0.000
18.693	0.000
18.703	0.000
18.713	0.000
18.723	0.000
18.733	0.000
18.743	0.000
18.753	0.000
18.763	0.000
18.773	0.000
18.783	0.000
18.793	0.000
18.803	0.000
18.813	0.000
18.823	0.000
18.833	0.000
18.843	0.000
18.853	0.000
18.863	0.000
18.873	0.000
18.883	0.000
18.893	0.000
18.903	0.000
18.913	0.000
18.923	0.000
18.933	0.000
18.943	0.000
18.953	0.000
18.963	0.000
18.973	0.000
18.983	0.000
18.993	0.000
19.003	0.000
19.013	0.000
19.023	0.000
19.033	0.000
19.043	0.000
19.053	0.000
19.063	0.000
19.073	0.000
19.083	0.000
19.093	0.000
19.103	0.000
19.113	0.000
19.123	0.000
19.133	0.000
19.143	0.000
19.153	0.000
19.163	0.000
19.173	0.000
19.183	0.000
19.193	0.000
19.203	0.000
19.213	0.000
19.223	0.000
19.233	0.000
19.243	0.000
19.253	0.000
19.263	0.000
19.273	0.000
19.283	0.000
19.293	0.000
19.303	0.000
19.313	0.000
19.323	0.000
19.333	0.000
19.343	0.000
19.353	0.000
19.363	0.000
19.373	0.000
19.383	0.000
19.393	0.000
19.403	0.000
19.413	0.000
19.423	0.000
19.433	0.000
19.443	0.000
19.453	0.000
19.463	0.000
19.473	254.282
19.483	253.763
19.493	253.324
19.503	253.704
19.513	254.082
19.523	255.028
19.533	255.763
19.543	255.731
19.553	255.819
19.563	256.330
19.573	257.326
19.583	257.240
19.593	257.119
19.603	257.733
19.613	257.816
19.623	257.512
19.633	258.305
19.643	258.695
19.653	259.358
19.663	259.438
19.673	261.430
19.683	263.495
19.693	0.000
19.703	0.000
19.713	0.000
19.723	0.000
19.733	0.000
19.743	0.000
19.753	0.000
19.763	0.000
19.773	0.000
19.783	0.000
19.793	0.000
19.803	0.000
19.813	0.000
19.823	0.000
19.833	0.000
19.843	0.000
19.853	0.000
19.863	0.000
19.873	0.000
19.883	0.000
19.893	0.000
19.903	0.000
19.913	0.000
19.923	0.000
19.933	0.000
19.943	0.000
19.953	0.000
19.963	0.000
19.973	0.000
19.983	0.000
19.993	0.000
20.003	0.000
20.013	0.000
20.023	0.000
20.033	0.000
20.043	0.000
20.053	0.000
20.063	0.000
20.073	0.000
20.083	0.000
20.093	0.000
20.103	0.000
20.113	0.000
20.123	0.000
20.133	0.000
20.143	0.000
20.153	0.000
20.163	0.000
20.173	0.000
20.183	0.000
20.193	0.000
20.203	0.000
20.213	0.000
20.223	0.000
20.233	0.000
20.243	0.000
20.253	0.000
20.263	0.000
20.273	0.000
20.283	0.000
20.293	0.000
20.303	0.000
20.313	0.000
20.323	0.000
20.333	0.000
20.343	0.000
20.353	0.000
20.363	0.000
20.373	0.000
20.383	0.000
20.393	0.000
20.403	0.000
20.413	0.000
20.423	0.000
20.433	0.000
20.443	0.000
20.453	0.000
20.463	0.000
20.473	0.000
20.483	0.000
20.493	0.000
20.503	0.000
20.513	0.000
20.523	0.000
20.533	0.000
20.543	0.000
20.553	0.000
20.563	0.000
20.573	0.000
20.583	0.000
20.593	0.000
20.603	0.000
20.613	0.000
20.623	0.000
20.633	0.000
20.643	0.000
20.653	0.000
20.663	0.000
20.673	0.000
20.683	0.000
20.693	0.000
20.703	0.000
20.713	0.000
20.723	0.000
20.733	0.000
20.743	0.000
20.753	0.000
20.763	0.000
20.773	0.000
20.783	0.000
20.793	0.000
20.803	0.000
20.813	0.000
20.823	0.000
20.833	0.000
20.843	0.000
20.853	0.000
20.863	0.000
20.873	0.000
20.883	0.000
20.893	0.000
20.903	0.000
20.913	348.581
20.923	346.844
20.933	344.467
20.943	345.695
20.953	346.714
20.963	349.034
20.973	351.672
20.983	352.994
20.993	353.472
21.003	354.020
21.013	354.849
21.023	355.314
21.033	355.133
21.043	355.734
21.053	355.761
21.063	355.957
21.073	355.403
21.083	355.400
21.093	355.006
21.103	355.171
21.113	355.348
21.123	355.898
21.133	356.158
21.143	356.311
21.153	356.325
21.163	356.368
21.173	354.786
21.183	0.000
21.193	0.000
21.203	0.000
21.213	0.000
21.223	0.000
21.233	0.000
21.243	0.000
21.253	0.000
21.263	0.000
21.273	0.000
21.283	0.000
21.293	0.000
21.303	0.000
21.313	0.000
21.323	0.000
21.333	0.000
21.343	0.000
21.353	0.000
21.363	0.000
21.373	0.000
21.383	0.000
21.393	0.000
21.403	0.000
21.413	0.000
21.423	0.000
21.433	0.000
21.443	0.000
21.453	0.000
21.463	0.000
21.473	0.000
21.483	0.000
21.493	0.000
21.503	0.000
21.513	0.000
21.523	0.000
21.533	0.000
21.543	0.000
21.553	0.000
21.563	0.000
21.573	0.000
21.583	0.000
21.593	0.000
21.603	0.000
21.613	0.000
21.623	0.000
21.633	0.000
21.643	0.000
21.653	0.000
21.663	0.000
21.673	0.000
21.683	0.000
21.693	0.000
21.703	0.000
21.713	0.000
21.723	0.000
21.733	0.000
21.743	0.000
21.753	0.000
21.763	0.000
21.773	0.000
21.783	0.000
21.793	0.000
21.803	0.000
21.813	0.000
21.823	0.000
21.833	0.000
21.843	0.000
21.853	0.000
21.863	0.000
21.873	0.000
21.883	0.000
21.893	0.000
21.903	0.000
21.913	0.000
21.923	0.000
21.933	0.000
21.943	0.000
21.953	0.000
21.963	0.000
21.973	0.000
21.983	0.000
21.993	0.000
22.003	0.000
22.013	0.000
22.023	0.000
22.033	0.000
22.043	0.000
22.053	0.000
22.063	0.000
22.073	0.000
22.083	0.000
22.093	0.000
22.103	0.000
22.113	0.000
22.123	0.000
22.133	0.000
22.143	0.000
22.153	0.000
22.163	0.000
22.173	0.000
22.183	0.000
22.193	0.000
22.203	0.000
22.213	0.000
22.223	0.000
22.233	0.000
22.243	0.000
22.253	0.000
22.263	0.000
22.273	0.000
22.283	0.000
22.293	0.000
22.303	0.000
22.313	0.000
22.323	0.000
22.333	0.000
22.343	0.000
22.353	0.000
22.363	0.000
22.373	0.000
22.383	0.000
22.393	0.000
22.403	0.000
22.413	0.000
22.423	0.000
22.433	0.000
22.443	0.000
22.453	385.132
22.463	386.428
22.473	386.610
22.483	386.390
22.493	387.135
22.503	387.355
22.513	387.928
22.523	388.417
22.533	390.198
22.543	391.271
22.553	394.871
22.563	395.699
22.573	397.045
22.583	396.654
22.593	395.939
22.603	395.568
22.613	395.415
22.623	395.335
22.633	395.114
22.643	395.942
22.653	396.655
22.663	397.300
22.673	398.130
22.683	398.812
22.693	398.571
22.703	397.947
22.713	0.000
22.723	0.000
22.733	0.000
22.743	0.000
22.753	0.000
22.763	0.000
22.773	0.000
22.783	0.000
22.793	0.000
22.803	0.000
22.813	0.000
22.823	0.000
22.833	0.000
22.843	0.000
22.853	0.000
22.863	0.000
22.873	0.000
22.883	0.000
22.893	0.000
22.903	0.000
22.913	0.000
22.923	0.000
22.933	0.000
22.943	0.000
22.953	0.000
22.963	0.000
22.973	0.000
22.983	0.000
22.993	0.000
23.003	0.000
23.013	0.000
23.023	0.000
23.033	0.000
23.043	0.000
23.053	0.000
23.063	0.000
23.073	0.000
23.083	0.000
23.093	0.000
23.103	0.000
23.113	0.000
23.123	0.000
23.133	0.000
23.143	0.000
23.153	0.000
23.163	0.000
23.173	0.000
23.183	0.000
23.193	0.000
23.203	0.000
23.213	0.000
23.223	0.000
23.233	0.000
23.243	0.000
23.253	0.000
23.263	0.000
23.273	0.000
23.283	0.000
23.293	0.000
23.303	0.000
23.313	0.000
23.323	0.000
23.333	0.000
23.343	0.000
23.353	0.000
23.363	0.000
23.373	0.000
23.383	0.000
23.393	0.000
23.403	0.000
23.413	0.000
23.423	0.000
23.433	0.000
23.443	0.000
23.453	0.000
23.463	0.000
23.473	0.000
23.483	0.000
23.493	0.000
23.503	0.000
23.513	0.000
23.523	0.000
23.533	0.000
23.543	0.000
23.553	0.000
23.563	0.000
23.573	0.000
23.583	0.000
23.593	0.000
23.603	0.000
23.613	0.000
23.623	0.000
23.633	0.000
23.643	0.000
23.653	0.000
23.663	0.000
23.673	0.000
23.683	0.000
23.693	0.000
23.703	0.000
23.713	0.000
23.723	0.000
23.733	0.000
23.743	0.000
23.753	0.000
23.763	0.000
23.773	0.000
23.783	0.000
23.793	0.000
23.803	0.000
23.813	0.000
23.823	0.000
23.833	0.000
23.843	0.000
23.853	0.000
23.863	0.000
23.873	0.000
23.883	0.000
23.893	389.832
23.903	389.335
23.913	389.336
23.923	389.033
23.933	388.909
23.943	390.333
23.953	391.185
23.963	392.274
23.973	395.416
23.983	396.599
23.993	397.930
24.003	397.673
24.013	397.766
24.023	398.148
24.033	398.486
24.043	398.478
24.053	398.588
24.063	398.646
24.073	399.235
24.083	398.934
24.093	398.814
24.103	398.803
24.113	399.502
24.123	399.918
24.133	400.410
24.143	400.188
24.153	399.522
24.163	399.152
24.173	398.515
24.183	0.000
24.193	0.000
24.203	0.000
24.213	0.000
24.223	0.000
24.233	0.000
24.243	0.000
24.253	0.000
24.263	0.000
24.273	0.000
24.283	0.000
24.293	0.000
24.303	0.000
24.313	0.000
24.323	0.000
24.333	0.000
24.343	0.000
24.353	0.000
24.363	0.000
24.373	0.000
24.383	0.000
24.393	0.000
24.403	0.000
24.413	0.000
24.423	0.000
24.433	0.000
24.443	0.000
24.453	0.000
24.463	0.000
24.473	0.000
24.483	0.000
24.493	0.000
24.503	0.000
24.513	0.000
24.523	0.000
24.533	0.000
24.543	0.000
24.553	0.000
24.563	0.000
24.573	0.000
24.583	0.000
24.593	0.000
24.603	0.000
24.613	0.000
24.623	0.000
24.633	0.000
24.643	0.000
24.653	0.000
24.663	0.000
24.673	0.000
24.683	0.000
24.693	0.000
24.703	0.000
24.713	0.000
24.723	0.000
24.733	0.000
24.743	0.000
24.753	0.000
24.763	0.000
24.773	0.000
24.783	0.000
24.793	0.000
24.803	0.000
24.813	0.000
24.823	0.000
24.833	0.000
24.843	0.000
24.853	0.000
24.863	0.000
24.873	0.000
24.883	0.000
24.893	0.000
24.903	0.000
24.913	0.000
24.923	0.000
24.933	0.000
24.943	0.000
24.953	0.000
24.963	0.000
24.973	0.000
24.983	0.000
24.993	0.000
25.003	0.000
25.013	0.000
25.023	0.000
25.033	0.000
25.043	0.000
25.053	0.000
25.063	0.000
25.073	0.000
25.083	0.000
25.093	0.000
25.103	0.000
25.113	0.000
25.123	0.000
25.133	0.000
25.143	0.000
25.153	0.000
25.163	0.000
25.173	0.000
25.183	0.000
25.193	0.000
25.203	0.000
25.213	0.000
25.223	0.000
25.233	0.000
25.243	0.000
25.253	0.000
25.263	0.000
25.273	0.000
25.283	0.000
25.293	0.000
25.303	0.000
25.313	0.000
25.323	0.000
25.333	0.000
25.343	0.000
25.353	0.000
25.363	0.000
25.373	0.000
25.383	0.000
25.393	0.000
25.403	0.000
25.413	0.000
25.423	0.000
25.433	0.000
25.443	392.664
25.453	390.409
25.463	388.465
25.473	387.892
25.483	390.020
25.493	391.758
25.503	392.285
25.513	393.356
25.523	394.124
25.533	394.418
25.543	395.028
25.553	395.817
25.563	396.775
25.573	397.144
25.583	398.043
25.593	398.669
25.603	399.324
25.613	399.514
25.623	400.159
25.633	401.458
25.643	402.350
25.653	403.726
25.663	404.710
25.673	406.730
25.683	405.279
25.693	405.847
25.703	0.000
25.713	0.000
25.723	0.000
25.733	0.000
25.743	0.000
25.753	0.000
25.763	0.000
25.773	0.000
25.783	0.000
25.793	0.000
25.803	0.000
25.813	0.000
25.823	0.000
25.833	0.000
25.843	0.000
25.853	0.000
25.863	0.000
25.873	0.000
25.883	0.000
25.893	0.000
25.903	0.000
25.913	0.000
25.923	0.000
25.933	0.000
25.943	0.000
25.953	0.000
25.963	0.000
25.973	0.000
25.983	0.000
25.993	0.000
26.003	0.000
26.013	0.000
26.023	0.000
26.033	0.000
26.043	0.000
26.053	0.000
26.063	0.000
26.073	0.000
26.083	0.000
26.093	0.000
26.103	0.000
26.113	0.000
26.123	0.000
26.133	0.000
26.143	0.000
26.153	0.000
26.163	0.000
26.173	353.267
26.183	350.109
26.193	345.330
26.203	346.070
26.213	347.854
26.223	348.660
26.233	350.367
26.243	351.949
26.253	352.581
26.263	353.374
26.273	353.629
26.283	353.719
26.293	353.818
26.303	353.839
26.313	353.759
26.323	353.787
26.333	353.806
26.343	353.893
26.353	353.994
26.363	354.020
26.373	354.413
26.383	355.035
26.393	355.961
26.403	356.327
26.413	356.681
26.423	356.720
26.433	0.000
26.443	0.000
26.453	0.000
26.463	0.000
26.473	0.000
26.483	0.000
26.493	0.000
26.503	0.000
26.513	0.000
26.523	0.000
26.533	0.000
26.543	0.000
26.553	0.000
26.563	0.000
26.573	0.000
26.583	0.000
26.593	0.000
26.603	0.000
26.613	0.000
26.623	0.000
26.633	0.000
26.643	0.000
26.653	0.000
26.663	0.000
26.673	0.000
26.683	0.000
26.693	0.000
26.703	0.000
26.713	0.000
26.723	0.000
26.733	0.000
26.743	0.000
26.753	0.000
26.763	0.000
26.773	0.000
26.783	0.000
26.793	0.000
26.803	0.000
26.813	0.000
26.823	0.000
26.833	0.000
26.843	0.000
26.853	0.000
26.863	0.000
26.873	0.000
26.883	0.000
26.893	0.000
26.903	0.000
26.913	0.000
26.923	0.000
26.933	0.000
26.943	302.616
26.953	298.610
26.963	296.218
26.973	296.321
26.983	296.719
26.993	297.474
27.003	297.947
27.013	298.189
27.023	298.831
27.033	299.750
27.043	300.127
27.053	300.155
27.063	299.888
27.073	299.627
27.083	299.455
27.093	299.237
27.103	298.853
27.113	298.410
27.123	298.536
27.133	298.995
27.143	299.842
27.153	300.115
27.163	300.096
27.173	0.000
27.183	0.000
27.193	0.000
27.203	0.000
27.213	0.000
27.223	0.000
27.233	0.000
27.243	0.000
27.253	0.000
27.263	0.000
27.273	0.000
27.283	0.000
27.293	0.000
27.303	0.000
27.313	0.000
27.323	0.000
27.333	0.000
27.343	0.000
27.353	0.000
27.363	0.000
27.373	0.000
27.383	0.000
27.393	0.000
27.403	0.000
27.413	0.000
27.423	0.000
27.433	0.000
27.443	0.000
27.453	0.000
27.463	0.000
27.473	0.000
27.483	0.000
27.493	0.000
27.503	0.000
27.513	0.000
27.523	0.000
27.533	0.000
27.543	0.000
27.553	0.000
27.563	0.000
27.573	0.000
27.583	0.000
27.593	0.000
27.603	0.000
27.613	0.000
27.623	0.000
27.633	0.000
27.643	0.000
27.653	0.000
27.663	0.000
27.673	0.000
27.683	0.000
27.693	0.000
27.703	287.225
27.713	288.352
27.723	292.453
27.733	294.266
27.743	296.840
27.753	298.058
27.763	298.035
27.773	297.720
27.783	297.220
27.793	297.235
27.803	297.356
27.813	297.467
27.823	298.058
27.833	298.564
27.843	298.641
27.853	298.575
27.863	298.406
27.873	298.173
27.883	298.199
27.893	298.265
27.903	298.161
27.913	298.009
27.923	297.840
27.933	297.681
27.943	297.719
27.953	297.855
27.963	297.913
27.973	297.979
27.983	297.926
27.993	297.836
28.003	297.952
28.013	297.924
28.023	297.885
28.033	297.771
28.043	298.077
28.053	298.340
28.063	298.340
28.073	298.238
28.083	298.210
28.093	298.062
28.103	297.796
28.113	297.673
28.123	297.557
28.133	297.459
28.143	297.296
28.153	297.182
28.163	297.519
28.173	297.941
28.183	298.722
28.193	299.320
28.203	299.639
28.213	300.324
28.223	300.799
28.233	301.212
28.243	301.374
28.253	301.684
28.263	302.215
28.273	302.937
28.283	302.869
28.293	0.000
28.303	0.000
28.313	0.000
28.323	0.000
28.333	0.000
28.343	0.000
28.353	0.000
28.363	0.000
28.373	0.000
28.383	0.000
28.393	0.000
28.403	0.000
28.413	0.000
28.423	0.000
28.433	0.000
28.443	0.000
28.453	0.000
28.463	0.000
28.473	0.000
28.483	0.000
28.493	0.000
28.503	0.000
28.513	0.000
28.523	0.000
28.533	0.000
28.543	0.000
28.553	0.000
28.563	0.000
28.573	369.585
28.583	367.696
28.593	364.966
28.603	363.491
28.613	360.742
28.623	358.607
28.633	358.151
28.643	357.825
28.653	358.034
28.663	358.176
28.673	357.934
28.683	357.071
28.693	356.168
28.703	355.640
28.713	355.398
28.723	355.094
28.733	354.851
28.743	354.793
28.753	354.232
28.763	352.949
28.773	350.689
28.783	349.005
28.793	344.809
28.803	341.656
28.813	339.531
28.823	0.000
28.833	0.000
28.843	0.000
28.853	0.000
28.863	0.000
28.873	0.000
28.883	0.000
28.893	0.000
28.903	0.000
28.913	231.739
28.923	231.685
28.933	227.926
28.943	225.327
28.953	224.559
28.963	224.393
28.973	225.467
28.983	227.221
28.993	228.116
29.003	229.874
29.013	231.889
29.023	233.569
29.033	234.044
29.043	234.293
29.053	234.208
29.063	234.165
29.073	234.203
29.083	234.260
29.093	234.183
29.103	234.300
29.113	234.788
29.123	235.748
29.133	236.482
29.143	236.513
29.153	0.000
29.163	0.000
29.173	0.000
29.183	0.000
29.193	0.000
29.203	0.000
29.213	0.000
29.223	0.000
29.233	0.000
29.243	0.000
29.253	0.000
29.263	0.000
29.273	0.000
29.283	0.000
29.293	0.000
29.303	0.000
29.313	0.000
29.323	0.000
29.333	0.000
29.343	309.590
29.353	309.856
29.363	310.409
29.373	311.699
29.383	312.776
29.393	313.226
29.403	314.111
29.413	314.487
29.423	314.453
29.433	314.409
29.443	314.344
29.453	314.194
29.463	314.042
29.473	313.586
29.483	313.010
29.493	312.680
29.503	312.630
29.513	312.470
29.523	312.222
29.533	312.228
29.543	312.337
29.553	312.821
29.563	313.082
29.573	313.126
29.583	313.100
29.593	312.102
29.603	308.993
29.613	307.639
29.623	304.669
29.633	0.000
29.643	0.000
29.653	0.000
29.663	214.457
29.673	213.496
29.683	214.972
29.693	222.688
29.703	227.231
29.713	230.122
29.723	231.216
29.733	232.544
29.743	233.134
29.753	233.524
29.763	233.889
29.773	234.191
29.783	234.591
29.793	234.773
29.803	235.059
29.813	235.137
29.823	235.122
29.833	235.006
29.843	234.824
29.853	235.092
29.863	235.426
29.873	236.779
29.883	237.537
29.893	0.000
29.903	0.000
29.913	0.000
29.923	0.000
29.933	0.000
29.943	0.000
29.953	0.000
29.963	0.000
29.973	0.000
29.983	0.000
29.993	0.000
30.003	0.000
30.013	0.000
30.023	0.000
30.033	0.000
30.043	0.000
30.053	0.000
30.063	0.000
30.073	0.000
30.083	300.979
30.093	298.912
30.103	298.736
30.113	298.688
30.123	299.064
30.133	298.914
30.143	298.644
30.153	298.581
30.163	298.889
30.173	299.140
30.183	299.110
30.193	299.535
30.203	300.052
30.213	300.455
30.223	301.379
30.233	0.000
30.243	0.000
30.253	0.000
30.263	0.000
30.273	0.000
30.283	0.000
30.293	0.000
30.303	0.000
30.313	0.000
30.323	0.000
30.333	0.000
30.343	0.000
30.353	0.000
30.363	0.000
30.373	0.000
30.383	0.000
30.393	0.000
30.403	0.000
30.413	300.017
30.423	295.885
30.433	294.856
30.443	294.846
30.453	295.465
30.463	296.097
30.473	296.481
30.483	296.997
30.493	297.369
30.503	297.473
30.513	297.652
30.523	298.001
30.533	297.951
30.543	297.925
30.553	298.240
30.563	298.572
30.573	298.467
30.583	299.018
30.593	299.693
30.603	0.000
30.613	0.000
30.623	0.000
30.633	0.000
30.643	0.000
30.653	0.000
30.663	0.000
30.673	0.000
30.683	0.000
30.693	0.000
30.703	0.000
30.713	0.000
30.723	0.000
30.733	0.000
30.743	0.000
30.753	0.000
30.763	0.000
30.773	0.000
30.783	283.135
30.793	284.390
30.803	284.770
30.813	286.490
30.823	289.821
30.833	290.968
30.843	292.785
30.853	293.696
30.863	294.358
30.873	294.535
30.883	295.052
30.893	295.335
30.903	295.543
30.913	295.840
30.923	300.257
30.933	308.114
30.943	309.441
30.953	311.818
30.963	313.226
30.973	314.101
30.983	314.320
30.993	313.882
31.003	313.603
31.013	313.763
31.023	314.553
31.033	315.128
31.043	315.293
31.053	315.375
31.063	316.025
31.073	325.042
31.083	346.288
31.093	346.964
31.103	348.302
31.113	348.818
31.123	348.991
31.133	349.422
31.143	349.512
31.153	350.005
31.163	350.429
31.173	351.475
31.183	352.360
31.193	352.750
31.203	353.085
31.213	353.398
31.223	354.530
31.233	355.984
31.243	368.605
31.253	386.919
31.263	389.540
31.273	390.440
31.283	391.380
31.293	391.973
31.303	392.196
31.313	392.523
31.323	393.094
31.333	393.804
31.343	394.047
31.353	394.627
31.363	395.031
31.373	395.129
31.383	395.139
31.393	395.867
31.403	396.505
31.413	395.941
31.423	396.594
31.433	398.699
31.443	404.598
31.453	409.979
31.463	416.957
31.473	414.660
31.483	414.374
31.493	415.071
31.503	416.875
31.513	418.853
31.523	419.418
31.533	420.099
31.543	420.520
31.553	420.581
31.563	420.515
31.573	420.320
31.583	419.704
31.593	419.341
31.603	418.431
31.613	417.821
31.623	417.720
31.633	417.700
31.643	417.551
31.653	417.422
31.663	417.298
31.673	417.047
31.683	417.127
31.693	417.380
31.703	417.526
31.713	417.821
31.723	418.072
31.733	418.126
31.743	418.109
31.753	417.985
31.763	417.794
31.773	417.705
31.783	417.529
31.793	417.178
31.803	416.272
31.813	415.583
31.823	413.905
31.833	411.898
31.843	410.104
31.853	400.374
31.863	393.413
31.873	393.670
31.883	393.853
31.893	394.842
31.903	395.482
31.913	395.950
31.923	396.066
31.933	395.734
31.943	395.475
31.953	395.597
31.963	395.535
31.973	395.559
31.983	395.672
31.993	395.625
32.003	395.829
32.013	395.911
32.023	395.879
32.033	395.981
32.043	396.320
32.053	396.614
32.063	396.814
32.073	397.325
32.083	397.744
32.093	398.202
32.103	398.536
32.113	399.681
32.123	400.388
32.133	400.633
32.143	398.733
32.153	400.437
32.163	408.574
32.173	412.190
32.183	405.535
32.193	377.168
32.203	363.068
32.213	353.472
32.223	350.476
32.233	350.170
32.243	350.681
32.253	351.177
32.263	351.366
32.273	351.725
32.283	351.871
32.293	352.286
32.303	352.807
32.313	352.929
32.323	353.293
32.333	353.306
32.343	353.026
32.353	352.998
32.363	352.940
32.373	352.612
32.383	352.469
32.393	352.325
32.403	352.294
32.413	352.377
32.423	352.332
32.433	352.259
32.443	352.361
32.453	352.753
32.463	353.007
32.473	353.782
32.483	354.111
32.493	354.072
32.503	353.474
32.513	352.293
32.523	350.208
32.533	348.694
32.543	346.397
32.553	344.317
32.563	340.728
32.573	310.229
32.583	308.255
32.593	309.155
32.603	309.914
32.613	311.156
32.623	312.449
32.633	313.748
32.643	314.130
32.653	314.635
32.663	314.955
32.673	314.973
32.683	314.805
32.693	314.773
32.703	314.911
32.713	314.927
32.723	314.778
32.733	314.705
32.743	314.637
32.753	314.407
32.763	314.028
32.773	313.867
32.783	313.982
32.793	314.736
32.803	315.912
32.813	317.293
32.823	317.940
32.833	0.000
32.843	0.000
32.853	0.000
32.863	0.000
32.873	0.000
32.883	0.000
32.893	0.000
32.903	0.000
32.913	0.000
32.923	0.000
32.933	0.000
32.943	0.000
32.953	302.909
32.963	299.976
32.973	298.107
32.983	296.335
32.993	295.325
33.003	295.263
33.013	295.528
33.023	296.054
33.033	296.240
33.043	296.327
33.053	296.376
33.063	296.603
33.073	297.017
33.083	297.978
33.093	298.215
33.103	298.810
33.113	299.433
33.123	0.000
33.133	0.000
33.143	0.000
33.153	0.000
33.163	0.000
33.173	0.000
33.183	0.000
33.193	0.000
33.203	0.000
33.213	0.000
33.223	0.000
33.233	0.000
33.243	0.000
33.253	0.000
33.263	0.000
33.273	0.000
33.283	0.000
33.293	0.000
33.303	0.000
33.313	0.000
33.323	0.000
33.333	0.000
33.343	301.874
33.353	295.866
33.363	295.028
33.373	294.569
33.383	294.929
33.393	295.218
33.403	295.703
33.413	296.145
33.423	296.199
33.433	296.150
33.443	296.184
33.453	296.549
33.463	297.102
33.473	297.596
33.483	298.018
33.493	298.599
33.503	298.819
33.513	299.153
33.523	0.000
33.533	0.000
33.543	0.000
33.553	0.000
33.563	0.000
33.573	0.000
33.583	0.000
33.593	0.000
33.603	0.000
33.613	0.000
33.623	0.000
33.633	0.000
33.643	0.000
33.653	0.000
33.663	0.000
33.673	0.000
33.683	0.000
33.693	0.000
33.703	293.691
33.713	286.801
33.723	287.931
33.733	290.138
33.743	291.933
33.753	292.898
33.763	294.707
33.773	295.987
33.783	296.463
33.793	296.635
33.803	296.839
33.813	296.932
33.823	296.958
33.833	297.033
33.843	297.309
33.853	297.436
33.863	297.589
33.873	298.212
33.883	298.776
33.893	298.889
33.903	298.752
33.913	0.000
33.923	0.000
33.933	0.000
33.943	0.000
33.953	0.000
33.963	0.000
33.973	0.000
33.983	0.000
33.993	0.000
34.003	0.000
34.013	0.000
34.023	0.000
34.033	0.000
34.043	0.000
34.053	0.000
34.063	0.000
34.073	0.000
34.083	0.000
34.093	0.000
34.103	0.000
34.113	0.000
34.123	0.000
34.133	0.000
34.143	0.000
34.153	0.000
34.163	0.000
34.173	0.000
34.183	0.000
34.193	0.000
34.203	0.000
34.213	0.000
34.223	0.000
34.233	0.000
34.243	0.000
34.253	0.000
34.263	0.000
34.273	0.000
34.283	0.000
34.293	0.000
34.303	0.000
34.313	0.000
34.323	0.000
34.333	0.000
34.343	0.000
34.353	0.000
34.363	0.000
34.373	0.000
34.383	0.000
34.393	0.000
34.403	0.000
34.413	0.000
34.423	0.000
34.433	0.000
34.443	0.000
34.453	0.000
34.463	0.000
34.473	312.181
34.483	309.851
34.493	309.142
34.503	309.584
34.513	310.232
34.523	311.893
34.533	313.544
34.543	315.580
34.553	316.324
34.563	317.197
34.573	317.074
34.583	317.111
34.593	317.676
34.603	318.415
34.613	319.022
34.623	319.601
34.633	319.159
34.643	0.000
34.653	0.000
34.663	0.000
34.673	0.000
34.683	0.000
34.693	0.000
34.703	0.000
34.713	0.000
34.723	0.000
34.733	0.000
34.743	0.000
34.753	0.000
34.763	0.000
34.773	0.000
34.783	0.000
34.793	0.000
34.803	0.000
34.813	0.000
34.823	0.000
34.833	0.000
34.843	0.000
34.853	0.000
34.863	0.000
34.873	314.653
34.883	310.162
34.893	308.930
34.903	309.852
34.913	310.770
34.923	312.382
34.933	313.728
34.943	314.289
34.953	315.215
34.963	315.918
34.973	316.344
34.983	316.485
34.993	316.944
35.003	318.090
35.013	318.738
35.023	319.520
35.033	319.406
35.043	0.000
35.053	0.000
35.063	0.000
35.073	0.000
35.083	0.000
35.093	0.000
35.103	0.000
35.113	0.000
35.123	0.000
35.133	0.000
35.143	0.000
35.153	0.000
35.163	0.000
35.173	0.000
35.183	0.000
35.193	0.000
35.203	0.000
35.213	403.205
35.223	400.057
35.233	391.622
35.243	388.611
35.253	388.180
35.263	389.057
35.273	389.733
35.283	391.056
35.293	392.518
35.303	393.313
35.313	394.734
35.323	395.841
35.333	396.741
35.343	397.137
35.353	398.448
35.363	400.244
35.373	400.674
35.383	401.880
35.393	399.992
35.403	398.323
35.413	399.052
35.423	399.943
35.433	400.949
35.443	401.395
35.453	0.000
35.463	0.000
35.473	0.000
35.483	0.000
35.493	0.000
35.503	0.000
35.513	0.000
35.523	0.000
35.533	0.000
35.543	0.000
35.553	0.000
35.563	0.000
35.573	0.000
35.583	0.000
35.593	0.000
35.603	404.192
35.613	400.701
35.623	394.964
35.633	393.794
35.643	393.923
35.653	395.268
35.663	396.474
35.673	396.969
35.683	397.915
35.693	398.714
35.703	399.277
35.713	400.247
35.723	401.368
35.733	402.234
35.743	402.815
35.753	402.997
35.763	402.724
35.773	400.806
35.783	399.324
35.793	401.462
35.803	0.000
35.813	0.000
35.823	0.000
35.833	0.000
35.843	0.000
35.853	0.000
35.863	0.000
35.873	0.000
35.883	0.000
35.893	0.000
35.903	0.000
35.913	0.000
35.923	0.000
35.933	0.000
35.943	0.000
35.953	0.000
35.963	0.000
35.973	0.000
35.983	0.000
35.993	0.000
36.003	0.000
36.013	475.580
36.023	474.208
36.033	472.808
36.043	470.732
36.053	471.000
36.063	471.464
36.073	472.485
36.083	472.684
36.093	472.672
36.103	472.748
36.113	473.430
36.123	474.590
36.133	475.595
36.143	477.859
36.153	477.966
36.163	476.633
36.173	476.153
36.183	476.742
36.193	476.277
36.203	0.000
36.213	0.000
36.223	0.000
36.233	0.000
36.243	0.000
36.253	0.000
36.263	0.000
36.273	0.000
36.283	0.000
36.293	0.000
36.303	0.000
36.313	0.000
36.323	0.000
36.333	0.000
36.343	0.000
36.353	0.000
36.363	0.000
36.373	0.000
36.383	0.000
36.393	474.360
36.403	471.238
36.413	467.514
36.423	467.502
36.433	468.486
36.443	469.784
36.453	471.451
36.463	472.078
36.473	472.268
36.483	471.549
36.493	471.404
36.503	471.814
36.513	472.683
36.523	473.776
36.533	474.442
36.543	476.166
36.553	477.264
36.563	476.832
36.573	476.431
36.583	476.687
36.593	475.676
36.603	479.787
36.613	0.000
36.623	0.000
36.633	0.000
36.643	0.000
36.653	0.000
36.663	0.000
36.673	0.000
36.683	0.000
36.693	0.000
36.703	0.000
36.713	0.000
36.723	0.000
36.733	0.000
36.743	0.000
36.753	0.000
36.763	0.000
36.773	0.000
36.783	0.000
36.793	0.000
36.803	626.457
36.813	626.753
36.823	627.517
36.833	631.008
36.843	635.586
36.853	637.968
36.863	638.964
36.873	640.121
36.883	638.997
36.893	637.991
36.903	636.508
36.913	635.342
36.923	634.344
36.933	633.829
36.943	633.078
36.953	632.494
36.963	632.122
36.973	631.435
36.983	631.345
36.993	631.501
37.003	631.300
37.013	630.925
37.023	630.333
37.033	629.745
37.043	629.270
37.053	628.798
37.063	628.767
37.073	629.004
37.083	629.928
37.093	631.053
37.103	631.873
37.113	632.318
37.123	632.770
37.133	633.203
37.143	633.394
37.153	633.280
37.163	632.591
37.173	631.455
37.183	630.782
37.193	629.207
37.203	627.974
37.213	626.722
37.223	626.209
37.233	626.475
37.243	627.962
37.253	628.999
37.263	630.805
37.273	632.275
37.283	633.409
37.293	633.796
37.303	634.829
37.313	635.370
37.323	635.311
37.333	634.748
37.343	633.556
37.353	631.859
37.363	630.970
37.373	628.798
37.383	627.006
37.393	626.410
37.403	626.451
37.413	627.572
37.423	629.309
37.433	630.286
37.443	632.254
37.453	634.310
37.463	636.350
37.473	637.177
37.483	637.668
37.493	638.716
37.503	638.130
37.513	645.663
37.523	640.269
37.533	643.791
37.543	0.000
37.553	0.000
37.563	0.000
37.573	0.000
37.583	0.000
37.593	547.812
37.603	519.324
37.613	519.703
37.623	519.632
37.633	519.869
37.643	520.368
37.653	520.744
37.663	521.626
37.673	522.850
37.683	523.501
37.693	524.495
37.703	525.455
37.713	526.352
37.723	526.904
37.733	527.976
37.743	529.444
37.753	529.280
37.763	529.299
37.773	531.453
37.783	531.125
37.793	532.750
37.803	533.234
37.813	0.000
37.823	0.000
37.833	0.000
37.843	0.000
37.853	0.000
37.863	0.000
37.873	0.000
37.883	0.000
37.893	0.000
37.903	0.000
37.913	0.000
37.923	0.000
37.933	0.000
37.943	0.000
37.953	403.434
37.963	405.147
37.973	405.482
37.983	407.030
37.993	409.992
38.003	412.732
38.013	413.572
38.023	414.893
38.033	416.083
38.043	417.054
38.053	417.247
38.063	417.484
38.073	417.660
38.083	417.984
38.093	418.971
38.103	419.918
38.113	420.516
38.123	420.673
38.133	421.691
38.143	423.327
38.153	423.657
38.163	424.314
38.173	424.434
38.183	423.108
38.193	422.505
38.203	421.674
38.213	422.386
38.223	423.437
38.233	422.263
38.243	422.004
38.253	424.203
38.263	0.000
38.273	0.000
38.283	0.000
38.293	0.000
38.303	0.000
38.313	0.000
38.323	0.000
38.333	389.059
38.343	389.352
38.353	384.170
38.363	384.235
38.373	384.572
38.383	386.090
38.393	387.722
38.403	388.532
38.413	388.971
38.423	389.695
38.433	389.816
38.443	389.515
38.453	387.580
38.463	384.267
38.473	381.372
38.483	380.812
38.493	372.305
38.503	353.901
38.513	349.462
38.523	348.147
38.533	348.806
38.543	349.508
38.553	349.533
38.563	349.502
38.573	349.131
38.583	348.684
38.593	348.549
38.603	348.308
38.613	347.803
38.623	347.405
38.633	346.333
38.643	345.140
38.653	344.337
38.663	343.001
38.673	314.699
38.683	311.488
38.693	311.576
38.703	312.427
38.713	313.500
38.723	313.994
38.733	314.363
38.743	314.987
38.753	315.606
38.763	315.773
38.773	315.623
38.783	315.567
38.793	315.809
38.803	316.005
38.813	316.230
38.823	315.934
38.833	316.172
38.843	316.969
38.853	343.756
38.863	347.148
38.873	348.189
38.883	349.558
38.893	350.313
38.903	350.473
38.913	350.473
38.923	350.277
38.933	350.758
38.943	351.533
38.953	351.895
38.963	352.321
38.973	352.438
38.983	352.689
38.993	353.483
39.003	354.283
39.013	352.215
39.023	352.245
39.033	373.490
39.043	383.590
39.053	384.416
39.063	387.655
39.073	391.350
39.083	392.801
39.093	393.073
39.103	393.439
39.113	393.383
39.123	393.018
39.133	392.891
39.143	393.359
39.153	394.810
39.163	396.063
39.173	397.750
39.183	398.699
39.193	397.262
39.203	397.200
39.213	401.212
39.223	0.000
39.233	0.000
39.243	0.000
39.253	0.000
39.263	0.000
39.273	0.000
39.283	0.000
39.293	0.000
39.303	0.000
39.313	0.000
39.323	0.000
39.333	0.000
39.343	0.000
39.353	0.000
39.363	0.000
39.373	0.000
39.383	0.000
39.393	0.000
39.403	0.000
39.413	402.322
39.423	397.866
39.433	393.776
39.443	393.247
39.453	393.777
39.463	395.179
39.473	396.396
39.483	397.174
39.493	397.223
39.503	396.990
39.513	396.870
39.523	397.043
39.533	397.999
39.543	399.332
39.553	399.776
39.563	400.437
39.573	400.215
39.583	397.649
39.593	397.550
39.603	400.190
39.613	400.469
39.623	0.000
39.633	0.000
39.643	0.000
39.653	0.000
39.663	0.000
39.673	0.000
39.683	0.000
39.693	0.000
39.703	0.000
39.713	0.000
39.723	0.000
39.733	0.000
39.743	0.000
39.753	0.000
39.763	0.000
39.773	0.000
39.783	0.000
39.793	405.603
39.803	394.694
39.813	393.718
39.823	392.821
39.833	393.446
39.843	394.377
39.853	395.024
39.863	395.538
39.873	395.663
39.883	395.716
39.893	395.589
39.903	395.717
39.913	396.449
39.923	396.869
39.933	397.602
39.943	398.294
39.953	398.993
39.963	398.980
39.973	399.637
39.983	398.520
39.993	397.823
40.003	400.441
40.013	402.152
40.023	0.000
40.033	0.000
40.043	0.000
40.053	0.000
40.063	0.000
40.073	0.000
40.083	0.000
40.093	0.000
40.103	0.000
40.113	0.000
40.123	0.000
40.133	0.000
40.143	0.000
40.153	0.000
40.163	0.000
40.173	0.000
40.183	0.000
40.193	0.000
40.203	0.000
40.213	0.000
40.223	0.000
40.233	0.000
40.243	0.000
40.253	0.000
40.263	0.000
40.273	0.000
40.283	0.000
40.293	0.000
40.303	0.000
40.313	0.000
40.323	0.000
40.333	0.000
40.343	0.000
40.353	0.000
40.363	0.000
40.373	0.000
40.383	0.000
40.393	0.000
40.403	0.000
40.413	0.000
40.423	0.000
40.433	0.000
40.443	0.000
40.453	0.000
40.463	0.000
40.473	0.000
40.483	0.000
40.493	0.000
40.503	0.000
40.513	0.000
40.523	0.000
40.533	0.000
40.543	0.000
40.553	0.000
40.563	0.000
40.573	0.000
40.583	0.000
40.593	0.000
40.603	361.611
40.613	358.696
40.623	355.208
40.633	353.234
40.643	353.268
40.653	353.975
40.663	355.026
40.673	355.919
40.683	356.235
40.693	356.710
40.703	356.310
40.713	356.055
40.723	355.436
40.733	354.967
40.743	354.484
40.753	354.262
40.763	353.634
40.773	353.169
40.783	353.065
40.793	353.147
40.803	353.272
40.813	353.636
40.823	353.803
40.833	354.142
40.843	354.718
40.853	355.578
40.863	356.024
40.873	356.645
40.883	356.208
40.893	355.334
40.903	350.930
40.913	345.004
40.923	340.853
40.933	336.613
40.943	0.000
40.953	0.000
40.963	0.000
40.973	0.000
40.983	0.000
40.993	0.000
41.003	0.000
41.013	0.000
41.023	0.000
41.033	0.000
41.043	0.000
41.053	0.000
41.063	0.000
41.073	0.000
41.083	0.000
41.093	0.000
41.103	0.000
41.113	0.000
41.123	0.000
41.133	0.000
41.143	0.000
41.153	0.000
41.163	0.000
41.173	0.000
41.183	0.000
41.193	0.000
41.203	0.000
41.213	0.000
41.223	0.000
41.233	0.000
41.243	0.000
41.253	0.000
41.263	0.000
41.273	0.000
41.283	0.000
41.293	0.000
41.303	0.000
41.313	0.000
41.323	0.000
41.333	0.000
41.343	0.000
41.353	0.000
41.363	0.000
41.373	314.899
41.383	311.468
41.393	310.802
41.403	310.783
41.413	310.981
41.423	311.814
41.433	312.508
41.443	313.932
41.453	314.813
41.463	315.002
41.473	315.093
41.483	315.221
41.493	315.294
41.503	315.286
41.513	315.212
41.523	315.156
41.533	315.261
41.543	315.291
41.553	315.212
41.563	315.345
41.573	315.574
41.583	315.648
41.593	315.984
41.603	316.312
41.613	316.501
41.623	316.641
41.633	316.611
41.643	316.138
41.653	315.309
41.663	312.235
41.673	308.897
41.683	306.605
41.693	305.072
41.703	299.607
41.713	0.000
41.723	0.000
41.733	0.000
41.743	0.000
41.753	0.000
41.763	232.239
41.773	236.409
41.783	236.238
41.793	236.419
41.803	236.615
41.813	236.070
41.823	235.197
41.833	234.883
41.843	234.118
41.853	233.965
41.863	234.877
41.873	235.378
41.883	236.526
41.893	237.192
41.903	237.301
41.913	236.930
41.923	236.925
41.933	237.614
41.943	237.804
41.953	238.724
41.963	239.533
41.973	239.397
41.983	0.000
41.993	0.000
42.003	0.000
42.013	0.000
42.023	0.000
42.033	0.000
42.043	0.000
42.053	0.000
42.063	0.000
42.073	0.000
42.083	0.000
42.093	0.000
42.103	0.000
42.113	0.000
42.123	0.000
42.133	0.000
42.143	0.000
42.153	0.000
42.163	0.000
42.173	0.000
42.183	309.517
42.193	309.279
42.203	308.699
42.213	305.248
42.223	302.155
42.233	300.854
42.243	299.597
42.253	299.345
42.263	299.341
42.273	299.769
42.283	0.000
42.293	0.000
42.303	0.000
42.313	0.000
42.323	0.000
42.333	0.000
42.343	0.000
42.353	0.000
42.363	0.000
42.373	0.000
42.383	0.000
42.393	0.000
42.403	0.000
42.413	0.000
42.423	0.000
42.433	0.000
42.443	0.000
42.453	0.000
42.463	0.000
42.473	0.000
42.483	0.000
42.493	0.000
42.503	0.000
42.513	0.000
42.523	296.106
42.533	294.233
42.543	294.649
42.553	295.186
42.563	295.620
42.573	296.250
42.583	297.200
42.593	297.817
42.603	298.843
42.613	299.720
42.623	300.003
42.633	300.302
42.643	300.418
42.653	299.699
42.663	300.894
42.673	0.000
42.683	0.000
42.693	0.000
42.703	0.000
42.713	0.000
42.723	0.000
42.733	0.000
42.743	0.000
42.753	0.000
42.763	0.000
42.773	0.000
42.783	0.000
42.793	0.000
42.803	0.000
42.813	0.000
42.823	0.000
42.833	0.000
42.843	0.000
42.853	0.000
42.863	0.000
42.873	0.000
42.883	0.000
42.893	0.000
42.903	290.665
42.913	289.039
42.923	289.473
42.933	291.056
42.943	293.176
42.953	293.903
42.963	295.225
42.973	296.409
42.983	296.792
42.993	296.905
43.003	296.295
43.013	296.005
43.023	295.990
43.033	296.871
43.043	301.453
43.053	304.261
43.063	306.012
43.073	310.710
43.083	313.351
43.093	313.921
43.103	314.538
43.113	314.896
43.123	315.585
43.133	315.910
43.143	316.264
43.153	316.881
43.163	317.736
43.173	318.075
43.183	318.675
43.193	319.049
43.203	319.128
43.213	318.737
43.223	318.614
43.233	326.356
43.243	344.710
43.253	350.245
43.263	351.593
43.273	351.577
43.283	351.848
43.293	352.147
43.303	352.268
43.313	352.472
43.323	353.175
43.333	353.734
43.343	354.789
43.353	355.554
43.363	356.960
43.373	359.248
43.383	361.966
43.393	379.937
43.403	391.331
43.413	393.138
43.423	393.591
43.433	394.185
43.443	394.652
43.453	394.727
43.463	394.988
43.473	395.135
43.483	395.431
43.493	395.847
43.503	396.462
43.513	397.013
43.523	397.449
43.533	397.646
43.543	397.741
43.553	397.834
43.563	396.721
43.573	397.970
43.583	401.123
43.593	412.641
43.603	413.129
43.613	421.181
43.623	416.005
43.633	416.366
43.643	417.326
43.653	419.774
43.663	421.928
43.673	422.483
43.683	423.014
43.693	423.941
43.703	424.472
43.713	424.714
43.723	424.131
43.733	423.426
43.743	423.034
43.753	422.055
43.763	421.349
43.773	420.848
43.783	420.678
43.793	420.398
43.803	420.097
43.813	420.129
43.823	419.851
43.833	419.606
43.843	419.357
43.853	419.299
43.863	419.128
43.873	419.034
43.883	419.029
43.893	419.083
43.903	419.318
43.913	419.451
43.923	419.502
43.933	419.174
43.943	418.370
43.953	416.828
43.963	415.767
43.973	412.968
43.983	406.028
43.993	401.431
44.003	394.380
44.013	393.118
44.023	393.468
44.033	394.052
44.043	394.777
44.053	395.274
44.063	395.379
44.073	395.476
44.083	395.564
44.093	395.452
44.103	395.426
44.113	395.207
44.123	395.057
44.133	395.273
44.143	395.451
44.153	396.005
44.163	396.564
44.173	396.791
44.183	396.923
44.193	397.074
44.203	397.208
44.213	397.364
44.223	397.614
44.233	397.810
44.243	398.262
44.253	398.664
44.263	399.084
44.273	397.486
44.283	398.997
44.293	399.547
44.303	400.391
44.313	410.140
44.323	0.000
44.333	0.000
44.343	0.000
44.353	0.000
44.363	0.000
44.373	0.000
44.383	0.000
44.393	339.194
44.403	340.718
44.413	341.908
44.423	344.337
44.433	345.893
44.443	348.475
44.453	349.768
44.463	350.146
44.473	350.409
44.483	350.641
44.493	350.904
44.503	350.894
44.513	350.690
44.523	350.598
44.533	350.736
44.543	350.879
44.553	351.065
44.563	351.022
44.573	350.934
44.583	350.917
44.593	350.972
44.603	351.085
44.613	351.228
44.623	351.712
44.633	352.179
44.643	352.235
44.653	351.877
44.663	351.066
44.673	349.538
44.683	348.439
44.693	346.497
44.703	344.896
44.713	341.039
44.723	330.587
44.733	310.360
44.743	309.878
44.753	310.446
44.763	312.019
44.773	313.104
44.783	313.781
44.793	313.958
44.803	314.191
44.813	314.328
44.823	314.297
44.833	314.055
44.843	313.868
44.853	313.782
44.863	313.818
44.873	314.238
44.883	314.783
44.893	315.046
44.903	315.175
44.913	315.611
44.923	316.140
44.933	316.273
44.943	316.280
44.953	316.418
44.963	316.839
44.973	317.013
44.983	318.271
44.993	0.000
45.003	0.000
45.013	0.000
45.023	0.000
45.033	0.000
45.043	0.000
45.053	0.000
45.063	0.000
45.073	0.000
45.083	0.000
45.093	0.000
45.103	0.000
45.113	0.000
45.123	304.984
45.133	295.112
45.143	294.211
45.153	294.298
45.163	294.723
45.173	295.361
45.183	295.662
45.193	296.355
45.203	296.763
45.213	296.888
45.223	297.053
45.233	297.634
45.243	298.294
45.253	298.815
45.263	298.894
45.273	298.685
45.283	0.000
45.293	0.000
45.303	0.000
45.313	0.000
45.323	0.000
45.333	0.000
45.343	0.000
45.353	0.000
45.363	0.000
45.373	0.000
45.383	0.000
45.393	0.000
45.403	0.000
45.413	0.000
45.423	0.000
45.433	0.000
45.443	0.000
45.453	0.000
45.463	0.000
45.473	0.000
45.483	0.000
45.493	0.000
45.503	297.489
45.513	295.401
45.523	294.695
45.533	295.512
45.543	296.261
45.553	297.445
45.563	298.260
45.573	298.725
45.583	298.846
45.593	298.813
45.603	298.755
45.613	298.792
45.623	298.639
45.633	298.455
45.643	298.755
45.653	299.084
45.663	0.000
45.673	0.000
45.683	0.000
45.693	0.000
45.703	0.000
45.713	0.000
45.723	0.000
45.733	0.000
45.743	0.000
45.753	0.000
45.763	0.000
45.773	0.000
45.783	0.000
45.793	0.000
45.803	0.000
45.813	0.000
45.823	0.000
45.833	0.000
45.843	0.000
45.853	0.000
45.863	0.000
45.873	290.085
45.883	289.330
45.893	290.198
45.903	291.539
45.913	291.953
45.923	292.970
45.933	294.582
45.943	295.481
45.953	296.537
45.963	297.115
45.973	297.446
45.983	297.534
45.993	297.468
46.003	297.191
46.013	297.164
46.023	297.562
46.033	298.438
46.043	299.254
46.053	299.343
46.063	0.000
46.073	0.000
46.083	0.000
46.093	0.000
46.103	0.000
46.113	0.000
46.123	0.000
46.133	0.000
46.143	0.000
46.153	0.000
46.163	0.000
46.173	0.000
46.183	0.000
46.193	0.000
46.203	0.000
46.213	0.000
46.223	0.000
46.233	0.000
46.243	0.000
46.253	0.000
46.263	0.000
46.273	0.000
46.283	0.000
46.293	0.000
46.303	0.000
46.313	0.000
46.323	0.000
46.333	0.000
46.343	0.000
46.353	0.000
46.363	0.000
46.373	0.000
46.383	0.000
46.393	0.000
46.403	0.000
46.413	0.000
46.423	0.000
46.433	0.000
46.443	0.000
46.453	0.000
46.463	0.000
46.473	0.000
46.483	0.000
46.493	0.000
46.503	0.000
46.513	0.000
46.523	0.000
46.533	0.000
46.543	0.000
46.553	0.000
46.563	0.000
46.573	0.000
46.583	0.000
46.593	0.000
46.603	0.000
46.613	0.000
46.623	0.000
46.633	0.000
46.643	313.250
46.653	312.833
46.663	312.862
46.673	313.317
46.683	314.469
46.693	316.178
46.703	316.967
46.713	317.956
46.723	318.306
46.733	318.333
46.743	318.146
46.753	317.651
46.763	316.654
46.773	316.718
46.783	319.334
46.793	319.236
46.803	319.209
46.813	0.000
46.823	0.000
46.833	0.000
46.843	0.000
46.853	0.000
46.863	0.000
46.873	0.000
46.883	0.000
46.893	0.000
46.903	0.000
46.913	0.000
46.923	0.000
46.933	0.000
46.943	0.000
46.953	0.000
46.963	0.000
46.973	0.000
46.983	0.000
46.993	0.000
47.003	0.000
47.013	0.000
47.023	311.599
47.033	309.713
47.043	308.985
47.053	309.427
47.063	310.119
47.073	312.117
47.083	314.164
47.093	315.907
47.103	316.553
47.113	317.426
47.123	317.873
47.133	317.875
47.143	317.967
47.153	318.882
47.163	319.116
47.173	0.000
47.183	0.000
47.193	0.000
47.203	0.000
47.213	0.000
47.223	0.000
47.233	0.000
47.243	0.000
47.253	0.000
47.263	0.000
47.273	0.000
47.283	0.000
47.293	0.000
47.303	0.000
47.313	0.000
47.323	0.000
47.333	0.000
47.343	0.000
47.353	0.000
47.363	399.047
47.373	388.766
47.383	388.065
47.393	387.932
47.403	388.977
47.413	390.739
47.423	391.655
47.433	393.375
47.443	395.330
47.453	397.571
47.463	398.819
47.473	401.059
47.483	400.650
47.493	401.691
47.503	398.895
47.513	398.462
47.523	400.036
47.533	400.815
47.543	0.000
47.553	0.000
47.563	0.000
47.573	0.000
47.583	0.000
47.593	0.000
47.603	0.000
47.613	0.000
47.623	0.000
47.633	0.000
47.643	0.000
47.653	0.000
47.663	0.000
47.673	0.000
47.683	0.000
47.693	0.000
47.703	0.000
47.713	0.000
47.723	0.000
47.733	406.945
47.743	400.815
47.753	395.087
47.763	394.995
47.773	396.113
47.783	396.797
47.793	398.011
47.803	398.413
47.813	397.924
47.823	397.759
47.833	398.567
47.843	400.157
47.853	401.140
47.863	403.344
47.873	402.796
47.883	400.770
47.893	400.025
47.903	401.239
47.913	401.740
47.923	402.413
47.933	0.000
47.943	0.000
47.953	0.000
47.963	0.000
47.973	0.000
47.983	0.000
47.993	0.000
48.003	0.000
48.013	0.000
48.023	0.000
48.033	0.000
48.043	0.000
48.053	0.000
48.063	0.000
48.073	0.000
48.083	0.000
48.093	0.000
48.103	0.000
48.113	480.571
48.123	467.748
48.133	468.459
48.143	468.825
48.153	470.156
48.163	471.466
48.173	471.848
48.183	471.914
48.193	472.072
48.203	472.869
48.213	473.532
48.223	475.044
48.233	476.470
48.243	478.188
48.253	478.164
48.263	477.633
48.273	477.230
48.283	476.766
48.293	475.591
48.303	477.363
48.313	479.925
48.323	0.000
48.333	0.000
48.343	0.000
48.353	0.000
48.363	0.000
48.373	0.000
48.383	0.000
48.393	0.000
48.403	0.000
48.413	0.000
48.423	0.000
48.433	0.000
48.443	0.000
48.453	0.000
48.463	0.000
48.473	483.203
48.483	468.093
48.493	466.608
48.503	465.854
48.513	465.801
48.523	466.845
48.533	469.266
48.543	470.163
48.553	472.248
48.563	473.416
48.573	473.683
48.583	474.207
48.593	475.153
48.603	475.481
48.613	475.600
48.623	476.810
48.633	478.130
48.643	478.552
48.653	477.461
48.663	477.499
48.673	475.953
48.683	476.944
48.693	478.608
48.703	0.000
48.713	0.000
48.723	0.000
48.733	0.000
48.743	0.000
48.753	0.000
48.763	0.000
48.773	0.000
48.783	0.000
48.793	0.000
48.803	0.000
48.813	0.000
48.823	0.000
48.833	0.000
48.843	0.000
48.853	0.000
48.863	0.000
48.873	0.000
48.883	0.000
48.893	0.000
48.903	0.000
48.913	0.000
48.923	0.000
48.933	0.000
48.943	0.000
48.953	0.000
48.963	0.000
48.973	0.000
48.983	641.743
48.993	639.322
49.003	641.267
49.013	639.197
49.023	639.562
49.033	638.088
49.043	638.384
49.053	636.215
49.063	635.370
49.073	634.943
49.083	633.970
49.093	632.768
49.103	632.791
49.113	632.893
49.123	633.583
49.133	634.808
49.143	636.200
49.153	636.616
49.163	637.369
49.173	637.689
49.183	637.120
49.193	636.597
49.203	635.176
49.213	633.554
49.223	632.727
49.233	631.090
49.243	629.658
49.253	628.669
49.263	628.636
49.273	629.527
49.283	630.785
49.293	631.382
49.303	632.265
49.313	633.258
49.323	634.042
49.333	634.613
49.343	634.963
49.353	634.973
49.363	634.088
49.373	633.637
49.383	632.194
49.393	631.343
49.403	631.113
49.413	630.914
49.423	630.510
49.433	629.911
49.443	629.589
49.453	629.902
49.463	631.059
49.473	631.686
49.483	632.730
49.493	632.884
49.503	632.483
49.513	632.158
49.523	631.042
49.533	629.850
49.543	629.281
49.553	629.360
49.563	629.862
49.573	630.333
49.583	630.500
49.593	631.144
49.603	632.280
49.613	633.532
49.623	633.955
49.633	633.755
49.643	632.933
49.653	635.485
49.663	635.064
49.673	638.917
49.683	636.405
49.693	635.717
49.703	0.000
49.713	0.000
49.723	511.156
49.733	508.396
49.743	510.543
49.753	511.591
49.763	512.159
49.773	512.201
49.783	513.670
49.793	516.582
49.803	518.610
49.813	521.594
49.823	523.645
49.833	524.633
49.843	524.750
49.853	524.605
49.863	524.865
49.873	525.082
49.883	526.107
49.893	527.187
49.903	528.084
49.913	527.789
49.923	531.207
49.933	528.632
49.943	527.951
49.953	524.849
49.963	522.713
49.973	0.000
49.983	0.000
49.993	0.000
50.003	0.000
50.013	0.000
50.023	0.000
50.033	0.000
50.043	0.000
50.053	0.000
50.063	391.826
50.073	398.600
50.083	402.660
50.093	403.423
50.103	406.373
50.113	410.115
50.123	411.486
50.133	413.439
50.143	414.532
50.153	415.128
50.163	415.208
50.173	414.736
50.183	414.900
50.193	416.133
50.203	416.976
50.213	418.855
50.223	420.417
50.233	420.814
50.243	421.581
50.253	423.380
50.263	423.769
50.273	423.909
50.283	424.888
50.293	424.733
50.303	424.088
50.313	423.280
50.323	425.378
50.333	423.867
50.343	423.073
50.353	423.804
50.363	0.000
50.373	0.000
50.383	0.000
50.393	0.000
50.403	0.000
50.413	0.000
50.423	0.000
50.433	0.000
50.443	402.072
50.453	397.968
50.463	391.257
50.473	389.725
50.483	389.183
50.493	389.389
50.503	390.624
50.513	391.823
50.523	392.342
50.533	392.928
50.543	392.812
50.553	392.173
50.563	391.605
50.573	390.366
50.583	388.076
50.593	385.939
50.603	382.234
50.613	382.247
50.623	373.661
50.633	365.885
50.643	349.553
50.653	348.069
50.663	348.296
50.673	348.942
50.683	348.964
50.693	348.053
50.703	347.698
50.713	346.751
50.723	345.693
50.733	344.802
50.743	344.391
50.753	343.467
50.763	342.950
50.773	342.877
50.783	341.337
50.793	317.412
50.803	314.591
50.813	314.386
50.823	313.907
50.833	313.847
50.843	314.009
50.853	313.997
50.863	314.240
50.873	314.903
50.883	315.329
50.893	316.021
50.903	316.612
50.913	316.676
50.923	316.442
50.933	316.270
50.943	317.137
50.953	321.541
50.963	343.770
50.973	346.116
50.983	347.087
50.993	347.646
51.003	347.907
51.013	347.965
51.023	348.257
51.033	348.491
51.043	349.030
51.053	349.512
51.063	349.850
51.073	350.905
51.083	352.654
51.093	353.907
51.103	353.351
51.113	351.961
51.123	353.632
51.133	356.996
51.143	395.703
51.153	388.703
51.163	389.155
51.173	389.827
51.183	391.363
51.193	392.133
51.203	392.671
51.213	392.728
51.223	392.447
51.233	392.144
51.243	392.098
51.253	392.538
51.263	393.928
51.273	395.865
51.283	395.494
51.293	397.568
51.303	395.916
51.313	395.463
51.323	398.450
51.333	399.057
51.343	0.000
51.353	0.000
51.363	0.000
51.373	0.000
51.383	0.000
51.393	0.000
51.403	0.000
51.413	0.000
51.423	0.000
51.433	0.000
51.443	0.000
51.453	0.000
51.463	0.000
51.473	0.000
51.483	0.000
51.493	0.000
51.503	0.000
51.513	0.000
51.523	410.968
51.533	409.396
51.543	399.687
51.553	396.477
51.563	395.220
51.573	394.957
51.583	395.591
51.593	396.226
51.603	396.451
51.613	396.530
51.623	396.242
51.633	396.253
51.643	396.269
51.653	396.439
51.663	397.057
51.673	397.657
51.683	398.941
51.693	398.745
51.703	397.488
51.713	398.662
51.723	397.150
51.733	398.680
51.743	401.159
51.753	402.950
51.763	0.000
51.773	0.000
51.783	0.000
51.793	0.000
51.803	0.000
51.813	0.000
51.823	0.000
51.833	0.000
51.843	0.000
51.853	0.000
51.863	0.000
51.873	0.000
51.883	0.000
51.893	0.000
51.903	0.000
51.913	0.000
51.923	0.000
51.933	0.000
51.943	0.000
51.953	0.000
51.963	0.000
51.973	0.000
51.983	0.000
51.993	404.689
52.003	403.752
52.013	395.333
52.023	392.164
52.033	391.310
52.043	391.984
52.053	392.980
52.063	393.976
52.073	394.282
52.083	394.805
52.093	395.086
52.103	395.101
52.113	394.895
52.123	394.825
52.133	394.938
52.143	395.060
52.153	395.256
52.163	395.545
52.173	395.967
52.183	396.244
52.193	397.260
52.203	398.091
52.213	398.102
52.223	399.214
52.233	400.285
52.243	400.590
52.253	400.861
52.263	401.145
52.273	400.395
52.283	0.000
52.293	0.000
52.303	0.000
52.313	0.000
52.323	0.000
52.333	0.000
52.343	0.000
52.353	0.000
52.363	0.000
52.373	0.000
52.383	0.000
52.393	0.000
52.403	0.000
52.413	0.000
52.423	0.000
52.433	0.000
52.443	0.000
52.453	0.000
52.463	0.000
52.473	0.000
52.483	0.000
52.493	0.000
52.503	0.000
52.513	0.000
52.523	0.000
52.533	0.000
52.543	0.000
52.553	0.000
52.563	0.000
52.573	0.000
52.583	0.000
52.593	0.000
52.603	0.000
52.613	0.000
52.623	0.000
52.633	0.000
52.643	0.000
52.653	0.000
52.663	0.000
52.673	0.000
52.683	0.000
52.693	0.000
52.703	0.000
52.713	0.000
52.723	0.000
52.733	0.000
52.743	0.000
52.753	0.000
52.763	0.000
52.773	0.000
52.783	0.000
52.793	0.000
52.803	0.000
52.813	0.000
52.823	0.000
52.833	0.000
52.843	0.000
52.853	0.000
52.863	0.000
52.873	0.000
52.883	0.000
52.893	0.000
52.903	0.000
52.913	0.000
52.923	0.000
52.933	0.000
52.943	0.000
52.953	0.000
52.963	0.000
52.973	0.000
52.983	0.000
52.993	0.000
53.003	0.000
53.013	0.000
53.023	0.000
53.033	0.000
53.043	0.000
