7.437		396.694		0.245
7.755		392.546		0.241
8.061		391.180		0.392
10.983		196.176		0.163
11.256		195.534		0.284
11.900		194.951		0.221
12.225		196.026		0.226
12.550		217.277		0.685
13.241		196.573		0.250
13.589		196.163		0.308
16.578		393.907		0.182
16.880		389.991		0.202
17.188		395.692		0.288
20.201		194.221		0.163
20.515		195.277		0.238
21.119		195.404		0.192
21.380		195.503		0.215
21.711		217.148		0.604
22.320		195.699		0.232
22.651		195.692		0.354
26.941		220.655		0.325
27.272		248.124		0.226
27.498		262.159		0.290
27.788		290.987		0.280
28.068		333.686		0.290
28.358		261.246		0.313
28.672		248.601		0.290
28.973		220.613		0.964
29.971		295.872		0.842
30.836		370.442		0.987
31.835		465.234		0.668
32.723		499.269		0.314
33.037		520.065		0.115
33.286		437.418		0.296
33.611		391.262		0.342
34.302		292.589		0.319
34.656		335.230		0.285
34.941		350.899		0.243
35.190		397.941		0.279
35.474		443.022		0.313
35.794		350.878		0.261
36.055		332.296		0.290
36.380		293.340		0.336
36.716		335.426		0.299
37.015		350.073		0.294
37.314		391.838		0.377
37.703		333.761		0.238
37.941		291.240		0.326
38.267		260.267		0.337
38.604		292.183		0.290
38.894		334.479		0.300
39.195		351.060		0.291
39.486		291.391		0.290
39.776		393.738		0.615
40.390		261.121		0.204
40.722		441.812		0.197
41.082		293.773		0.575
44.182		194.032		0.115
44.513		195.050		0.145
44.803		206.041		0.295
45.098		201.859		0.053
45.488		417.860		0.320
45.808		393.886		0.267
46.075		345.239		0.278
46.353		334.206		0.295
46.648		293.209		0.286
46.934		346.932		0.272
47.212		393.676		0.331
47.549		418.376		0.360
47.914		390.909		1.596
49.557		331.676		0.285
49.842		347.860		0.278
50.190		392.962		0.325
50.521		391.264		0.366
51.757		260.192		1.219
53.116		197.243		0.250
53.371		221.626		0.319
53.714		175.323		0.267
53.986		198.589		0.302
54.294		223.756		0.319
54.619		198.100		0.273
54.898		184.797		0.342
55.246		195.118		2.009
57.371		195.087		0.197
57.673		195.372		0.273
58.015		195.486		0.366
62.508		221.526		0.290
62.798		248.640		0.253
63.051		263.817		0.275
63.326		291.051		0.314
63.640		335.699		0.300
63.940		262.191		0.309
64.250		249.565		0.308
64.557		221.481		0.935
65.521		295.225		0.911
66.461		372.440		0.882
67.373		466.959		0.639
68.203		495.632		0.342
68.545		520.797		0.104
68.818		437.191		0.319
69.143		393.404		0.238
69.921		293.090		0.239
70.161		335.772		0.302
70.462		350.659		0.242
70.711		397.560		0.296
71.012		440.512		0.313
71.338		349.494		0.256
71.594		333.185		0.295
71.918		293.231		0.301
72.219		335.308		0.309
72.528		350.242		0.278
72.812		393.563		0.343
73.154		333.930		0.273
73.427		291.888		0.325
73.768		263.327		0.274
74.043		291.064		0.284
74.327		334.406		0.325
74.652		349.358		0.313
74.965		291.450		0.298
75.262		395.389		0.644
75.964		264.926		0.116
76.196		442.552		0.209
76.574		293.562		0.575
79.586		195.753		0.139
79.871		195.785		0.244
80.237		205.506		0.239
80.476		198.573		0.115
80.893		416.142		0.302
81.194		394.332		0.273
81.473		344.682		0.291
81.764		331.493		0.306
82.070		292.611		0.292
82.362		347.799		0.266
82.634		393.032		0.296
82.936		418.568		0.366
83.307		390.942		1.602
84.927		331.311		0.313
85.240		347.183		0.255
85.542		394.336		0.390
85.933		391.660		0.271
86.960		261.615		1.415
88.439		198.147		0.267
88.712		222.900		0.302
89.043		177.387		0.255
89.304		197.767		0.308
89.617		219.051		0.372
89.995		197.704		0.273
90.268		186.348		0.284
90.569		195.290		2.067
92.717		195.204		0.168
93.025		194.752		0.197
93.362		195.202		0.482
96.177		234.799		0.180
96.461		235.183		0.209
96.734		234.698		0.598
98.000		395.774		0.168
98.255		393.551		0.320
98.575		393.122		0.504
99.521		391.236		0.969
100.508		325.771		0.755
101.373		233.462		0.958
102.336		195.401		0.987
103.364		261.758		1.720
105.083		279.040		0.319
105.402		293.352		0.986
106.388		279.413		0.940
107.369		293.898		1.004
108.379		309.930		0.639
109.342		334.011		0.140
109.482		194.918		0.139
109.621		269.607		0.146
109.796		333.718		0.133
109.929		394.418		0.192
110.126		351.603		0.128
110.254		333.200		0.354
111.197		335.003		0.137
111.335		259.016		0.157
111.491		334.738		0.156
111.647		260.179		0.152
111.799		335.074		0.157
111.957		260.959		0.141
112.101		334.596		0.128
112.229		261.668		0.167
112.396		334.466		0.139
112.535		262.029		0.163
112.697		333.766		0.168
112.866		262.361		0.128
112.998		248.757		0.171
113.169		417.298		0.168
113.337		249.028		0.134
113.471		418.067		0.155
113.626		248.241		0.123
113.749		417.518		0.173
113.922		248.281		0.150
114.072		417.124		0.164
114.236		247.907		0.133
114.369		416.500		0.157
114.527		247.595		0.145
114.672		418.360		0.173
114.845		428.888		0.157
115.003		334.759		0.115
115.142		437.482		0.151
115.310		333.742		0.110
115.438		433.623		0.128
115.623		335.223		0.126
115.769		433.325		0.117
115.902		350.698		0.139
116.053		436.861		0.139
116.210		349.934		0.110
116.338		436.565		0.151
116.524		350.439		0.163
116.687		350.900		0.161
116.848		290.853		0.158
117.006		349.368		0.150
117.156		290.747		0.134
117.291		347.342		0.173
117.464		291.424		0.191
117.655		333.510		0.459
119.101		234.498		0.197
119.327		234.898		0.221
119.658		233.779		0.708
120.947		395.115		0.168
121.231		391.795		0.303
121.534		391.965		0.591
122.526		392.891		0.922
123.448		327.050		0.808
124.360		233.592		0.877
125.266		195.399		1.033
126.322		261.117		1.040
127.367		276.999		1.115
128.488		291.113		0.946
129.440		281.617		0.993
130.433		293.456		0.975
131.413		312.935		0.836
132.394		335.995		0.133
132.527		198.452		0.129
132.656		269.017		0.157
132.813		333.375		0.110
132.923		389.585		0.168
133.097		349.797		0.204
133.301		330.469		0.510
134.385		333.215		0.151
134.536		258.298		0.139
134.676		333.807		0.144
134.820		258.841		0.152
134.973		333.993		0.163
135.135		258.750		0.161
135.296		333.955		0.145
135.441		258.713		0.175
135.616		333.845		0.139
135.755		259.097		0.169
135.925		333.455		0.126
136.051		258.794		0.123
136.173		247.499		0.192
136.366		413.089		0.156
136.522		247.857		0.139
136.661		412.081		0.169
136.830		247.622		0.174
137.004		413.324		0.192
137.195		247.696		0.157
137.352		412.620		0.162
137.514		247.459		0.151
137.665		411.784		0.151
137.816		246.970		0.157
137.973		416.316		0.163
138.158		430.160		0.146
138.304		333.954		0.147
138.473		439.499		0.134
138.606		333.580		0.121
138.773		437.471		0.151
138.924		333.589		0.116
139.088		438.643		0.127
139.215		354.063		0.169
139.384		433.990		0.156
139.540		352.681		0.168
139.733		437.471		0.127
139.860		353.026		0.208
140.068		352.508		0.145
140.213		290.667		0.150
140.363		352.013		0.176
140.540		291.463		0.162
140.701		345.519		0.168
140.870		291.635		0.220
141.090		331.639		0.483
142.472		372.289		0.284
142.762		393.955		0.342
143.104		516.695		0.298
143.402		492.161		0.463
144.376		293.152		0.342
144.724		315.117		0.261
145.003		392.894		0.795
146.262		335.152		0.314
146.577		350.656		0.341
146.918		465.581		0.349
147.273		438.827		0.621
148.248		438.043		0.360
148.613		471.199		0.261
148.875		620.773		0.331
149.206		586.258		0.430
150.175		293.099		0.225
150.400		280.765		0.362
150.762		261.959		1.346
152.613		350.926		0.424
153.613		291.597		1.859
157.722		414.444		0.315
158.036		392.479		0.318
158.801		691.884		0.241
159.042		654.553		0.218
159.718		233.142		0.247
159.965		232.972		0.287
160.311		233.602		0.662
161.611		392.028		0.284
161.895		390.367		0.292
162.187		392.418		0.660
163.162		392.111		0.945
164.136		327.075		0.789
165.001		308.432		0.940
166.005		263.120		0.702
167.166		351.185		0.952
168.124		371.875		0.981
169.111		390.390		0.969
170.086		370.823		0.987
171.079		392.441		0.967
172.045		421.828		0.891
173.035		439.943		0.174
173.331		339.435		0.145
173.500		435.264		0.134
173.668		517.617		0.131
173.798		471.583		0.177
173.981		441.640		0.459
175.038		222.458		0.145
175.183		172.042		0.117
175.300		222.983		0.167
175.467		171.584		0.137
175.604		225.270		0.159
175.763		172.412		0.151
175.914		224.702		0.145
176.059		172.646		0.157
176.216		224.890		0.192
176.408		172.796		0.096
176.504		224.735		0.187
176.691		173.065		0.140
176.831		163.259		0.203
177.034		272.594		0.095
177.173		162.974		0.168
177.342		273.355		0.168
177.510		164.118		0.161
177.671		276.672		0.165
177.837		163.533		0.156
177.993		278.402		0.163
178.156		163.569		0.143
178.299		279.087		0.188
178.487		333.262		0.151
178.638		274.115		0.178
178.815		289.597		0.140
178.955		224.206		0.169
179.124		290.695		0.133
179.257		222.338		0.191
179.448		290.368		0.135
179.583		219.806		0.179
179.761		291.200		0.112
179.873		236.055		0.185
180.058		287.900		0.139
180.197		235.564		0.169
180.366		287.263		0.135
180.522		235.209		0.169
180.727		234.945		0.127
180.854		194.660		0.148
181.035		235.536		0.143
181.178		194.592		0.205
181.383		232.477		0.126
181.532		194.017		0.140
181.701		219.820		0.471
183.118		372.250		0.280
183.398		392.041		0.330
183.728		517.694		0.318
184.046		496.135		0.361
185.017		292.878		0.348
185.371		315.330		0.238
185.626		391.572		1.068
186.955		334.670		0.318
187.273		352.298		0.320
187.593		463.185		0.321
187.914		437.798		0.489
188.842		437.449		0.348
189.196		473.057		0.274
189.470		623.817		0.330
189.806		586.397		0.534
190.775		292.801		0.267
191.042		279.180		0.331
191.373		261.175		1.271
193.247		351.407		0.317
194.265		291.785		2.128
198.745		413.432		0.326
199.071		392.015		0.301
199.860		691.970		0.260
200.120		651.810		0.227
200.835		235.064		0.244
201.131		234.880		0.215
201.439		234.349		0.726
202.745		392.953		0.279
203.024		392.216		0.324
203.348		390.938		0.628
204.330		391.842		0.998
205.328		329.321		0.952
206.280		311.641		0.923
207.273		259.748		0.993
208.266		349.504		0.986
209.258		371.008		0.975
210.239		391.052		0.975
211.220		372.428		0.929
212.155		392.673		0.859
213.020		419.645		0.964
213.983		443.088		0.203
214.187		259.467		0.092
214.279		352.298		0.152
214.430		442.366		0.123
214.553		526.337		0.156
214.709		453.318		0.189
214.899		446.271		0.426
215.986		222.318		0.151
216.137		172.695		0.116
216.253		219.801		0.152
216.405		172.576		0.145
216.549		223.688		0.174
216.723		172.570		0.139
216.862		223.312		0.174
217.036		172.692		0.127
217.163		220.894		0.164
217.350		173.197		0.152
217.503		172.087		0.150
217.653		216.642		0.191
217.844		165.190		0.147
217.990		278.675		0.161
218.151		165.190		0.146
218.297		279.258		0.179
218.477		165.917		0.162
218.638		279.553		0.185
218.823		165.300		0.152
218.976		279.065		0.163
219.139		163.737		0.167
219.306		279.784		0.157
219.463		163.612		0.164
219.628		278.968		0.162
219.818		292.117		0.133
219.951		222.167		0.175
220.126		289.113		0.127
220.253		222.498		0.184
220.437		291.606		0.123
220.561		221.999		0.197
220.758		289.507		0.141
220.899		234.946		0.185
221.084		287.969		0.128
221.211		235.005		0.197
221.409		287.171		0.149
221.558		235.283		0.207
221.765		234.971		0.165
221.931		194.382		0.220
222.150		234.881		0.180
222.331		194.355		0.209
222.586		234.740		0.168
222.772		195.422		0.290
223.074		220.822		0.697
