0.023	0.000
0.033	0.000
0.043	0.000
0.053	0.000
0.063	0.000
0.073	0.000
0.083	0.000
0.093	0.000
0.103	0.000
0.113	0.000
0.123	0.000
0.133	0.000
0.143	0.000
0.153	0.000
0.163	0.000
0.173	0.000
0.183	0.000
0.193	0.000
0.203	0.000
0.213	0.000
0.223	0.000
0.233	0.000
0.243	0.000
0.253	0.000
0.263	0.000
0.273	0.000
0.283	0.000
0.293	0.000
0.303	0.000
0.313	0.000
0.323	0.000
0.333	0.000
0.343	0.000
0.353	0.000
0.363	0.000
0.373	0.000
0.383	0.000
0.393	0.000
0.403	0.000
0.413	0.000
0.423	0.000
0.433	0.000
0.443	0.000
0.453	0.000
0.463	0.000
0.473	0.000
0.483	0.000
0.493	0.000
0.503	0.000
0.513	0.000
0.523	0.000
0.533	0.000
0.543	0.000
0.553	0.000
0.563	0.000
0.573	0.000
0.583	0.000
0.593	0.000
0.603	0.000
0.613	0.000
0.623	0.000
0.633	0.000
0.643	0.000
0.653	0.000
0.663	0.000
0.673	0.000
0.683	0.000
0.693	0.000
0.703	0.000
0.713	0.000
0.723	0.000
0.733	0.000
0.743	0.000
0.753	0.000
0.763	0.000
0.773	0.000
0.783	0.000
0.793	0.000
0.803	0.000
0.813	0.000
0.823	0.000
0.833	0.000
0.843	0.000
0.853	0.000
0.863	0.000
0.873	0.000
0.883	0.000
0.893	0.000
0.903	0.000
0.913	0.000
0.923	0.000
0.933	0.000
0.943	0.000
0.953	0.000
0.963	0.000
0.973	0.000
0.983	0.000
0.993	0.000
1.003	0.000
1.013	0.000
1.023	0.000
1.033	0.000
1.043	0.000
1.053	0.000
1.063	0.000
1.073	0.000
1.083	0.000
1.093	0.000
1.103	0.000
1.113	0.000
1.123	0.000
1.133	0.000
1.143	0.000
1.153	0.000
1.163	0.000
1.173	0.000
1.183	0.000
1.193	0.000
1.203	0.000
1.213	0.000
1.223	0.000
1.233	0.000
1.243	0.000
1.253	0.000
1.263	0.000
1.273	0.000
1.283	0.000
1.293	0.000
1.303	0.000
1.313	0.000
1.323	0.000
1.333	0.000
1.343	0.000
1.353	0.000
1.363	0.000
1.373	0.000
1.383	0.000
1.393	0.000
1.403	0.000
1.413	0.000
1.423	0.000
1.433	0.000
1.443	0.000
1.453	0.000
1.463	0.000
1.473	0.000
1.483	0.000
1.493	0.000
1.503	0.000
1.513	0.000
1.523	0.000
1.533	0.000
1.543	0.000
1.553	0.000
1.563	0.000
1.573	0.000
1.583	0.000
1.593	0.000
1.603	0.000
1.613	0.000
1.623	0.000
1.633	0.000
1.643	0.000
1.653	0.000
1.663	0.000
1.673	0.000
1.683	0.000
1.693	0.000
1.703	0.000
1.713	0.000
1.723	0.000
1.733	0.000
1.743	0.000
1.753	0.000
1.763	0.000
1.773	0.000
1.783	0.000
1.793	0.000
1.803	0.000
1.813	0.000
1.823	0.000
1.833	0.000
1.843	0.000
1.853	0.000
1.863	0.000
1.873	0.000
1.883	0.000
1.893	0.000
1.903	0.000
1.913	0.000
1.923	0.000
1.933	0.000
1.943	0.000
1.953	0.000
1.963	0.000
1.973	0.000
1.983	0.000
1.993	0.000
2.003	0.000
2.013	0.000
2.023	0.000
2.033	0.000
2.043	0.000
2.053	0.000
2.063	0.000
2.073	0.000
2.083	0.000
2.093	0.000
2.103	0.000
2.113	0.000
2.123	0.000
2.133	0.000
2.143	0.000
2.153	0.000
2.163	0.000
2.173	0.000
2.183	0.000
2.193	0.000
2.203	0.000
2.213	0.000
2.223	0.000
2.233	0.000
2.243	0.000
2.253	0.000
2.263	0.000
2.273	0.000
2.283	0.000
2.293	0.000
2.303	0.000
2.313	0.000
2.323	0.000
2.333	0.000
2.343	0.000
2.353	0.000
2.363	0.000
2.373	0.000
2.383	0.000
2.393	0.000
2.403	0.000
2.413	0.000
2.423	0.000
2.433	0.000
2.443	0.000
2.453	0.000
2.463	0.000
2.473	0.000
2.483	0.000
2.493	0.000
2.503	0.000
2.513	0.000
2.523	0.000
2.533	0.000
2.543	0.000
2.553	0.000
2.563	0.000
2.573	0.000
2.583	0.000
2.593	0.000
2.603	0.000
2.613	0.000
2.623	0.000
2.633	0.000
2.643	0.000
2.653	0.000
2.663	0.000
2.673	0.000
2.683	0.000
2.693	0.000
2.703	0.000
2.713	0.000
2.723	0.000
2.733	0.000
2.743	0.000
2.753	0.000
2.763	0.000
2.773	0.000
2.783	0.000
2.793	0.000
2.803	0.000
2.813	0.000
2.823	0.000
2.833	0.000
2.843	0.000
2.853	0.000
2.863	0.000
2.873	0.000
2.883	0.000
2.893	0.000
2.903	0.000
2.913	0.000
2.923	0.000
2.933	0.000
2.943	0.000
2.953	0.000
2.963	0.000
2.973	0.000
2.983	0.000
2.993	0.000
3.003	0.000
3.013	0.000
3.023	0.000
3.033	0.000
3.043	0.000
3.053	0.000
3.063	0.000
3.073	0.000
3.083	0.000
3.093	0.000
3.103	0.000
3.113	0.000
3.123	0.000
3.133	0.000
3.143	0.000
3.153	0.000
3.163	0.000
3.173	0.000
3.183	0.000
3.193	0.000
3.203	0.000
3.213	0.000
3.223	0.000
3.233	0.000
3.243	0.000
3.253	0.000
3.263	0.000
3.273	0.000
3.283	0.000
3.293	0.000
3.303	0.000
3.313	0.000
3.323	0.000
3.333	0.000
3.343	0.000
3.353	0.000
3.363	0.000
3.373	0.000
3.383	0.000
3.393	0.000
3.403	0.000
3.413	0.000
3.423	0.000
3.433	0.000
3.443	0.000
3.453	0.000
3.463	0.000
3.473	0.000
3.483	0.000
3.493	0.000
3.503	0.000
3.513	0.000
3.523	0.000
3.533	0.000
3.543	0.000
3.553	0.000
3.563	0.000
3.573	0.000
3.583	0.000
3.593	0.000
3.603	0.000
3.613	0.000
3.623	0.000
3.633	0.000
3.643	0.000
3.653	0.000
3.663	0.000
3.673	0.000
3.683	0.000
3.693	0.000
3.703	0.000
3.713	0.000
3.723	0.000
3.733	0.000
3.743	0.000
3.753	0.000
3.763	0.000
3.773	0.000
3.783	0.000
3.793	0.000
3.803	0.000
3.813	0.000
3.823	0.000
3.833	0.000
3.843	0.000
3.853	0.000
3.863	0.000
3.873	0.000
3.883	0.000
3.893	0.000
3.903	0.000
3.913	0.000
3.923	0.000
3.933	0.000
3.943	0.000
3.953	0.000
3.963	0.000
3.973	0.000
3.983	0.000
3.993	0.000
4.003	0.000
4.013	0.000
4.023	0.000
4.033	0.000
4.043	0.000
4.053	0.000
4.063	0.000
4.073	0.000
4.083	0.000
4.093	0.000
4.103	0.000
4.113	0.000
4.123	0.000
4.133	0.000
4.143	0.000
4.153	0.000
4.163	0.000
4.173	0.000
4.183	0.000
4.193	0.000
4.203	0.000
4.213	0.000
4.223	0.000
4.233	0.000
4.243	0.000
4.253	0.000
4.263	0.000
4.273	0.000
4.283	0.000
4.293	0.000
4.303	0.000
4.313	0.000
4.323	0.000
4.333	0.000
4.343	0.000
4.353	0.000
4.363	0.000
4.373	0.000
4.383	0.000
4.393	0.000
4.403	0.000
4.413	0.000
4.423	0.000
4.433	0.000
4.443	0.000
4.453	0.000
4.463	0.000
4.473	0.000
4.483	0.000
4.493	0.000
4.503	0.000
4.513	0.000
4.523	0.000
4.533	0.000
4.543	0.000
4.553	0.000
4.563	0.000
4.573	0.000
4.583	0.000
4.593	0.000
4.603	0.000
4.613	0.000
4.623	0.000
4.633	0.000
4.643	0.000
4.653	0.000
4.663	0.000
4.673	0.000
4.683	0.000
4.693	0.000
4.703	0.000
4.713	0.000
4.723	0.000
4.733	0.000
4.743	0.000
4.753	0.000
4.763	0.000
4.773	0.000
4.783	0.000
4.793	0.000
4.803	0.000
4.813	0.000
4.823	0.000
4.833	0.000
4.843	0.000
4.853	0.000
4.863	0.000
4.873	0.000
4.883	0.000
4.893	0.000
4.903	0.000
4.913	0.000
4.923	0.000
4.933	0.000
4.943	0.000
4.953	0.000
4.963	0.000
4.973	0.000
4.983	0.000
4.993	0.000
5.003	0.000
5.013	0.000
5.023	0.000
5.033	0.000
5.043	0.000
5.053	0.000
5.063	0.000
5.073	0.000
5.083	0.000
5.093	0.000
5.103	0.000
5.113	0.000
5.123	0.000
5.133	0.000
5.143	0.000
5.153	0.000
5.163	0.000
5.173	0.000
5.183	0.000
5.193	0.000
5.203	0.000
5.213	0.000
5.223	0.000
5.233	0.000
5.243	0.000
5.253	0.000
5.263	0.000
5.273	0.000
5.283	0.000
5.293	0.000
5.303	0.000
5.313	0.000
5.323	0.000
5.333	0.000
5.343	0.000
5.353	0.000
5.363	0.000
5.373	0.000
5.383	0.000
5.393	0.000
5.403	0.000
5.413	0.000
5.423	0.000
5.433	0.000
5.443	0.000
5.453	0.000
5.463	0.000
5.473	0.000
5.483	0.000
5.493	0.000
5.503	0.000
5.513	0.000
5.523	0.000
5.533	0.000
5.543	0.000
5.553	0.000
5.563	0.000
5.573	0.000
5.583	0.000
5.593	0.000
5.603	0.000
5.613	0.000
5.623	0.000
5.633	0.000
5.643	0.000
5.653	0.000
5.663	0.000
5.673	0.000
5.683	0.000
5.693	0.000
5.703	0.000
5.713	0.000
5.723	0.000
5.733	0.000
5.743	0.000
5.753	0.000
5.763	0.000
5.773	0.000
5.783	0.000
5.793	0.000
5.803	0.000
5.813	0.000
5.823	0.000
5.833	0.000
5.843	0.000
5.853	0.000
5.863	0.000
5.873	0.000
5.883	0.000
5.893	145.817
5.903	145.872
5.913	145.994
5.923	146.096
5.933	146.338
5.943	145.847
5.953	145.890
5.963	145.926
5.973	145.970
5.983	145.932
5.993	146.114
6.003	145.988
6.013	145.833
6.023	146.303
6.033	146.264
6.043	146.529
6.053	146.425
6.063	146.219
6.073	146.535
6.083	146.717
6.093	146.872
6.103	146.749
6.113	146.576
6.123	145.916
6.133	145.843
6.143	145.544
6.153	145.162
6.163	144.946
6.173	144.917
6.183	145.200
6.193	145.095
6.203	145.620
6.213	146.428
6.223	147.223
6.233	146.660
6.243	146.440
6.253	147.063
6.263	147.676
6.273	147.776
6.283	147.761
6.293	147.352
6.303	146.717
6.313	145.941
6.323	145.695
6.333	145.593
6.343	145.495
6.353	145.355
6.363	145.101
6.373	144.850
6.383	145.046
6.393	145.387
6.403	146.166
6.413	146.927
6.423	147.253
6.433	147.354
6.443	147.532
6.453	147.937
6.463	148.033
6.473	148.025
6.483	147.627
6.493	147.000
6.503	146.600
6.513	145.774
6.523	145.732
6.533	145.679
6.543	145.406
6.553	145.116
6.563	145.152
6.573	145.361
6.583	146.113
6.593	146.778
6.603	147.070
6.613	147.207
6.623	147.419
6.633	147.606
6.643	147.819
6.653	148.092
6.663	147.973
6.673	147.553
6.683	147.243
6.693	146.551
6.703	145.965
6.713	145.873
6.723	145.638
6.733	145.373
6.743	145.490
6.753	145.567
6.763	145.733
6.773	146.171
6.783	146.587
6.793	147.125
6.803	147.253
6.813	147.428
6.823	147.409
6.833	147.659
6.843	147.859
6.853	147.371
6.863	147.171
6.873	146.405
6.883	146.074
6.893	145.915
6.903	145.934
6.913	145.851
6.923	145.662
6.933	145.783
6.943	146.063
6.953	146.489
6.963	146.948
6.973	147.027
6.983	147.075
6.993	147.432
7.003	147.437
7.013	147.301
7.023	147.446
7.033	147.050
7.043	146.752
7.053	146.423
7.063	146.723
7.073	146.570
7.083	146.536
7.093	146.611
7.103	146.682
7.113	146.606
7.123	146.691
7.133	146.849
7.143	146.915
7.153	146.981
7.163	147.066
7.173	147.292
7.183	147.201
7.193	146.897
7.203	146.416
7.213	146.581
7.223	146.787
7.233	147.580
7.243	0.000
7.253	0.000
7.263	164.868
7.273	165.011
7.283	164.888
7.293	165.261
7.303	165.398
7.313	165.686
7.323	165.831
7.333	165.516
7.343	164.707
7.353	164.668
7.363	164.546
7.373	164.841
7.383	164.979
7.393	164.682
7.403	164.491
7.413	164.570
7.423	164.896
7.433	164.951
7.443	165.278
7.453	165.653
7.463	166.174
7.473	166.170
7.483	166.077
7.493	165.915
7.503	165.653
7.513	165.455
7.523	165.024
7.533	164.583
7.543	164.480
7.553	164.337
7.563	164.267
7.573	164.737
7.583	165.112
7.593	165.549
7.603	166.084
7.613	166.170
7.623	166.286
7.633	166.393
7.643	166.219
7.653	166.107
7.663	165.905
7.673	165.464
7.683	164.820
7.693	164.326
7.703	163.908
7.713	163.838
7.723	163.964
7.733	164.304
7.743	164.809
7.753	165.256
7.763	165.626
7.773	165.955
7.783	166.150
7.793	166.226
7.803	166.097
7.813	166.009
7.823	165.907
7.833	165.664
7.843	165.227
7.853	164.938
7.863	164.117
7.873	163.717
7.883	163.523
7.893	164.064
7.903	164.091
7.913	164.584
7.923	164.967
7.933	165.249
7.943	165.335
7.953	165.468
7.963	165.430
7.973	165.413
7.983	165.597
7.993	165.270
8.003	165.145
8.013	161.822
8.023	162.425
8.033	161.924
8.043	162.482
8.053	162.572
8.063	162.621
8.073	163.065
8.083	162.875
8.093	161.301
8.103	163.039
8.113	164.023
8.123	162.799
8.133	162.138
8.143	162.931
8.153	163.140
8.163	162.226
8.173	162.607
8.183	139.123
8.193	138.748
8.203	139.651
8.213	139.334
8.223	139.114
8.233	139.019
8.243	138.921
8.253	138.993
8.263	139.743
8.273	140.150
8.283	139.540
8.293	139.429
8.303	139.191
8.313	139.355
8.323	139.444
8.333	139.455
8.343	139.436
8.353	139.822
8.363	139.328
8.373	139.189
8.383	139.338
8.393	138.978
8.403	139.941
8.413	139.969
8.423	139.648
8.433	139.268
8.443	139.450
8.453	140.058
8.463	139.436
8.473	139.703
8.483	139.990
8.493	140.163
8.503	140.420
8.513	139.984
8.523	139.877
8.533	138.681
8.543	138.611
8.553	138.461
8.563	138.339
8.573	138.264
8.583	138.241
8.593	138.283
8.603	138.441
8.613	138.706
8.623	138.850
8.633	139.211
8.643	139.416
8.653	139.538
8.663	139.495
8.673	139.320
8.683	138.938
8.693	138.460
8.703	138.147
8.713	138.017
8.723	137.892
8.733	137.715
8.743	137.641
8.753	137.717
8.763	137.837
8.773	137.867
8.783	138.344
8.793	138.892
8.803	139.044
8.813	139.353
8.823	139.584
8.833	139.607
8.843	139.568
8.853	139.407
8.863	139.063
8.873	138.561
8.883	138.314
8.893	137.893
8.903	137.701
8.913	137.631
8.923	137.549
8.933	137.502
8.943	137.640
8.953	137.834
8.963	138.165
8.973	138.659
8.983	138.931
8.993	139.428
9.003	139.877
9.013	139.834
9.023	139.730
9.033	139.524
9.043	139.093
9.053	138.576
9.063	138.298
9.073	137.925
9.083	137.602
9.093	137.486
9.103	137.530
9.113	137.502
9.123	137.512
9.133	137.504
9.143	138.295
9.153	138.780
9.163	138.750
9.173	140.737
9.183	140.834
9.193	140.580
9.203	140.498
9.213	140.303
9.223	139.908
9.233	139.404
9.243	139.135
9.253	139.208
9.263	140.141
9.273	139.573
9.283	139.433
9.293	139.943
9.303	139.769
9.313	139.728
9.323	140.439
9.333	139.915
9.343	139.860
9.353	140.174
9.363	140.192
9.373	139.925
9.383	139.778
9.393	139.574
9.403	139.394
9.413	139.789
9.423	140.191
9.433	139.823
9.443	140.271
9.453	138.903
9.463	138.684
9.473	138.940
9.483	138.616
9.493	138.705
9.503	139.534
9.513	139.539
9.523	139.483
9.533	139.638
9.543	140.046
9.553	139.837
9.563	139.536
9.573	139.655
9.583	139.735
9.593	139.082
9.603	139.029
9.613	138.705
9.623	138.516
9.633	138.308
9.643	138.684
9.653	138.431
9.663	137.788
9.673	137.975
9.683	138.634
9.693	139.060
9.703	139.256
9.713	139.430
9.723	139.415
9.733	139.475
9.743	139.404
9.753	139.441
9.763	139.696
9.773	139.593
9.783	139.616
9.793	139.620
9.803	140.298
9.813	140.124
9.823	139.950
9.833	139.325
9.843	138.878
9.853	139.019
9.863	139.387
9.873	139.257
9.883	139.078
9.893	139.112
9.903	139.179
9.913	139.241
9.923	139.204
9.933	139.272
9.943	139.230
9.953	139.256
9.963	139.417
9.973	139.163
9.983	139.075
9.993	139.137
10.003	139.164
10.013	139.109
10.023	139.062
10.033	139.010
10.043	139.012
10.053	139.058
10.063	139.036
10.073	138.864
10.083	138.877
10.093	138.887
10.103	138.706
10.113	138.710
10.123	138.679
10.133	138.644
10.143	138.598
10.153	138.591
10.163	138.569
10.173	138.514
10.183	138.508
10.193	138.532
10.203	138.605
10.213	138.626
10.223	138.663
10.233	138.673
10.243	138.681
10.253	138.681
10.263	138.688
10.273	138.689
10.283	138.682
10.293	138.661
10.303	138.716
10.313	138.733
10.323	138.728
10.333	138.724
10.343	138.765
10.353	138.785
10.363	138.752
10.373	138.757
10.383	138.750
10.393	138.750
10.403	138.695
10.413	138.669
10.423	138.670
10.433	138.659
10.443	138.691
10.453	138.668
10.463	138.660
10.473	138.667
10.483	138.628
10.493	138.627
10.503	138.609
10.513	138.693
10.523	138.755
10.533	138.803
10.543	139.007
10.553	139.298
10.563	139.895
10.573	140.522
10.583	141.602
10.593	142.663
10.603	143.405
10.613	143.544
10.623	144.435
10.633	145.899
10.643	147.146
10.653	146.975
10.663	146.705
10.673	146.614
10.683	147.003
10.693	147.178
10.703	147.004
10.713	147.132
10.723	147.401
10.733	147.577
10.743	147.548
10.753	147.375
10.763	147.712
10.773	147.764
10.783	147.576
10.793	147.616
10.803	147.581
10.813	147.565
10.823	147.466
10.833	147.690
10.843	147.722
10.853	147.649
10.863	147.587
10.873	147.609
10.883	147.641
10.893	147.600
10.903	147.475
10.913	147.437
10.923	147.412
10.933	147.355
10.943	147.354
10.953	147.354
10.963	147.396
10.973	147.386
10.983	147.310
10.993	147.185
11.003	147.028
11.013	146.933
11.023	147.101
11.033	146.968
11.043	146.810
11.053	146.622
11.063	146.875
11.073	147.043
11.083	147.488
11.093	147.793
11.103	147.922
11.113	147.960
11.123	147.853
11.133	147.525
11.143	146.915
11.153	146.675
11.163	146.343
11.173	146.237
11.183	146.020
11.193	145.561
11.203	145.737
11.213	146.264
11.223	146.574
11.233	147.127
11.243	147.571
11.253	147.867
11.263	147.970
11.273	148.134
11.283	148.097
11.293	147.993
11.303	147.794
11.313	147.313
11.323	146.676
11.333	146.477
11.343	146.400
11.353	146.122
11.363	145.865
11.373	145.756
11.383	146.131
11.393	146.540
11.403	146.705
11.413	147.266
11.423	147.700
11.433	148.082
11.443	148.213
11.453	148.269
11.463	148.064
11.473	148.054
11.483	148.030
11.493	147.413
11.503	146.513
11.513	146.298
11.523	146.180
11.533	146.064
11.543	145.987
11.553	145.745
11.563	145.694
11.573	146.517
11.583	146.917
11.593	147.698
11.603	147.923
11.613	148.029
11.623	148.066
11.633	148.174
11.643	148.118
11.653	147.992
11.663	147.771
11.673	147.436
11.683	146.703
11.693	146.335
11.703	146.223
11.713	146.282
11.723	146.195
11.733	145.820
11.743	145.964
11.753	146.784
11.763	147.182
11.773	147.667
11.783	147.720
11.793	147.748
11.803	147.778
11.813	147.950
11.823	148.012
11.833	148.014
11.843	147.916
11.853	147.577
11.863	147.164
11.873	147.007
11.883	146.636
11.893	146.689
11.903	146.694
11.913	146.532
11.923	146.188
11.933	146.310
11.943	146.537
11.953	147.072
11.963	147.771
11.973	147.656
11.983	147.311
11.993	146.577
12.003	146.376
12.013	146.529
12.023	146.735
12.033	146.746
12.043	146.715
12.053	146.688
12.063	146.515
12.073	146.356
12.083	146.272
12.093	146.248
12.103	146.589
12.113	146.859
12.123	146.911
12.133	146.767
12.143	146.646
12.153	146.716
12.163	146.699
12.173	146.538
12.183	146.265
12.193	146.244
12.203	146.935
12.213	148.676
12.223	0.000
12.233	0.000
12.243	0.000
12.253	164.526
12.263	164.900
12.273	165.052
12.283	163.906
12.293	164.274
12.303	164.767
12.313	165.386
12.323	165.028
12.333	164.865
12.343	164.765
12.353	164.078
12.363	164.173
12.373	164.083
12.383	164.636
12.393	164.542
12.403	164.460
12.413	164.543
12.423	164.740
12.433	164.776
12.443	164.726
12.453	164.721
12.463	164.821
12.473	164.565
12.483	164.197
12.493	163.603
12.503	163.003
12.513	162.857
12.523	163.096
12.533	163.778
12.543	164.424
12.553	164.596
12.563	164.893
12.573	165.126
12.583	165.114
12.593	165.012
12.603	164.940
12.613	164.813
12.623	164.395
12.633	164.227
12.643	163.619
12.653	163.046
12.663	162.850
12.673	162.622
12.683	162.702
12.693	163.092
12.703	163.410
12.713	164.207
12.723	164.790
12.733	164.900
12.743	165.181
12.753	165.451
12.763	165.560
12.773	165.495
12.783	165.287
12.793	164.961
12.803	164.317
12.813	163.898
12.823	163.129
12.833	162.516
12.843	162.473
12.853	162.872
12.863	163.893
12.873	164.527
12.883	164.715
12.893	164.848
12.903	164.822
12.913	164.863
12.923	164.965
12.933	164.836
12.943	164.838
12.953	164.854
12.963	164.641
12.973	164.791
12.983	164.669
12.993	164.528
13.003	164.476
13.013	164.736
13.023	164.897
13.033	166.046
13.043	167.754
13.053	167.615
13.063	167.344
13.073	167.229
13.083	166.829
13.093	168.470
13.103	175.372
13.113	179.978
13.123	183.015
13.133	184.600
13.143	187.678
13.153	187.877
13.163	185.512
13.173	185.041
13.183	185.572
13.193	186.830
13.203	186.898
13.213	188.295
13.223	188.403
13.233	187.744
13.243	187.205
13.253	186.902
13.263	186.281
13.273	186.282
13.283	185.704
13.293	185.846
13.303	186.083
13.313	186.141
13.323	186.072
13.333	186.352
13.343	187.358
13.353	187.646
13.363	188.260
13.373	188.556
13.383	188.143
13.393	187.718
13.403	187.220
13.413	186.487
13.423	186.192
13.433	185.421
13.443	184.650
13.453	184.485
13.463	184.233
13.473	184.272
13.483	184.868
13.493	185.361
13.503	186.316
13.513	187.078
13.523	187.580
13.533	187.623
13.543	187.528
13.553	187.453
13.563	187.164
13.573	186.725
13.583	185.916
13.593	185.060
13.603	184.784
13.613	184.164
13.623	184.020
13.633	184.070
13.643	184.343
13.653	184.808
13.663	185.819
13.673	186.402
13.683	187.243
13.693	187.587
13.703	187.392
13.713	187.100
13.723	186.902
13.733	186.464
13.743	186.332
13.753	185.546
13.763	184.507
13.773	183.714
13.783	183.702
13.793	183.821
13.803	184.276
13.813	184.630
13.823	184.835
13.833	185.896
13.843	186.907
13.853	187.247
13.863	187.493
13.873	187.165
13.883	187.011
13.893	186.653
13.903	186.556
13.913	186.253
13.923	185.809
13.933	184.971
13.943	183.876
13.953	183.789
13.963	184.095
13.973	184.833
13.983	185.376
13.993	186.104
14.003	186.384
14.013	187.055
14.023	187.576
14.033	187.623
14.043	187.449
14.053	187.083
14.063	186.479
14.073	186.343
14.083	185.803
14.093	185.130
14.103	184.848
14.113	184.226
14.123	184.327
14.133	184.676
14.143	185.075
14.153	185.802
14.163	186.599
14.173	187.101
14.183	187.203
14.193	187.514
14.203	187.547
14.213	187.544
14.223	187.260
14.233	186.779
14.243	185.752
14.253	185.298
14.263	184.882
14.273	184.669
14.283	184.513
14.293	184.579
14.303	184.953
14.313	185.289
14.323	185.863
14.333	186.863
14.343	187.421
14.353	187.684
14.363	187.697
14.373	187.461
14.383	187.238
14.393	187.228
14.403	186.622
14.413	186.004
14.423	185.340
14.433	184.973
14.443	184.627
14.453	184.791
14.463	184.829
14.473	185.452
14.483	186.335
14.493	186.948
14.503	187.104
14.513	187.269
14.523	187.056
14.533	187.109
14.543	187.195
14.553	187.168
14.563	187.019
14.573	186.866
14.583	186.320
14.593	186.051
14.603	186.241
14.613	186.278
14.623	186.483
14.633	186.592
14.643	186.534
14.653	186.358
14.663	185.632
14.673	184.390
14.683	183.494
14.693	182.167
14.703	179.335
14.713	170.771
14.723	167.764
14.733	168.194
14.743	169.243
14.753	169.450
14.763	168.158
14.773	164.399
14.783	163.079
14.793	163.640
14.803	163.962
14.813	163.849
14.823	164.217
14.833	164.798
14.843	165.187
14.853	165.265
14.863	165.114
14.873	164.547
14.883	164.439
14.893	163.851
14.903	163.647
14.913	162.854
14.923	162.323
14.933	162.305
14.943	162.341
14.953	162.514
14.963	162.751
14.973	162.955
14.983	163.792
14.993	164.535
15.003	165.070
15.013	165.198
15.023	165.291
15.033	165.161
15.043	165.094
15.053	164.752
15.063	164.076
15.073	162.800
15.083	162.246
15.093	161.424
15.103	161.319
15.113	161.501
15.123	161.772
15.133	162.097
15.143	162.740
15.153	163.310
15.163	164.269
15.173	164.763
15.183	165.222
15.193	165.397
15.203	165.351
15.213	165.116
15.223	165.004
15.233	164.592
15.243	163.817
15.253	162.864
15.263	162.498
15.273	162.189
15.283	162.519
15.293	162.769
15.303	163.278
15.313	163.462
15.323	163.532
15.333	163.710
15.343	163.529
15.353	163.286
15.363	163.080
15.373	162.953
15.383	162.868
15.393	162.961
15.403	163.071
15.413	163.330
15.423	163.726
15.433	163.952
15.443	164.003
15.453	164.219
15.463	164.258
15.473	164.281
15.483	164.442
15.493	164.840
15.503	166.016
15.513	166.864
15.523	167.100
15.533	166.064
15.543	166.588
15.553	168.080
15.563	169.257
15.573	168.771
15.583	168.199
15.593	166.724
15.603	161.228
15.613	148.524
15.623	147.283
15.633	146.568
15.643	146.869
15.653	146.913
15.663	146.329
15.673	146.257
15.683	145.851
15.693	145.580
15.703	145.849
15.713	145.628
15.723	145.470
15.733	145.383
15.743	145.405
15.753	145.389
15.763	145.127
15.773	145.207
15.783	145.032
15.793	144.872
15.803	144.849
15.813	144.915
15.823	144.946
15.833	145.098
15.843	145.701
15.853	146.527
15.863	146.980
15.873	146.995
15.883	146.817
15.893	146.461
15.903	145.970
15.913	145.821
15.923	145.424
15.933	145.114
15.943	144.954
15.953	144.529
15.963	144.071
15.973	143.734
15.983	143.720
15.993	144.080
16.003	144.940
16.013	145.484
16.023	146.271
16.033	146.818
16.043	147.295
16.053	147.416
16.063	147.216
16.073	147.061
16.083	146.886
16.093	146.496
16.103	145.814
16.113	145.367
16.123	145.215
16.133	144.687
16.143	144.095
16.153	143.820
16.163	143.903
16.173	144.423
16.183	145.191
16.193	145.651
16.203	146.461
16.213	146.811
16.223	147.075
16.233	147.268
16.243	147.559
16.253	147.476
16.263	147.046
16.273	146.605
16.283	145.597
16.293	145.133
16.303	144.931
16.313	144.341
16.323	143.588
16.333	143.515
16.343	143.696
16.353	144.311
16.363	145.429
16.373	147.063
16.383	147.524
16.393	147.756
16.403	147.818
16.413	147.790
16.423	147.760
16.433	147.569
16.443	147.112
16.453	146.705
16.463	145.997
16.473	145.509
16.483	145.386
16.493	144.807
16.503	144.024
16.513	144.026
16.523	144.292
16.533	144.920
16.543	145.769
16.553	146.914
16.563	147.052
16.573	147.399
16.583	147.487
16.593	147.468
16.603	147.394
16.613	147.131
16.623	146.472
16.633	146.115
16.643	145.725
16.653	145.309
16.663	144.940
16.673	144.326
16.683	143.863
16.693	144.130
16.703	144.334
16.713	144.856
16.723	145.484
16.733	146.217
16.743	146.487
16.753	146.716
16.763	146.931
16.773	147.062
16.783	147.168
16.793	147.123
16.803	146.746
16.813	146.491
16.823	146.471
16.833	146.282
16.843	146.026
16.853	145.684
16.863	145.756
16.873	145.943
16.883	145.842
16.893	146.016
16.903	146.086
16.913	146.170
16.923	146.153
16.933	146.016
16.943	145.949
16.953	145.871
16.963	145.806
16.973	145.632
16.983	145.424
16.993	145.772
17.003	147.783
17.013	149.870
17.023	149.676
17.033	158.112
17.043	163.637
17.053	164.295
17.063	164.812
17.073	165.788
17.083	165.141
17.093	164.861
17.103	165.283
17.113	165.446
17.123	164.792
17.133	164.277
17.143	163.952
17.153	164.142
17.163	164.226
17.173	164.367
17.183	164.398
17.193	164.958
17.203	165.169
17.213	165.084
17.223	164.979
17.233	164.959
17.243	164.819
17.253	164.477
17.263	164.354
17.273	163.659
17.283	163.415
17.293	163.350
17.303	163.690
17.313	163.935
17.323	164.432
17.333	164.838
17.343	165.226
17.353	165.315
17.363	165.447
17.373	165.433
17.383	165.423
17.393	165.481
17.403	165.218
17.413	165.021
17.423	164.819
17.433	164.324
17.443	163.848
17.453	163.640
17.463	163.549
17.473	163.868
17.483	164.388
17.493	164.645
17.503	164.928
17.513	165.315
17.523	165.551
17.533	165.550
17.543	165.656
17.553	165.594
17.563	165.451
17.573	165.479
17.583	165.133
17.593	164.810
17.603	164.745
17.613	164.730
17.623	164.737
17.633	165.000
17.643	165.102
17.653	165.331
17.663	165.492
17.673	165.553
17.683	165.551
17.693	165.478
17.703	165.571
17.713	165.630
17.723	165.807
17.733	166.729
17.743	167.998
17.753	168.486
17.763	169.364
17.773	170.978
17.783	171.204
17.793	168.281
17.803	169.929
17.813	167.060
17.823	0.000
17.833	0.000
17.843	0.000
17.853	0.000
17.863	139.496
17.873	139.720
17.883	139.518
17.893	139.394
17.903	139.275
17.913	139.458
17.923	139.640
17.933	139.726
17.943	139.602
17.953	139.447
17.963	139.502
17.973	139.394
17.983	139.382
17.993	139.204
18.003	139.211
18.013	139.134
18.023	138.941
18.033	138.900
18.043	138.889
18.053	138.950
18.063	138.965
18.073	138.923
18.083	139.031
18.093	138.972
18.103	138.850
18.113	138.826
18.123	138.863
18.133	138.793
18.143	138.754
18.153	138.864
18.163	139.072
18.173	139.300
18.183	139.410
18.193	139.615
18.203	139.569
18.213	139.488
18.223	139.215
18.233	138.791
18.243	138.564
18.253	138.445
18.263	138.321
18.273	138.172
18.283	138.156
18.293	138.296
18.303	138.682
18.313	139.164
18.323	139.356
18.333	139.948
18.343	140.585
18.353	140.898
18.363	140.972
18.373	140.580
18.383	140.076
18.393	139.859
18.403	139.215
18.413	138.625
18.423	138.184
18.433	138.167
18.443	138.028
18.453	138.081
18.463	138.352
18.473	138.466
18.483	138.928
18.493	139.575
18.503	139.876
18.513	140.484
18.523	140.948
18.533	140.886
18.543	140.731
18.553	140.324
18.563	139.854
18.573	139.499
18.583	139.114
18.593	138.780
18.603	138.342
18.613	138.292
18.623	138.151
18.633	138.171
18.643	138.471
18.653	138.777
18.663	139.446
18.673	140.229
18.683	140.491
18.693	141.015
18.703	141.301
18.713	140.838
18.723	140.838
18.733	140.248
18.743	139.860
18.753	139.692
18.763	138.915
18.773	138.449
18.783	138.360
18.793	138.356
18.803	138.244
18.813	138.301
18.823	138.531
18.833	138.739
18.843	139.264
18.853	139.993
18.863	140.253
18.873	140.752
18.883	141.011
18.893	140.915
18.903	140.768
18.913	140.550
18.923	140.095
18.933	139.617
18.943	139.188
18.953	138.743
18.963	138.583
18.973	138.450
18.983	138.545
18.993	138.667
19.003	138.511
19.013	138.873
19.023	139.133
19.033	139.404
19.043	139.926
19.053	140.088
19.063	140.114
19.073	140.289
19.083	140.235
19.093	139.923
19.103	139.459
19.113	139.124
19.123	138.992
19.133	138.835
19.143	138.661
19.153	138.744
19.163	138.784
19.173	138.844
19.183	138.818
19.193	138.816
19.203	138.770
19.213	138.966
19.223	138.785
19.233	138.762
19.243	138.808
19.253	138.680
19.263	138.654
19.273	138.611
19.283	138.521
19.293	138.371
19.303	138.381
19.313	139.075
19.323	139.443
19.333	139.833
19.343	139.404
19.353	140.034
19.363	139.094
19.373	138.091
19.383	104.792
19.393	105.504
19.403	105.677
19.413	105.903
19.423	106.205
19.433	106.818
19.443	107.291
19.453	107.422
19.463	107.294
19.473	106.746
19.483	107.286
19.493	107.755
19.503	107.501
19.513	107.164
19.523	107.386
19.533	107.198
19.543	107.967
19.553	108.249
19.563	107.186
19.573	107.777
19.583	107.465
19.593	107.822
19.603	108.148
19.613	108.095
19.623	107.884
19.633	108.125
19.643	107.957
19.653	108.043
19.663	107.758
19.673	107.725
19.683	108.066
19.693	107.900
19.703	107.833
19.713	108.017
19.723	107.267
19.733	107.083
19.743	106.833
19.753	106.997
19.763	107.189
19.773	106.855
19.783	106.712
19.793	105.433
19.803	104.716
19.813	138.679
19.823	138.526
19.833	138.404
19.843	138.566
19.853	138.810
19.863	138.037
19.873	138.061
19.883	137.946
19.893	138.703
19.903	138.655
19.913	138.349
19.923	138.743
19.933	138.673
19.943	138.491
19.953	138.676
19.963	139.030
19.973	138.945
19.983	139.248
19.993	139.420
20.003	139.211
20.013	138.925
20.023	139.194
20.033	139.449
20.043	139.183
20.053	139.096
20.063	139.731
20.073	139.355
20.083	139.761
20.093	139.817
20.103	139.583
20.113	139.487
20.123	139.682
20.133	139.775
20.143	141.148
20.153	141.201
20.163	141.236
20.173	142.364
20.183	146.893
20.193	148.156
20.203	148.667
20.213	149.684
20.223	148.640
20.233	148.993
20.243	149.181
20.253	149.177
20.263	146.940
20.273	147.299
20.283	147.330
20.293	147.287
20.303	147.166
20.313	147.279
20.323	147.283
20.333	147.376
20.343	147.144
20.353	147.262
20.363	147.097
20.373	147.088
20.383	146.812
20.393	147.005
20.403	147.115
20.413	147.032
20.423	147.069
20.433	147.415
20.443	147.258
20.453	146.903
20.463	146.959
20.473	147.437
20.483	147.641
20.493	147.692
20.503	147.529
20.513	147.228
20.523	147.002
20.533	146.610
20.543	146.456
20.553	146.315
20.563	146.292
20.573	146.124
20.583	146.387
20.593	146.763
20.603	147.739
20.613	148.225
20.623	148.239
20.633	148.365
20.643	148.461
20.653	148.425
20.663	148.163
20.673	148.057
20.683	147.376
20.693	146.634
20.703	146.241
20.713	146.262
20.723	146.169
20.733	146.131
20.743	145.985
20.753	146.234
20.763	146.970
20.773	147.355
20.783	148.223
20.793	148.288
20.803	148.369
20.813	148.458
20.823	148.594
20.833	148.579
20.843	148.415
20.853	148.283
20.863	147.708
20.873	147.080
20.883	146.683
20.893	146.250
20.903	146.499
20.913	146.644
20.923	146.717
20.933	146.753
20.943	147.274
20.953	147.668
20.963	148.460
20.973	148.555
20.983	148.553
20.993	148.668
21.003	148.612
21.013	148.469
21.023	148.315
21.033	148.045
21.043	147.450
21.053	146.764
21.063	146.405
21.073	145.989
21.083	146.266
21.093	146.605
21.103	146.666
21.113	146.922
21.123	147.143
21.133	147.216
21.143	148.041
21.153	148.594
21.163	148.618
21.173	148.539
21.183	148.651
21.193	148.682
21.203	148.282
21.213	148.185
21.223	147.676
21.233	146.930
21.243	146.598
21.253	146.060
21.263	146.319
21.273	146.521
21.283	146.801
21.293	146.651
21.303	147.092
21.313	147.272
21.323	147.509
21.333	148.010
21.343	148.337
21.353	148.230
21.363	148.195
21.373	148.408
21.383	148.221
21.393	147.993
21.403	147.607
21.413	146.997
21.423	146.720
21.433	146.768
21.443	146.809
21.453	145.983
21.463	145.825
21.473	146.914
21.483	147.863
21.493	148.454
21.503	148.660
21.513	148.234
21.523	147.705
21.533	147.443
21.543	147.449
21.553	147.416
21.563	147.267
21.573	147.150
21.583	147.298
21.593	147.232
21.603	147.405
21.613	147.113
21.623	146.936
21.633	147.019
21.643	147.060
21.653	147.084
21.663	147.161
21.673	147.090
21.683	146.854
21.693	146.829
21.703	146.810
21.713	146.857
21.723	147.524
21.733	0.000
21.743	172.240
21.753	172.819
21.763	170.080
21.773	169.050
21.783	168.383
21.793	167.977
21.803	167.405
21.813	167.397
21.823	167.689
21.833	167.468
21.843	166.968
21.853	166.599
21.863	166.591
21.873	166.754
21.883	166.758
21.893	166.867
21.903	166.713
21.913	166.641
21.923	166.331
21.933	166.481
21.943	166.370
21.953	166.134
21.963	165.936
21.973	165.099
21.983	165.076
21.993	165.417
22.003	164.500
22.013	163.854
22.023	164.672
22.033	165.193
22.043	165.455
22.053	165.499
22.063	165.941
22.073	166.050
22.083	165.862
22.093	165.733
22.103	165.424
22.113	165.121
22.123	164.953
22.133	164.414
22.143	164.361
22.153	165.108
22.163	164.609
22.173	164.993
22.183	164.682
22.193	164.585
22.203	164.725
22.213	164.590
22.223	164.992
22.233	165.621
22.243	166.215
22.253	166.872
22.263	166.398
22.273	165.965
22.283	166.347
22.293	166.037
22.303	165.376
22.313	164.042
22.323	163.793
22.333	164.145
22.343	163.475
22.353	163.395
22.363	163.313
22.373	162.849
22.383	163.564
22.393	164.458
22.403	163.921
22.413	164.999
22.423	164.529
22.433	165.620
22.443	165.881
22.453	162.714
22.463	163.074
22.473	163.799
22.483	165.131
22.493	163.912
22.503	164.061
22.513	163.237
22.523	163.398
22.533	163.653
22.543	164.603
22.553	162.727
22.563	163.100
22.573	165.368
22.583	164.669
22.593	165.803
22.603	165.785
22.613	164.736
22.623	165.983
22.633	165.376
22.643	166.067
22.653	164.696
22.663	163.827
22.673	165.277
22.683	170.506
22.693	0.000
22.703	0.000
22.713	0.000
22.723	0.000
22.733	0.000
22.743	0.000
22.753	0.000
22.763	0.000
22.773	0.000
22.783	0.000
22.793	0.000
22.803	0.000
22.813	0.000
22.823	0.000
22.833	0.000
22.843	0.000
22.853	0.000
22.863	0.000
22.873	0.000
22.883	0.000
22.893	0.000
22.903	0.000
22.913	0.000
22.923	0.000
22.933	0.000
22.943	0.000
22.953	0.000
22.963	0.000
22.973	0.000
22.983	0.000
22.993	0.000
23.003	0.000
23.013	0.000
23.023	0.000
23.033	0.000
23.043	0.000
23.053	0.000
23.063	0.000
23.073	0.000
23.083	0.000
23.093	0.000
23.103	0.000
23.113	0.000
23.123	0.000
23.133	0.000
23.143	0.000
23.153	0.000
23.163	0.000
23.173	0.000
23.183	0.000
23.193	0.000
23.203	0.000
23.213	0.000
23.223	0.000
23.233	0.000
23.243	0.000
23.253	0.000
23.263	0.000
23.273	0.000
23.283	0.000
23.293	0.000
23.303	0.000
23.313	0.000
23.323	0.000
23.333	0.000
23.343	0.000
23.353	0.000
23.363	0.000
23.373	0.000
23.383	0.000
23.393	0.000
23.403	0.000
23.413	0.000
23.423	0.000
23.433	0.000
23.443	0.000
23.453	0.000
23.463	0.000
23.473	222.361
23.483	222.676
23.493	223.146
23.503	223.099
23.513	223.412
23.523	223.078
23.533	222.387
23.543	221.944
23.553	221.743
23.563	221.533
23.573	220.278
23.583	219.968
23.593	220.160
23.603	220.719
23.613	221.526
23.623	221.905
23.633	222.970
23.643	223.435
23.653	223.537
23.663	223.467
23.673	223.495
23.683	223.204
23.693	222.763
23.703	221.855
23.713	220.857
23.723	220.063
23.733	219.678
23.743	218.858
23.753	218.725
23.763	219.333
23.773	220.073
23.783	221.848
23.793	223.293
23.803	223.553
23.813	223.787
23.823	223.769
23.833	223.401
23.843	223.209
23.853	222.460
23.863	221.574
23.873	221.105
23.883	220.384
23.893	219.429
23.903	218.820
23.913	218.774
23.923	219.016
23.933	219.740
23.943	220.763
23.953	221.255
23.963	221.975
23.973	222.296
23.983	222.245
23.993	222.118
24.003	221.787
24.013	221.431
24.023	221.155
24.033	220.705
24.043	220.379
24.053	220.266
24.063	220.284
24.073	220.464
24.083	220.713
24.093	220.827
24.103	220.992
24.113	221.206
24.123	221.529
24.133	221.345
24.143	221.549
24.153	0.000
24.163	0.000
24.173	0.000
24.183	0.000
24.193	138.683
24.203	138.933
24.213	138.726
24.223	138.610
24.233	138.662
24.243	138.950
24.253	139.126
24.263	139.329
24.273	139.576
24.283	139.583
24.293	139.555
24.303	139.654
24.313	139.418
24.323	139.274
24.333	139.081
24.343	139.021
24.353	139.004
24.363	138.768
24.373	138.649
24.383	138.700
24.393	138.744
24.403	139.006
24.413	139.354
24.423	139.610
24.433	139.878
24.443	139.977
24.453	140.084
24.463	139.967
24.473	139.803
24.483	139.607
24.493	139.483
24.503	139.280
24.513	138.976
24.523	138.938
24.533	138.791
24.543	138.632
24.553	138.706
24.563	138.889
24.573	139.129
24.583	139.561
24.593	140.040
24.603	140.178
24.613	140.263
24.623	140.126
24.633	140.260
24.643	140.288
24.653	140.101
24.663	139.863
24.673	139.734
24.683	139.623
24.693	139.557
24.703	139.498
24.713	139.519
24.723	139.479
24.733	139.541
24.743	139.636
24.753	139.704
24.763	139.797
24.773	139.803
24.783	139.854
24.793	139.836
24.803	139.679
24.813	139.646
24.823	139.565
24.833	139.607
24.843	139.687
24.853	139.679
24.863	139.791
24.873	139.783
24.883	139.882
24.893	139.651
24.903	139.387
24.913	138.661
24.923	138.213
24.933	137.259
24.943	0.000
24.953	0.000
24.963	0.000
24.973	0.000
24.983	165.795
24.993	166.675
25.003	166.893
25.013	167.091
25.023	166.746
25.033	166.953
25.043	167.977
25.053	168.067
25.063	167.736
25.073	167.412
25.083	167.681
25.093	167.463
25.103	167.479
25.113	168.306
25.123	168.241
25.133	167.593
25.143	167.286
25.153	167.458
25.163	166.928
25.173	166.483
25.183	166.835
25.193	166.777
25.203	166.628
25.213	166.545
25.223	166.161
25.233	166.374
25.243	166.534
25.253	166.449
25.263	166.415
25.273	166.466
25.283	166.486
25.293	166.453
25.303	166.621
25.313	166.538
25.323	166.451
25.333	166.145
25.343	166.074
25.353	165.961
25.363	165.970
25.373	166.218
25.383	166.255
25.393	166.195
25.403	166.243
25.413	166.186
25.423	165.944
25.433	165.724
25.443	164.872
25.453	165.112
25.463	165.551
25.473	166.808
25.483	167.923
25.493	168.408
25.503	168.639
25.513	168.916
25.523	168.835
25.533	168.738
25.543	168.547
25.553	168.245
25.563	167.659
25.573	167.169
25.583	166.534
25.593	165.952
25.603	164.885
25.613	164.755
25.623	165.093
25.633	165.774
25.643	166.160
25.653	167.099
25.663	167.994
25.673	168.545
25.683	168.647
25.693	168.702
25.703	168.631
25.713	168.518
25.723	168.144
25.733	167.677
25.743	167.023
25.753	166.688
25.763	165.914
25.773	164.919
25.783	164.479
25.793	164.591
25.803	165.053
25.813	165.716
25.823	166.242
25.833	167.230
25.843	167.860
25.853	168.403
25.863	168.577
25.873	168.744
25.883	168.721
25.893	168.696
25.903	168.564
25.913	168.106
25.923	167.576
25.933	167.296
25.943	166.944
25.953	166.144
25.963	165.383
25.973	165.186
25.983	164.938
25.993	165.181
26.003	165.510
26.013	166.176
26.023	166.807
26.033	167.509
26.043	167.790
26.053	168.324
26.063	168.674
26.073	168.858
26.083	168.643
26.093	168.298
26.103	167.932
26.113	167.603
26.123	166.742
26.133	166.222
26.143	165.128
26.153	164.514
26.163	164.098
26.173	164.554
26.183	164.812
26.193	165.328
26.203	165.574
26.213	165.602
26.223	165.444
26.233	165.470
26.243	165.573
26.253	165.475
26.263	165.487
26.273	165.610
26.283	165.626
26.293	165.594
26.303	165.589
26.313	165.689
26.323	165.646
26.333	165.625
26.343	165.688
26.353	165.689
26.363	165.669
26.373	165.673
26.383	165.773
26.393	165.842
26.403	165.824
26.413	165.831
26.423	165.812
26.433	165.827
26.443	165.921
26.453	165.998
26.463	166.204
26.473	166.420
26.483	167.019
26.493	168.228
26.503	169.663
26.513	170.277
26.523	171.875
26.533	179.546
26.543	181.878
26.553	183.465
26.563	184.005
26.573	185.460
26.583	186.799
26.593	188.478
26.603	187.572
26.613	187.022
26.623	187.035
26.633	187.609
26.643	188.076
26.653	188.243
26.663	187.490
26.673	186.546
26.683	186.025
26.693	185.935
26.703	186.045
26.713	186.194
26.723	186.231
26.733	186.394
26.743	186.806
26.753	187.464
26.763	187.764
26.773	188.284
26.783	188.607
26.793	188.373
26.803	188.155
26.813	187.535
26.823	186.942
26.833	186.574
26.843	186.054
26.853	185.657
26.863	185.327
26.873	185.256
26.883	185.407
26.893	185.760
26.903	186.027
26.913	186.588
26.923	187.316
26.933	187.968
26.943	188.275
26.953	188.790
26.963	188.692
26.973	188.057
26.983	187.740
26.993	187.131
27.003	186.474
27.013	186.246
27.023	186.174
27.033	186.174
27.043	185.838
27.053	185.623
27.063	185.522
27.073	185.532
27.083	185.598
27.093	185.987
27.103	186.311
27.113	186.614
27.123	186.755
27.133	186.858
27.143	186.827
27.153	186.782
27.163	186.760
27.173	186.678
27.183	186.634
27.193	186.499
27.203	186.453
27.213	186.237
27.223	185.890
27.233	185.649
27.243	185.294
27.253	184.355
27.263	183.510
27.273	184.825
27.283	0.000
27.293	208.418
27.303	208.218
27.313	206.818
27.323	207.142
27.333	208.143
27.343	208.413
27.353	207.701
27.363	209.555
27.373	210.286
27.383	210.447
27.393	210.613
27.403	210.807
27.413	210.781
27.423	209.690
27.433	209.500
27.443	209.103
27.453	208.168
27.463	207.522
27.473	207.160
27.483	206.955
27.493	206.994
27.503	207.309
27.513	207.867
27.523	208.309
27.533	209.339
27.543	210.425
27.553	211.028
27.563	211.677
27.573	211.878
27.583	211.750
27.593	211.699
27.603	210.771
27.613	209.525
27.623	208.938
27.633	207.843
27.643	206.963
27.653	206.308
27.663	206.190
27.673	206.446
27.683	207.195
27.693	208.205
27.703	208.691
27.713	209.955
27.723	211.248
27.733	211.699
27.743	212.360
27.753	212.537
27.763	212.282
27.773	211.938
27.783	211.074
27.793	209.491
27.803	208.239
27.813	207.784
27.823	206.843
27.833	206.378
27.843	206.336
27.853	206.812
27.863	207.600
27.873	208.625
27.883	209.086
27.893	210.249
27.903	211.224
27.913	211.520
27.923	211.887
27.933	211.845
27.943	211.466
27.953	210.774
27.963	209.590
27.973	208.468
27.983	207.421
27.993	206.943
28.003	206.311
28.013	206.297
28.023	206.568
28.033	207.325
28.043	208.348
28.053	209.347
28.063	209.765
28.073	210.775
28.083	211.585
28.093	212.085
28.103	212.441
28.113	212.252
28.123	211.703
28.133	211.205
28.143	209.810
28.153	208.779
28.163	207.903
28.173	207.566
28.183	207.210
28.193	207.472
28.203	207.805
28.213	208.555
28.223	209.581
28.233	210.657
28.243	211.039
28.253	211.563
28.263	211.969
28.273	211.973
28.283	211.654
28.293	211.060
28.303	210.374
28.313	209.900
28.323	208.623
28.333	207.798
28.343	207.651
28.353	207.431
28.363	207.767
28.373	208.303
28.383	208.519
28.393	209.374
28.403	210.272
28.413	210.946
28.423	211.281
28.433	211.527
28.443	211.562
28.453	211.510
28.463	211.281
28.473	210.613
28.483	209.187
28.493	208.745
28.503	207.885
28.513	207.541
28.523	208.079
28.533	208.025
28.543	208.231
28.553	209.318
28.563	209.590
28.573	210.095
28.583	210.638
28.593	210.865
28.603	210.909
28.613	211.180
28.623	211.172
28.633	211.117
28.643	211.150
28.653	211.124
28.663	211.237
28.673	211.286
28.683	211.389
28.693	211.334
28.703	210.077
28.713	209.670
28.723	207.319
28.733	207.543
28.743	210.096
28.753	214.287
28.763	0.000
28.773	0.000
28.783	0.000
28.793	0.000
28.803	137.677
28.813	138.248
28.823	138.993
28.833	139.227
28.843	139.023
28.853	139.018
28.863	139.323
28.873	139.393
28.883	139.396
28.893	139.295
28.903	139.001
28.913	138.837
28.923	138.869
28.933	139.093
28.943	139.511
28.953	139.590
28.963	139.407
28.973	139.234
28.983	139.136
28.993	139.174
29.003	139.323
29.013	139.986
29.023	139.668
29.033	139.549
29.043	139.504
29.053	139.357
29.063	139.331
29.073	139.482
29.083	139.695
29.093	140.054
29.103	140.299
29.113	140.655
29.123	141.015
29.133	141.270
29.143	141.105
29.153	141.064
29.163	140.795
29.173	140.285
29.183	140.086
29.193	139.711
29.203	139.350
29.213	139.298
29.223	138.964
29.233	138.846
29.243	139.153
29.253	139.340
29.263	139.620
29.273	139.928
29.283	140.251
29.293	140.610
29.303	140.953
29.313	141.102
29.323	141.058
29.333	141.061
29.343	141.023
29.353	140.799
29.363	140.765
29.373	140.558
29.383	140.565
29.393	140.513
29.403	140.637
29.413	140.748
29.423	140.817
29.433	140.810
29.443	140.863
29.453	140.892
29.463	140.894
29.473	140.842
29.483	140.694
29.493	140.418
29.503	140.275
29.513	139.728
29.523	139.305
29.533	138.599
29.543	137.633
29.553	0.000
29.563	0.000
29.573	0.000
29.583	0.000
29.593	0.000
29.603	169.016
29.613	168.808
29.623	168.780
29.633	168.569
29.643	168.565
29.653	168.260
29.663	167.914
29.673	167.739
29.683	167.755
29.693	167.617
29.703	167.726
29.713	168.077
29.723	167.852
29.733	167.531
29.743	167.704
29.753	167.757
29.763	167.893
29.773	167.854
29.783	167.743
29.793	167.613
29.803	167.529
29.813	167.341
29.823	167.212
29.833	167.223
29.843	166.989
29.853	166.848
29.863	166.921
29.873	166.844
29.883	166.726
29.893	166.854
29.903	166.897
29.913	167.015
29.923	167.325
29.933	167.215
29.943	167.157
29.953	167.213
29.963	167.100
29.973	166.927
29.983	166.494
29.993	166.075
30.003	165.982
30.013	166.040
30.023	166.341
30.033	166.923
30.043	167.223
30.053	167.842
30.063	168.200
30.073	168.275
30.083	168.274
30.093	167.982
30.103	167.489
30.113	167.315
30.123	166.620
30.133	166.033
30.143	165.339
30.153	164.882
30.163	164.457
30.173	164.989
30.183	165.430
30.193	165.982
30.203	166.555
30.213	167.597
30.223	168.090
30.233	168.758
30.243	169.139
30.253	169.162
30.263	169.024
30.273	168.555
30.283	167.886
30.293	167.629
30.303	167.109
30.313	166.490
30.323	166.015
30.333	165.793
30.343	164.978
30.353	164.969
30.363	165.380
30.373	165.593
30.383	166.264
30.393	167.023
30.403	167.487
30.413	168.182
30.423	168.605
30.433	168.745
30.443	168.658
30.453	168.315
30.463	167.676
30.473	167.341
30.483	166.542
30.493	165.680
30.503	164.836
30.513	164.402
30.523	163.974
30.533	164.111
30.543	164.593
30.553	164.800
30.563	165.375
30.573	166.185
30.583	166.609
30.593	167.353
30.603	167.198
30.613	167.415
30.623	167.582
30.633	167.586
30.643	166.641
30.653	166.303
30.663	165.633
30.673	164.856
30.683	164.167
30.693	164.090
30.703	164.047
30.713	164.192
30.723	164.666
30.733	164.908
30.743	165.552
30.753	166.376
30.763	166.332
30.773	166.675
30.783	167.256
30.793	167.532
30.803	167.561
30.813	167.199
30.823	166.820
30.833	166.689
30.843	165.930
30.853	165.209
30.863	164.945
30.873	164.722
30.883	164.440
30.893	164.638
30.903	164.890
30.913	164.909
30.923	165.072
30.933	165.330
30.943	165.484
30.953	165.760
30.963	166.105
30.973	166.703
30.983	167.112
30.993	168.210
31.003	169.452
31.013	170.133
31.023	171.075
31.033	171.359
31.043	172.228
31.053	172.959
31.063	173.922
31.073	173.892
31.083	172.182
31.093	171.333
31.103	171.848
31.113	222.952
31.123	223.814
31.133	223.517
31.143	223.201
31.153	223.025
31.163	223.027
31.173	223.394
31.183	223.832
31.193	224.027
31.203	224.241
31.213	223.355
31.223	221.496
31.233	221.735
31.243	221.477
31.253	221.884
31.263	222.024
31.273	221.978
31.283	221.392
31.293	220.835
31.303	220.600
31.313	220.518
31.323	220.885
31.333	221.173
31.343	221.298
31.353	221.264
31.363	220.820
31.373	220.748
31.383	220.315
31.393	219.805
31.403	219.429
31.413	219.312
31.423	219.653
31.433	220.302
31.443	221.289
31.453	221.859
31.463	222.533
31.473	222.645
31.483	222.536
31.493	222.237
31.503	221.465
31.513	220.289
31.523	219.685
31.533	218.788
31.543	218.174
31.553	217.821
31.563	217.568
31.573	218.114
31.583	219.104
31.593	219.842
31.603	221.040
31.613	222.132
31.623	222.725
31.633	222.868
31.643	222.871
31.653	222.704
31.663	222.717
31.673	222.442
31.683	221.944
31.693	221.567
31.703	221.064
31.713	220.964
31.723	218.669
31.733	218.695
31.743	214.290
31.753	0.000
31.763	0.000
31.773	0.000
31.783	0.000
31.793	0.000
31.803	0.000
31.813	0.000
31.823	0.000
31.833	0.000
31.843	0.000
31.853	0.000
31.863	0.000
31.873	0.000
31.883	0.000
31.893	0.000
31.903	0.000
31.913	0.000
31.923	0.000
31.933	0.000
31.943	0.000
31.953	0.000
31.963	147.122
31.973	147.322
31.983	147.327
31.993	147.563
32.003	147.337
32.013	147.446
32.023	147.203
32.033	146.897
32.043	146.840
32.053	146.932
32.063	147.125
32.073	147.464
32.083	147.571
32.093	147.639
32.103	147.735
32.113	147.712
32.123	147.570
32.133	147.534
32.143	147.124
32.153	146.711
32.163	146.201
32.173	145.953
32.183	145.797
32.193	146.188
32.203	146.395
32.213	147.083
32.223	147.650
32.233	148.174
32.243	148.348
32.253	148.528
32.263	148.572
32.273	148.523
32.283	148.488
32.293	148.180
32.303	147.700
32.313	147.477
32.323	147.095
32.333	146.703
32.343	146.266
32.353	146.104
32.363	146.213
32.373	146.523
32.383	146.711
32.393	147.011
32.403	147.326
32.413	147.598
32.423	147.717
32.433	147.889
32.443	147.939
32.453	147.899
32.463	147.854
32.473	147.908
32.483	148.073
32.493	148.151
32.503	148.360
32.513	148.485
32.523	148.450
32.533	148.324
32.543	147.779
32.553	146.909
32.563	146.480
32.573	146.120
32.583	147.117
32.593	0.000
32.603	0.000
32.613	0.000
32.623	141.038
32.633	140.839
32.643	140.611
32.653	140.499
32.663	140.922
32.673	141.114
32.683	141.276
32.693	141.044
32.703	140.609
32.713	140.951
32.723	140.829
32.733	140.696
32.743	140.946
32.753	141.308
32.763	141.476
32.773	141.520
32.783	141.261
32.793	140.963
32.803	140.607
32.813	140.196
32.823	139.496
32.833	138.968
32.843	138.793
32.853	138.527
32.863	138.692
32.873	139.288
32.883	139.651
32.893	140.148
32.903	140.913
32.913	141.511
32.923	142.082
32.933	142.163
32.943	142.057
32.953	141.865
32.963	141.660
32.973	141.196
32.983	140.326
32.993	139.438
33.003	139.314
33.013	138.666
33.023	138.509
33.033	138.782
33.043	139.138
33.053	139.882
33.063	140.587
33.073	140.817
33.083	141.361
33.093	141.726
33.103	141.765
33.113	141.697
33.123	141.387
33.133	140.986
33.143	140.749
33.153	139.837
33.163	139.185
33.173	138.535
33.183	138.085
33.193	137.980
33.203	138.271
33.213	138.446
33.223	138.790
33.233	139.226
33.243	139.756
33.253	139.960
33.263	140.227
33.273	140.355
33.283	140.232
33.293	140.128
33.303	140.024
33.313	139.965
33.323	139.910
33.333	139.874
33.343	139.865
33.353	139.824
33.363	139.755
33.373	139.535
33.383	139.419
33.393	139.295
33.403	138.942
33.413	138.573
33.423	138.291
33.433	137.795
33.443	135.913
33.453	128.973
33.463	124.129
33.473	123.885
33.483	122.732
33.493	122.138
33.503	121.931
33.513	122.128
33.523	122.214
33.533	122.068
33.543	122.045
33.553	122.643
33.563	122.854
33.573	122.917
33.583	123.010
33.593	123.424
33.603	123.531
33.613	123.471
33.623	123.168
33.633	122.935
33.643	122.661
33.653	122.598
33.663	122.743
33.673	122.194
33.683	122.190
33.693	122.038
33.703	122.326
33.713	122.416
33.723	122.530
33.733	122.636
33.743	122.912
33.753	123.088
33.763	123.501
33.773	123.686
33.783	123.639
33.793	123.604
33.803	123.367
33.813	123.114
33.823	122.768
33.833	122.643
33.843	122.316
33.853	122.154
33.863	122.144
33.873	122.118
33.883	122.273
33.893	122.467
33.903	122.592
33.913	122.736
33.923	123.028
33.933	123.156
33.943	123.397
33.953	123.600
33.963	123.833
33.973	124.028
33.983	124.514
33.993	125.176
34.003	126.255
34.013	126.784
34.023	128.205
34.033	129.157
34.043	129.516
34.053	131.930
34.063	136.591
34.073	0.000
34.083	0.000
34.093	0.000
34.103	0.000
34.113	167.938
34.123	173.176
34.133	175.447
34.143	177.214
34.153	177.238
34.163	178.363
34.173	180.907
34.183	182.394
34.193	182.633
34.203	184.711
34.213	185.921
34.223	186.125
34.233	185.093
34.243	184.632
34.253	184.431
34.263	184.192
34.273	184.766
34.283	184.480
34.293	184.661
34.303	184.552
34.313	184.543
34.323	184.834
34.333	184.604
34.343	184.873
34.353	184.210
34.363	184.143
34.373	183.790
34.383	183.753
34.393	183.631
34.403	183.680
34.413	183.658
34.423	184.044
34.433	184.964
34.443	185.129
34.453	185.794
34.463	186.080
34.473	186.043
34.483	185.873
34.493	185.451
34.503	184.966
34.513	184.659
34.523	184.087
34.533	183.447
34.543	183.054
34.553	182.866
34.563	182.946
34.573	183.424
34.583	183.905
34.593	184.895
34.603	185.907
34.613	186.401
34.623	186.372
34.633	186.342
34.643	185.980
34.653	185.531
34.663	185.291
34.673	184.669
34.683	183.992
34.693	183.756
34.703	183.224
34.713	183.158
34.723	183.610
34.733	183.840
34.743	184.924
34.753	185.794
34.763	186.119
34.773	186.362
34.783	186.369
34.793	186.169
34.803	186.064
34.813	185.753
34.823	185.631
34.833	185.510
34.843	185.365
34.853	184.941
34.863	184.197
34.873	183.568
34.883	181.872
34.893	180.947
34.903	183.588
34.913	183.655
34.923	171.744
34.933	165.732
34.943	165.690
34.953	164.369
34.963	164.826
34.973	166.320
34.983	165.997
34.993	165.010
35.003	164.202
35.013	165.262
35.023	165.559
35.033	166.065
35.043	166.086
35.053	165.953
35.063	165.906
35.073	166.034
35.083	165.609
35.093	165.143
35.103	164.152
35.113	163.210
35.123	163.060
35.133	162.636
35.143	162.728
35.153	163.186
35.163	163.717
35.173	164.197
35.183	164.488
35.193	165.116
35.203	165.397
35.213	165.952
35.223	166.045
35.233	165.919
35.243	165.672
35.253	165.641
35.263	164.866
35.273	164.536
35.283	163.428
35.293	162.880
35.303	162.746
35.313	162.900
35.323	163.128
35.333	163.370
35.343	163.654
35.353	164.139
35.363	164.630
35.373	165.274
35.383	165.470
35.393	165.680
35.403	165.723
35.413	165.816
35.423	165.718
35.433	165.449
35.443	165.088
35.453	164.956
35.463	164.830
35.473	164.927
35.483	165.094
35.493	165.064
35.503	165.081
35.513	165.052
35.523	164.998
35.533	164.932
35.543	165.008
35.553	165.329
35.563	165.702
35.573	167.023
35.583	168.123
35.593	167.448
35.603	163.768
35.613	153.387
35.623	151.193
35.633	149.935
35.643	149.484
35.653	149.354
35.663	148.901
35.673	148.556
35.683	148.663
35.693	148.560
35.703	148.431
35.713	148.069
35.723	147.855
35.733	147.782
35.743	147.825
35.753	147.881
35.763	147.806
35.773	147.936
35.783	147.839
35.793	147.796
35.803	147.856
35.813	147.983
35.823	148.050
35.833	148.354
35.843	148.665
35.853	148.755
35.863	148.865
35.873	148.910
35.883	148.875
35.893	148.611
35.903	148.282
35.913	147.989
35.923	147.828
35.933	147.563
35.943	147.517
35.953	147.554
35.963	147.600
35.973	147.606
35.983	147.659
35.993	147.841
36.003	148.119
36.013	148.344
36.023	148.504
36.033	148.634
36.043	148.652
36.053	148.531
36.063	148.501
36.073	148.399
36.083	148.162
36.093	147.810
36.103	147.729
36.113	147.540
36.123	147.440
36.133	147.432
36.143	147.484
36.153	147.663
36.163	147.833
36.173	147.895
36.183	148.056
36.193	148.313
36.203	148.465
36.213	148.452
36.223	148.213
36.233	147.800
36.243	147.506
36.253	146.606
36.263	144.978
36.273	144.011
36.283	143.736
36.293	0.000
36.303	0.000
36.313	0.000
36.323	0.000
36.333	139.444
36.343	139.619
36.353	139.544
36.363	140.043
36.373	140.158
36.383	139.868
36.393	140.008
36.403	139.641
36.413	139.154
36.423	139.425
36.433	139.120
36.443	139.126
36.453	139.719
36.463	139.807
36.473	139.972
36.483	140.166
36.493	140.165
36.503	140.064
36.513	139.894
36.523	139.431
36.533	139.063
36.543	138.886
36.553	138.958
36.563	139.073
36.573	139.024
36.583	139.486
36.593	140.106
36.603	140.463
36.613	141.070
36.623	141.667
36.633	142.072
36.643	142.133
36.653	142.052
36.663	141.831
36.673	141.567
36.683	140.937
36.693	140.135
36.703	139.039
36.713	138.599
36.723	138.167
36.733	138.277
36.743	138.638
36.753	138.786
36.763	139.411
36.773	139.995
36.783	140.407
36.793	141.010
36.803	141.477
36.813	141.652
36.823	141.700
36.833	141.540
36.843	141.281
36.853	140.953
36.863	140.683
36.873	140.338
36.883	140.182
36.893	140.233
36.903	140.278
36.913	140.298
36.923	140.403
36.933	140.446
36.943	140.442
36.953	140.428
36.963	140.327
36.973	140.062
36.983	139.819
36.993	139.501
37.003	139.242
37.013	138.684
37.023	137.615
37.033	137.587
37.043	0.000
37.053	0.000
37.063	123.340
37.073	123.057
37.083	122.881
37.093	122.607
37.103	122.519
37.113	122.713
37.123	123.047
37.133	123.575
37.143	123.729
37.153	123.924
37.163	124.164
37.173	124.235
37.183	124.205
37.193	124.146
37.203	123.939
37.213	123.699
37.223	123.591
37.233	123.436
37.243	123.299
37.253	123.233
37.263	123.316
37.273	123.557
37.283	123.779
37.293	123.941
37.303	124.321
37.313	124.757
37.323	125.023
37.333	125.212
37.343	125.199
37.353	125.035
37.363	124.848
37.373	124.522
37.383	123.954
37.393	123.438
37.403	123.096
37.413	122.741
37.423	122.756
37.433	122.806
37.443	122.994
37.453	123.228
37.463	123.499
37.473	123.698
37.483	124.124
37.493	124.493
37.503	124.596
37.513	124.657
37.523	124.462
37.533	124.195
37.543	124.029
37.553	123.680
37.563	123.361
37.573	123.110
37.583	123.062
37.593	123.073
37.603	123.139
37.613	123.184
37.623	123.267
37.633	123.356
37.643	123.413
37.653	123.425
37.663	123.439
37.673	123.433
37.683	123.432
37.693	123.401
37.703	123.356
37.713	123.202
37.723	122.996
37.733	122.419
37.743	122.241
37.753	122.255
37.763	0.000
37.773	0.000
37.783	0.000
37.793	0.000
37.803	0.000
37.813	110.325
37.823	109.988
37.833	110.179
37.843	110.639
37.853	110.771
37.863	110.716
37.873	110.694
37.883	111.102
37.893	111.395
37.903	111.318
37.913	111.116
37.923	110.685
37.933	110.327
37.943	110.302
37.953	110.277
37.963	110.203
37.973	110.250
37.983	110.255
37.993	110.311
38.003	110.569
38.013	110.747
38.023	111.048
38.033	111.275
38.043	111.497
38.053	111.596
38.063	111.707
38.073	111.735
38.083	111.691
38.093	111.482
38.103	111.198
38.113	110.975
38.123	110.903
38.133	110.697
38.143	110.436
38.153	110.224
38.163	110.071
38.173	110.288
38.183	110.490
38.193	110.648
38.203	111.034
38.213	111.396
38.223	111.506
38.233	111.603
38.243	111.731
38.253	111.787
38.263	111.826
38.273	111.880
38.283	111.826
38.293	111.784
38.303	111.728
38.313	111.677
38.323	111.649
38.333	111.647
38.343	111.653
38.353	111.597
38.363	111.600
38.373	111.633
38.383	111.570
38.393	111.522
38.403	111.701
38.413	111.789
38.423	112.120
38.433	112.563
38.443	112.978
38.453	113.617
38.463	114.911
38.473	115.847
38.483	116.128
38.493	116.957
38.503	117.735
38.513	118.508
38.523	0.000
38.533	0.000
38.543	0.000
38.553	0.000
38.563	0.000
38.573	144.420
38.583	146.200
38.593	146.793
38.603	146.939
38.613	147.157
38.623	147.038
38.633	146.704
38.643	146.295
38.653	146.064
38.663	146.064
38.673	145.910
38.683	146.089
38.693	146.191
38.703	146.417
38.713	146.538
38.723	146.652
38.733	146.760
38.743	146.756
38.753	146.656
38.763	146.479
38.773	146.414
38.783	146.497
38.793	146.574
38.803	146.757
38.813	146.674
38.823	146.625
38.833	146.514
38.843	146.382
38.853	146.155
38.863	146.140
38.873	146.137
38.883	146.421
38.893	146.858
38.903	147.324
38.913	147.540
38.923	147.865
38.933	148.008
38.943	148.013
38.953	147.964
38.963	147.768
38.973	147.546
38.983	147.414
38.993	147.119
39.003	147.226
39.013	147.384
39.023	147.267
39.033	147.001
39.043	147.021
39.053	147.164
39.063	147.702
39.073	148.075
39.083	148.072
39.093	148.088
39.103	148.026
39.113	147.886
39.123	147.679
39.133	147.544
39.143	147.285
39.153	147.178
39.163	147.151
39.173	147.060
39.183	147.090
39.193	147.121
39.203	147.130
39.213	147.047
39.223	146.859
39.233	146.805
39.243	146.669
39.253	146.662
39.263	146.916
39.273	147.192
39.283	147.930
39.293	0.000
39.303	0.000
39.313	0.000
39.323	0.000
39.333	0.000
39.343	0.000
39.353	249.859
39.363	249.875
39.373	250.180
39.383	250.124
39.393	249.940
39.403	249.207
39.413	248.666
39.423	248.378
39.433	247.463
39.443	247.001
39.453	247.162
39.463	247.206
39.473	247.844
39.483	248.575
39.493	248.976
39.503	249.896
39.513	250.546
39.523	250.708
39.533	250.848
39.543	250.678
39.553	250.016
39.563	249.581
39.573	248.338
39.583	246.564
39.593	244.348
39.603	243.889
39.613	244.076
39.623	244.491
39.633	245.063
39.643	247.043
39.653	248.973
39.663	250.410
39.673	251.064
39.683	251.680
39.693	252.099
39.703	252.219
39.713	252.566
39.723	252.544
39.733	251.385
39.743	250.771
39.753	249.263
39.763	247.413
39.773	244.584
39.783	244.055
39.793	245.190
39.803	246.141
39.813	246.799
39.823	247.954
39.833	249.471
39.843	250.804
39.853	251.082
39.863	250.592
39.873	250.260
39.883	250.249
39.893	250.318
39.903	250.434
39.913	251.154
39.923	251.369
39.933	250.775
39.943	249.849
39.953	249.125
39.963	248.589
39.973	247.406
39.983	245.176
39.993	242.030
40.003	242.143
40.013	237.567
40.023	223.235
40.033	222.734
40.043	223.482
40.053	225.248
40.063	225.400
40.073	225.030
40.083	224.720
40.093	223.932
40.103	223.913
40.113	223.354
40.123	222.257
40.133	221.756
40.143	221.447
40.153	221.141
40.163	220.876
40.173	220.564
40.183	220.918
40.193	220.907
40.203	221.835
40.213	222.077
40.223	223.043
40.233	223.541
40.243	223.598
40.253	223.701
40.263	223.753
40.273	223.518
40.283	223.198
40.293	222.198
40.303	221.230
40.313	220.744
40.323	220.525
40.333	220.225
40.343	219.591
40.353	219.455
40.363	219.452
40.373	220.445
40.383	221.896
40.393	222.545
40.403	223.409
40.413	223.662
40.423	223.659
40.433	223.724
40.443	223.579
40.453	223.025
40.463	222.554
40.473	221.610
40.483	220.635
40.493	219.769
40.503	219.545
40.513	219.266
40.523	218.887
40.533	218.973
40.543	219.388
40.553	220.026
40.563	220.621
40.573	220.961
40.583	221.506
40.593	221.727
40.603	221.636
40.613	221.515
40.623	221.387
40.633	221.324
40.643	221.384
40.653	221.493
40.663	221.328
40.673	220.942
40.683	220.822
40.693	220.466
40.703	220.015
40.713	219.688
40.723	218.230
40.733	216.184
40.743	213.190
40.753	211.589
40.763	209.290
40.773	209.684
40.783	0.000
40.793	0.000
40.803	204.843
40.813	206.478
40.823	206.978
40.833	207.920
40.843	208.523
40.853	210.212
40.863	210.166
40.873	209.378
40.883	209.122
40.893	209.041
40.903	208.909
40.913	208.779
40.923	208.902
40.933	208.988
40.943	209.443
40.953	209.815
40.963	210.125
40.973	210.076
40.983	209.588
40.993	208.967
41.003	208.733
41.013	208.194
41.023	207.589
41.033	207.056
41.043	206.923
41.053	206.949
41.063	207.315
41.073	207.683
41.083	208.509
41.093	209.562
41.103	210.731
41.113	211.231
41.123	211.686
41.133	211.520
41.143	211.167
41.153	210.994
41.163	210.122
41.173	209.204
41.183	208.817
41.193	208.110
41.203	207.088
41.213	206.108
41.223	205.992
41.233	206.337
41.243	206.964
41.253	207.524
41.263	208.489
41.273	209.293
41.283	210.199
41.293	210.518
41.303	210.875
41.313	210.813
41.323	210.389
41.333	209.987
41.343	209.045
41.353	208.133
41.363	207.660
41.373	206.595
41.383	205.833
41.393	206.105
41.403	206.538
41.413	207.186
41.423	207.672
41.433	207.906
41.443	208.251
41.453	208.470
41.463	208.506
41.473	208.410
41.483	208.267
41.493	208.006
41.503	207.567
41.513	207.226
41.523	206.853
41.533	206.734
41.543	206.731
41.553	205.100
41.563	0.000
41.573	181.114
41.583	182.572
41.593	183.436
41.603	183.847
41.613	184.349
41.623	184.700
41.633	184.919
41.643	184.788
41.653	185.029
41.663	185.503
41.673	185.873
41.683	185.854
41.693	185.890
41.703	185.355
41.713	184.463
41.723	183.970
41.733	183.318
41.743	183.147
41.753	183.537
41.763	183.726
41.773	183.969
41.783	184.072
41.793	184.289
41.803	184.812
41.813	185.534
41.823	186.172
41.833	186.387
41.843	186.532
41.853	186.363
41.863	185.945
41.873	185.677
41.883	184.954
41.893	184.225
41.903	183.965
41.913	183.523
41.923	183.461
41.933	183.408
41.943	183.387
41.953	183.660
41.963	184.194
41.973	185.035
41.983	185.432
41.993	185.946
42.003	186.213
42.013	186.366
42.023	186.170
42.033	185.776
42.043	185.339
42.053	185.128
42.063	184.818
42.073	184.648
42.083	184.517
42.093	184.329
42.103	184.215
42.113	184.227
42.123	184.488
42.133	184.787
42.143	185.113
42.153	185.372
42.163	185.389
42.173	185.430
42.183	185.402
42.193	185.359
42.203	185.254
42.213	185.230
42.223	185.280
42.233	185.307
42.243	185.380
42.253	185.306
42.263	185.351
42.273	185.313
42.283	185.208
42.293	184.962
42.303	184.716
42.313	183.846
42.323	182.513
42.333	180.900
42.343	180.144
42.353	179.427
42.363	178.526
42.373	175.807
42.383	173.184
42.393	169.466
42.403	166.858
42.413	166.576
42.423	167.214
42.433	167.370
42.443	167.174
42.453	167.006
42.463	166.873
42.473	166.706
42.483	166.579
42.493	166.534
42.503	166.614
42.513	166.127
42.523	165.932
42.533	165.877
42.543	166.106
42.553	166.229
42.563	166.740
42.573	167.119
42.583	167.284
42.593	167.318
42.603	167.461
42.613	167.498
42.623	167.349
42.633	167.148
42.643	166.997
42.653	166.769
42.663	166.533
42.673	166.032
42.683	165.786
42.693	165.527
42.703	165.448
42.713	165.585
42.723	165.885
42.733	166.022
42.743	166.589
42.753	166.906
42.763	166.963
42.773	167.133
42.783	167.167
42.793	166.805
42.803	166.804
42.813	167.042
42.823	166.676
42.833	165.938
42.843	165.792
42.853	165.210
42.863	163.834
42.873	164.101
42.883	164.376
42.893	165.401
42.903	166.153
42.913	166.396
42.923	166.629
42.933	166.729
42.943	166.745
42.953	166.662
42.963	166.576
42.973	166.451
42.983	166.403
42.993	166.426
43.003	166.414
43.013	166.207
43.023	166.190
43.033	166.237
43.043	166.193
43.053	166.303
43.063	166.333
43.073	166.199
43.083	166.169
43.093	166.243
43.103	166.571
43.113	167.212
43.123	166.048
43.133	166.760
43.143	168.372
43.153	170.049
43.163	169.968
43.173	169.454
43.183	169.899
43.193	172.537
43.203	173.000
43.213	169.249
43.223	175.063
43.233	150.822
43.243	151.513
43.253	151.432
43.263	152.921
43.273	152.361
43.283	151.247
43.293	150.222
43.303	151.932
43.313	151.532
43.323	151.612
43.333	151.566
43.343	150.827
43.353	150.131
43.363	150.476
43.373	150.160
43.383	150.144
43.393	149.714
43.403	149.841
43.413	149.957
43.423	150.044
43.433	149.536
43.443	149.329
43.453	149.184
43.463	149.710
43.473	148.408
43.483	150.397
43.493	150.484
43.503	150.430
43.513	149.453
43.523	149.468
43.533	149.356
43.543	146.772
43.553	146.764
43.563	146.631
43.573	146.783
43.583	146.837
43.593	146.697
43.603	146.707
43.613	146.720
43.623	146.683
43.633	146.762
43.643	146.718
43.653	146.634
43.663	146.732
43.673	146.727
43.683	146.726
43.693	146.797
43.703	146.675
43.713	146.750
43.723	146.684
43.733	146.665
43.743	146.783
43.753	146.708
43.763	146.613
43.773	146.639
43.783	146.685
43.793	146.708
43.803	146.739
43.813	146.656
43.823	146.739
43.833	146.762
43.843	146.658
43.853	146.653
43.863	146.604
43.873	146.628
43.883	146.681
43.893	146.646
43.903	146.629
43.913	146.615
43.923	146.585
43.933	146.583
43.943	146.682
43.953	146.636
43.963	146.654
43.973	146.649
43.983	146.664
43.993	146.714
44.003	146.631
44.013	146.650
44.023	146.624
44.033	146.597
44.043	146.621
44.053	146.617
44.063	146.625
44.073	146.623
44.083	146.568
44.093	146.610
44.103	146.661
44.113	146.619
44.123	146.609
44.133	146.652
44.143	146.650
44.153	146.694
44.163	146.662
44.173	146.611
44.183	146.691
44.193	146.654
44.203	146.626
44.213	146.677
44.223	146.657
44.233	146.642
44.243	146.627
44.253	146.628
44.263	146.594
44.273	146.632
44.283	146.518
44.293	146.568
44.303	146.603
44.313	146.515
44.323	146.543
44.333	146.570
44.343	146.661
44.353	146.637
44.363	146.566
44.373	146.623
44.383	146.609
44.393	146.702
44.403	146.425
44.413	146.277
44.423	146.393
44.433	146.420
44.443	146.265
44.453	146.453
44.463	146.613
44.473	146.513
44.483	146.534
44.493	146.904
44.503	145.746
44.513	146.266
44.523	147.246
44.533	148.071
44.543	146.612
44.553	147.798
44.563	152.372
44.573	154.952
44.583	160.771
44.593	164.327
44.603	167.699
44.613	167.012
44.623	167.940
44.633	166.759
44.643	166.743
44.653	165.223
44.663	165.378
44.673	166.178
44.683	165.922
44.693	166.613
44.703	166.592
44.713	166.243
44.723	166.266
44.733	165.592
44.743	165.101
44.753	164.939
44.763	164.809
44.773	164.640
44.783	164.291
44.793	164.580
44.803	165.064
44.813	165.681
44.823	166.062
44.833	166.480
44.843	166.937
44.853	167.376
44.863	167.423
44.873	167.321
44.883	167.073
44.893	166.501
44.903	166.206
44.913	165.307
44.923	163.686
44.933	163.358
44.943	163.122
44.953	163.491
44.963	164.206
44.973	164.602
44.983	165.280
44.993	165.886
45.003	166.090
45.013	166.504
45.023	166.847
45.033	166.866
45.043	166.879
45.053	166.908
45.063	166.803
45.073	166.536
45.083	166.320
45.093	165.841
45.103	165.418
45.113	165.301
45.123	164.939
45.133	164.633
45.143	164.391
45.153	164.605
45.163	165.004
45.173	165.368
45.183	165.519
45.193	165.737
45.203	165.866
45.213	165.960
45.223	165.839
45.233	165.684
45.243	165.932
45.253	166.536
45.263	167.103
45.273	167.982
45.283	168.219
45.293	168.463
45.303	162.634
45.313	164.157
45.323	174.533
45.333	140.256
45.343	138.916
45.353	139.292
45.363	139.358
45.373	139.544
45.383	139.226
45.393	139.791
45.403	140.062
45.413	139.964
45.423	139.670
45.433	140.208
45.443	140.362
45.453	139.805
45.463	139.507
45.473	139.465
45.483	139.361
45.493	139.866
45.503	139.860
45.513	139.910
45.523	140.111
45.533	140.453
45.543	140.252
45.553	140.239
45.563	140.166
45.573	140.210
45.583	140.323
45.593	139.811
45.603	139.482
45.613	139.447
45.623	139.175
45.633	138.836
45.643	138.931
45.653	138.992
45.663	139.334
45.673	139.931
45.683	140.237
45.693	140.281
45.703	140.464
45.713	140.476
45.723	140.266
45.733	140.303
45.743	139.932
45.753	139.412
45.763	139.454
45.773	139.176
45.783	139.007
45.793	138.730
45.803	138.633
45.813	138.409
45.823	138.605
45.833	138.886
45.843	139.372
45.853	140.051
45.863	140.731
45.873	140.908
45.883	141.029
45.893	141.119
45.903	140.807
45.913	140.473
45.923	140.192
45.933	139.853
45.943	139.458
45.953	138.949
45.963	138.700
45.973	138.366
45.983	138.250
45.993	138.068
46.003	138.263
46.013	138.422
46.023	138.809
46.033	139.746
46.043	140.474
46.053	140.672
46.063	141.112
46.073	141.425
46.083	141.482
46.093	141.400
46.103	140.873
46.113	140.483
46.123	140.337
46.133	139.759
46.143	139.396
46.153	138.924
46.163	138.595
46.173	138.374
46.183	138.269
46.193	138.163
46.203	138.556
46.213	138.824
46.223	139.324
46.233	139.759
46.243	140.439
46.253	140.873
46.263	141.094
46.273	141.227
46.283	141.740
46.293	141.209
46.303	141.090
46.313	140.733
46.323	140.451
46.333	140.177
46.343	139.757
46.353	139.326
46.363	139.028
46.373	138.598
46.383	138.466
46.393	138.610
46.403	138.875
46.413	138.964
46.423	139.356
46.433	139.992
46.443	140.592
46.453	140.563
46.463	140.880
46.473	141.010
46.483	140.999
46.493	141.000
46.503	140.818
46.513	140.488
46.523	140.426
46.533	139.984
46.543	139.590
46.553	139.435
46.563	139.245
46.573	139.139
46.583	139.218
46.593	139.318
46.603	139.604
46.613	140.005
46.623	140.481
46.633	140.444
46.643	140.573
46.653	140.532
46.663	140.405
46.673	140.214
46.683	140.278
46.693	140.499
46.703	140.451
46.713	139.567
46.723	139.465
46.733	139.850
46.743	140.081
46.753	140.130
46.763	140.217
46.773	140.138
46.783	140.379
46.793	140.365
46.803	140.445
46.813	140.509
46.823	140.386
46.833	140.352
46.843	140.393
46.853	140.396
46.863	140.266
46.873	140.190
46.883	140.184
46.893	140.106
46.903	140.142
46.913	140.089
46.923	140.030
46.933	139.981
46.943	139.986
46.953	139.948
46.963	139.976
46.973	139.949
46.983	139.927
46.993	139.921
47.003	139.870
47.013	139.887
47.023	139.864
47.033	139.872
47.043	139.894
47.053	139.918
47.063	139.887
47.073	139.872
47.083	139.889
47.093	139.856
47.103	139.844
47.113	139.832
47.123	139.797
47.133	139.764
47.143	139.768
47.153	139.744
47.163	139.722
47.173	139.733
47.183	139.715
47.193	139.734
47.203	139.750
47.213	139.812
47.223	139.840
47.233	139.865
47.243	139.924
47.253	139.999
47.263	140.131
47.273	140.339
47.283	140.398
47.293	140.482
47.303	140.497
47.313	140.546
47.323	140.538
47.333	140.500
47.343	140.452
47.353	140.457
47.363	140.515
47.373	140.543
47.383	140.564
47.393	140.525
47.403	140.543
47.413	140.681
47.423	140.758
47.433	140.909
47.443	141.171
47.453	141.473
47.463	141.645
47.473	143.012
47.483	146.398
47.493	146.010
47.503	146.264
47.513	146.687
47.523	146.969
47.533	146.882
47.543	147.000
47.553	147.107
47.563	147.175
47.573	147.455
47.583	147.452
47.593	147.530
47.603	147.519
47.613	147.545
47.623	147.516
47.633	147.407
47.643	147.396
47.653	147.418
47.663	147.388
47.673	147.421
47.683	147.515
47.693	147.448
47.703	147.254
47.713	147.408
47.723	147.294
47.733	147.344
47.743	147.320
47.753	147.371
47.763	147.466
47.773	147.614
47.783	147.588
47.793	147.548
47.803	147.426
47.813	147.188
47.823	147.147
47.833	147.194
47.843	147.413
47.853	147.462
47.863	147.730
47.873	147.918
47.883	148.081
47.893	148.046
47.903	147.791
47.913	147.464
47.923	147.194
47.933	146.766
47.943	146.634
47.953	146.793
47.963	146.749
47.973	146.669
47.983	147.117
47.993	147.734
48.003	148.000
48.013	148.293
48.023	148.600
48.033	148.851
48.043	149.006
48.053	148.867
48.063	148.512
48.073	148.269
48.083	147.799
48.093	147.237
48.103	147.015
48.113	146.768
48.123	146.513
48.133	146.482
48.143	146.517
48.153	146.816
48.163	147.084
48.173	147.482
48.183	147.704
48.193	148.279
48.203	148.908
48.213	149.141
48.223	149.304
48.233	149.125
48.243	148.804
48.253	148.586
48.263	148.072
48.273	147.564
48.283	147.040
48.293	146.957
48.303	146.692
48.313	146.580
48.323	146.557
48.333	146.735
48.343	146.936
48.353	147.294
48.363	147.497
48.373	148.066
48.383	148.625
48.393	148.821
48.403	149.100
48.413	149.110
48.423	148.864
48.433	148.743
48.443	148.316
48.453	147.772
48.463	147.282
48.473	147.003
48.483	146.789
48.493	146.770
48.503	146.684
48.513	146.434
48.523	146.465
48.533	146.727
48.543	147.024
48.553	147.508
48.563	147.944
48.573	148.169
48.583	148.301
48.593	147.951
48.603	147.542
48.613	147.411
48.623	147.352
48.633	147.047
48.643	146.757
48.653	146.662
48.663	146.433
48.673	146.330
48.683	146.205
48.693	146.230
48.703	146.235
48.713	146.351
48.723	146.422
48.733	146.518
48.743	146.635
48.753	146.632
48.763	146.721
48.773	146.797
48.783	147.101
48.793	147.348
48.803	147.552
48.813	147.440
48.823	146.992
48.833	146.764
48.843	146.318
48.853	146.169
48.863	146.513
48.873	0.000
48.883	0.000
48.893	175.969
48.903	168.085
48.913	166.265
48.923	167.329
48.933	167.446
48.943	165.972
48.953	165.316
48.963	165.692
48.973	165.595
48.983	164.674
48.993	164.666
49.003	164.589
49.013	164.607
49.023	164.993
49.033	165.287
49.043	165.371
49.053	165.737
49.063	165.338
49.073	164.710
49.083	164.678
49.093	164.133
49.103	163.144
49.113	162.654
49.123	162.339
49.133	162.586
49.143	163.176
49.153	163.409
49.163	164.184
49.173	165.386
49.183	165.916
49.193	166.046
49.203	166.557
49.213	167.189
49.223	167.180
49.233	166.897
49.243	166.607
49.253	165.768
49.263	165.420
49.273	164.732
49.283	163.704
49.293	163.096
49.303	162.710
49.313	163.205
49.323	164.039
49.333	164.557
49.343	165.402
49.353	166.098
49.363	166.926
49.373	167.188
49.383	167.490
49.393	167.671
49.403	167.681
49.413	167.447
49.423	166.751
49.433	166.156
49.443	166.031
49.453	165.170
49.463	163.990
49.473	163.479
49.483	163.440
49.493	164.116
49.503	165.047
49.513	165.240
49.523	165.513
49.533	165.695
49.543	165.902
49.553	165.764
49.563	165.685
49.573	165.498
49.583	165.294
49.593	165.150
49.603	164.951
49.613	164.535
49.623	164.570
49.633	165.044
49.643	165.719
49.653	166.326
49.663	166.607
49.673	168.830
49.683	171.917
49.693	173.134
49.703	175.998
49.713	181.769
49.723	180.130
49.733	180.845
49.743	182.809
49.753	184.588
49.763	185.226
49.773	188.424
49.783	188.704
49.793	186.103
49.803	185.315
49.813	184.773
49.823	185.173
49.833	186.537
49.843	187.367
49.853	188.510
49.863	188.255
49.873	187.550
49.883	186.701
49.893	185.779
49.903	185.176
49.913	184.884
49.923	184.586
49.933	183.896
49.943	183.675
49.953	183.789
49.963	184.624
49.973	185.682
49.983	185.871
49.993	186.986
50.003	187.073
50.013	187.133
50.023	187.303
50.033	187.477
50.043	187.447
50.053	187.349
50.063	186.935
50.073	186.267
50.083	185.278
50.093	185.033
50.103	184.264
50.113	183.716
50.123	183.492
50.133	183.572
50.143	184.321
50.153	185.278
50.163	185.982
50.173	187.169
50.183	187.604
50.193	187.434
50.203	187.411
50.213	187.158
50.223	186.987
50.233	186.884
50.243	186.633
50.253	186.074
50.263	185.555
50.273	185.096
50.283	184.211
50.293	183.676
50.303	183.490
50.313	183.620
50.323	184.128
50.333	185.257
50.343	186.033
50.353	187.313
50.363	187.844
50.373	187.570
50.383	187.302
50.393	186.983
50.403	186.792
50.413	186.620
50.423	186.261
50.433	185.739
50.443	185.023
50.453	184.436
50.463	183.930
50.473	183.903
50.483	184.018
50.493	184.584
50.503	185.422
50.513	186.517
50.523	187.025
50.533	187.518
50.543	187.686
50.553	187.662
50.563	187.663
50.573	187.746
50.583	187.635
50.593	187.624
50.603	186.752
50.613	185.854
50.623	185.087
50.633	184.825
50.643	184.187
50.653	184.004
50.663	184.358
50.673	184.636
50.683	185.422
50.693	186.525
50.703	187.146
50.713	187.635
50.723	187.693
50.733	187.491
50.743	187.543
50.753	187.550
50.763	187.478
50.773	187.244
50.783	186.748
50.793	186.167
50.803	185.521
50.813	185.312
50.823	184.861
50.833	184.476
50.843	184.321
50.853	184.355
50.863	184.793
50.873	185.976
50.883	186.528
50.893	187.514
50.903	187.725
50.913	187.719
50.923	187.514
50.933	187.279
50.943	186.912
50.953	186.541
50.963	186.144
50.973	185.991
50.983	185.887
50.993	185.519
51.003	184.525
51.013	183.699
51.023	183.690
51.033	183.921
51.043	185.248
51.053	187.036
51.063	187.643
51.073	188.160
51.083	187.893
51.093	187.411
51.103	187.155
51.113	186.795
51.123	186.631
51.133	186.596
51.143	186.585
51.153	186.665
51.163	186.407
51.173	186.367
51.183	186.224
51.193	186.233
51.203	185.731
51.213	185.109
51.223	183.413
51.233	182.423
51.243	182.815
51.253	187.147
51.263	175.998
51.273	167.241
51.283	168.241
51.293	166.574
51.303	166.502
51.313	167.184
51.323	167.473
51.333	164.793
51.343	164.400
51.353	165.182
51.363	165.107
51.373	165.197
51.383	165.361
51.393	165.212
51.403	165.565
51.413	165.959
51.423	165.707
51.433	164.838
51.443	164.268
51.453	163.214
51.463	162.469
51.473	162.323
51.483	162.719
51.493	163.359
51.503	164.895
51.513	165.000
51.523	165.280
51.533	165.666
51.543	165.920
51.553	165.815
51.563	166.126
51.573	166.195
51.583	165.699
51.593	164.732
51.603	164.583
51.613	163.466
51.623	162.467
51.633	162.353
51.643	162.444
51.653	163.099
51.663	164.075
51.673	164.518
51.683	165.427
51.693	165.667
51.703	165.579
51.713	165.714
51.723	165.987
51.733	165.963
51.743	165.787
51.753	165.761
51.763	165.444
51.773	164.473
51.783	164.084
51.793	163.372
51.803	162.773
51.813	163.149
51.823	163.592
51.833	163.979
51.843	164.592
51.853	164.839
51.863	164.872
51.873	165.035
51.883	165.065
51.893	164.965
51.903	164.915
51.913	164.927
51.923	164.467
51.933	164.268
51.943	164.324
51.953	164.482
51.963	164.708
51.973	165.681
51.983	166.709
51.993	167.306
52.003	167.624
52.013	169.068
52.023	171.089
52.033	171.140
52.043	169.354
52.053	162.577
52.063	154.311
52.073	153.194
52.083	152.177
52.093	150.992
52.103	150.898
52.113	150.724
52.123	150.328
52.133	149.010
52.143	149.273
52.153	148.703
52.163	148.401
52.173	148.007
52.183	148.614
52.193	148.435
52.203	148.065
52.213	148.048
52.223	148.227
52.233	147.981
52.243	147.839
52.253	148.105
52.263	148.063
52.273	148.269
52.283	148.263
52.293	148.419
52.303	148.252
52.313	148.091
52.323	148.088
52.333	147.758
52.343	147.195
52.353	146.534
52.363	146.352
52.373	146.433
52.383	146.997
52.393	148.266
52.403	148.858
52.413	149.168
52.423	148.897
52.433	148.880
52.443	148.705
52.453	148.534
52.463	148.088
52.473	147.720
52.483	146.871
52.493	146.055
52.503	145.878
52.513	145.678
52.523	145.466
52.533	145.617
52.543	145.814
52.553	146.509
52.563	147.677
52.573	148.907
52.583	149.345
52.593	149.477
52.603	149.241
52.613	149.193
52.623	149.089
52.633	148.817
52.643	148.311
52.653	147.963
52.663	147.207
52.673	146.120
52.683	145.791
52.693	145.494
52.703	145.173
52.713	144.934
52.723	145.164
52.733	145.939
52.743	146.997
52.753	148.136
52.763	148.725
52.773	149.404
52.783	149.298
52.793	149.196
52.803	149.069
52.813	148.906
52.823	148.633
52.833	148.385
52.843	147.728
52.853	146.626
52.863	146.097
52.873	145.522
52.883	145.224
52.893	145.094
52.903	145.182
52.913	145.682
52.923	146.392
52.933	147.549
52.943	148.365
52.953	149.063
52.963	149.266
52.973	149.100
52.983	148.857
52.993	148.819
53.003	148.642
53.013	148.358
53.023	147.844
53.033	146.917
53.043	146.292
53.053	145.591
53.063	145.442
53.073	145.283
53.083	145.313
53.093	145.460
53.103	145.965
53.113	146.828
53.123	147.336
53.133	148.347
53.143	148.740
53.153	148.742
53.163	148.695
53.173	148.442
53.183	148.031
53.193	147.729
53.203	147.017
53.213	145.902
53.223	145.649
53.233	145.355
53.243	145.207
53.253	145.250
53.263	145.465
53.273	145.881
53.283	146.494
53.293	147.302
53.303	147.782
53.313	148.452
53.323	148.736
53.333	148.750
53.343	148.407
53.353	147.959
53.363	147.558
53.373	147.381
53.383	146.974
53.393	146.629
53.403	146.341
53.413	146.366
53.423	146.562
53.433	146.471
53.443	146.452
53.453	146.685
53.463	0.000
53.473	0.000
53.483	164.283
53.493	169.533
53.503	169.345
53.513	169.138
53.523	168.482
53.533	168.299
53.543	167.345
53.553	167.041
53.563	167.797
53.573	167.453
53.583	165.951
53.593	165.899
53.603	166.432
53.613	165.903
53.623	165.783
53.633	166.006
53.643	165.799
53.653	166.026
53.663	165.887
53.673	165.186
53.683	164.379
53.693	164.288
53.703	164.300
53.713	163.891
53.723	164.308
53.733	164.536
53.743	164.637
53.753	165.137
53.763	165.317
53.773	165.456
53.783	166.069
53.793	166.226
53.803	166.325
53.813	166.385
53.823	166.343
53.833	165.980
53.843	165.741
53.853	165.356
53.863	164.773
53.873	164.501
53.883	163.867
53.893	163.685
53.903	164.111
53.913	164.440
53.923	164.864
53.933	165.366
53.943	165.876
53.953	165.953
53.963	166.155
53.973	166.311
53.983	166.396
53.993	166.276
54.003	165.936
54.013	165.705
54.023	165.608
54.033	165.187
54.043	165.110
54.053	165.101
54.063	165.185
54.073	165.474
54.083	165.575
54.093	165.617
54.103	165.781
54.113	165.943
54.123	165.885
54.133	163.295
54.143	163.313
54.153	163.884
54.163	163.841
54.173	163.591
54.183	163.086
54.193	162.866
54.203	162.892
54.213	162.518
54.223	162.423
54.233	162.395
54.243	162.420
54.253	161.939
54.263	140.747
54.273	139.925
54.283	139.093
54.293	138.620
54.303	139.065
54.313	139.162
54.323	139.889
54.333	139.362
54.343	139.210
54.353	139.227
54.363	139.381
54.373	139.993
54.383	140.250
54.393	139.837
54.403	138.950
54.413	139.225
54.423	139.005
54.433	138.735
54.443	138.616
54.453	138.786
54.463	138.359
54.473	138.346
54.483	138.347
54.493	138.276
54.503	138.510
54.513	138.487
54.523	138.534
54.533	138.649
54.543	138.611
54.553	138.650
54.563	138.678
54.573	138.652
54.583	138.637
54.593	138.412
54.603	138.249
54.613	138.192
54.623	138.293
54.633	138.429
54.643	138.726
54.653	138.997
54.663	139.410
54.673	139.568
54.683	139.503
54.693	139.130
54.703	138.695
54.713	138.119
54.723	137.603
54.733	137.269
54.743	137.204
54.753	137.335
54.763	137.506
54.773	137.775
54.783	137.982
54.793	138.584
54.803	139.118
54.813	139.511
54.823	140.370
54.833	140.830
54.843	140.992
54.853	140.895
54.863	140.623
54.873	140.239
54.883	139.866
54.893	139.526
54.903	138.945
54.913	138.359
54.923	138.302
54.933	138.156
54.943	138.157
54.953	138.299
54.963	138.590
54.973	139.271
54.983	140.132
54.993	140.431
55.003	141.295
55.013	141.541
55.023	141.470
55.033	141.439
55.043	140.810
55.053	140.166
55.063	139.973
55.073	139.419
55.083	138.938
55.093	138.429
55.103	138.198
55.113	138.154
55.123	137.950
55.133	138.199
55.143	138.381
55.153	138.868
55.163	139.865
55.173	140.334
55.183	141.256
55.193	141.752
55.203	141.894
55.213	141.569
55.223	140.694
55.233	140.222
55.243	139.977
55.253	139.676
55.263	139.189
55.273	138.734
55.283	138.703
55.293	138.741
55.303	138.363
55.313	138.187
55.323	138.366
55.333	138.552
55.343	139.238
55.353	139.461
55.363	140.467
55.373	141.053
55.383	140.153
55.393	139.582
55.403	139.234
55.413	139.232
55.423	139.408
55.433	139.160
55.443	139.055
55.453	139.109
55.463	138.865
55.473	138.869
55.483	138.837
55.493	138.760
55.503	138.622
55.513	138.704
55.523	138.648
55.533	138.747
55.543	138.624
55.553	138.727
55.563	0.000
55.573	0.000
55.583	0.000
55.593	0.000
55.603	0.000
55.613	0.000
55.623	0.000
55.633	110.695
55.643	110.695
55.653	110.614
55.663	110.320
55.673	110.437
55.683	110.453
55.693	110.507
55.703	110.302
55.713	110.216
55.723	110.112
55.733	110.297
55.743	110.533
55.753	110.568
55.763	110.493
55.773	110.277
55.783	110.405
55.793	110.349
55.803	110.233
55.813	110.184
55.823	110.145
55.833	110.132
55.843	110.206
55.853	110.214
55.863	110.279
55.873	110.236
55.883	109.968
55.893	109.932
55.903	109.839
55.913	109.835
55.923	109.885
55.933	109.998
55.943	109.602
55.953	0.000
55.963	0.000
55.973	0.000
55.983	0.000
55.993	0.000
56.003	0.000
56.013	138.611
56.023	138.439
56.033	138.612
56.043	138.612
56.053	138.569
56.063	138.621
56.073	138.587
56.083	138.520
56.093	138.560
56.103	138.544
56.113	138.533
56.123	138.508
56.133	138.485
56.143	138.419
56.153	138.455
56.163	138.357
56.173	138.336
56.183	138.386
56.193	138.406
56.203	138.418
56.213	138.439
56.223	138.486
56.233	138.519
56.243	138.524
56.253	138.528
56.263	138.574
56.273	138.533
56.283	138.588
56.293	138.661
56.303	138.751
56.313	138.778
56.323	138.735
56.333	138.781
56.343	138.842
56.353	138.866
56.363	138.795
56.373	138.954
56.383	138.964
56.393	138.392
56.403	140.634
56.413	145.339
56.423	146.185
56.433	145.893
56.443	145.627
56.453	146.255
56.463	146.236
56.473	145.974
56.483	145.686
56.493	145.883
56.503	145.745
56.513	145.811
56.523	146.385
56.533	146.591
56.543	146.342
56.553	146.504
56.563	146.261
56.573	146.188
56.583	146.542
56.593	146.713
56.603	146.442
56.613	146.629
56.623	146.426
56.633	146.404
56.643	146.619
56.653	146.202
56.663	146.453
56.673	146.413
56.683	146.392
56.693	146.372
56.703	146.138
56.713	146.348
56.723	146.287
56.733	146.428
56.743	146.609
56.753	146.811
56.763	146.872
56.773	146.986
56.783	146.749
56.793	146.603
56.803	146.154
56.813	145.875
56.823	145.615
56.833	145.436
56.843	145.110
56.853	145.206
56.863	145.998
56.873	146.478
56.883	147.359
56.893	147.757
56.903	147.927
56.913	147.954
56.923	148.140
56.933	148.068
56.943	147.994
56.953	147.613
56.963	146.864
56.973	146.402
56.983	145.547
56.993	145.310
57.003	145.138
57.013	145.173
57.023	144.943
57.033	145.057
57.043	145.590
57.053	146.009
57.063	147.222
57.073	147.704
57.083	147.840
57.093	147.987
57.103	148.080
57.113	147.930
57.123	147.798
57.133	147.583
57.143	146.962
57.153	146.576
57.163	145.616
57.173	145.096
57.183	144.737
57.193	144.528
57.203	144.258
57.213	144.661
57.223	145.638
57.233	146.288
57.243	147.136
57.253	147.692
57.263	147.816
57.273	147.981
57.283	148.086
57.293	148.119
57.303	148.105
57.313	147.647
57.323	147.219
57.333	146.641
57.343	146.155
57.353	145.381
57.363	145.057
57.373	144.964
57.383	144.825
57.393	144.756
57.403	145.339
57.413	145.791
57.423	146.629
57.433	147.214
57.443	147.557
57.453	147.845
57.463	148.094
57.473	148.159
57.483	148.096
57.493	147.723
57.503	147.211
57.513	146.665
57.523	146.284
57.533	145.760
57.543	145.442
57.553	145.357
57.563	145.175
57.573	145.361
57.583	145.721
57.593	145.868
57.603	146.382
57.613	147.030
57.623	147.377
57.633	147.889
57.643	148.053
57.653	148.049
57.663	147.968
57.673	147.695
57.683	147.260
57.693	146.937
57.703	146.957
57.713	146.968
57.723	146.812
57.733	146.788
57.743	146.896
57.753	147.111
57.763	147.305
57.773	147.426
57.783	147.698
57.793	147.852
57.803	147.808
57.813	147.734
57.823	147.627
57.833	147.593
57.843	147.498
57.853	147.347
57.863	147.186
57.873	147.316
57.883	147.372
57.893	147.415
57.903	147.534
57.913	147.564
57.923	147.817
57.933	148.301
57.943	148.923
57.953	149.314
57.963	149.608
57.973	149.672
57.983	149.725
57.993	152.125
58.003	160.130
58.013	164.143
58.023	165.105
58.033	165.237
58.043	165.498
58.053	165.391
58.063	165.305
58.073	165.186
58.083	165.533
58.093	165.859
58.103	165.904
58.113	166.430
58.123	166.532
58.133	166.529
58.143	166.052
58.153	165.857
58.163	165.684
58.173	165.393
58.183	165.110
58.193	165.077
58.203	165.205
58.213	164.981
58.223	164.909
58.233	164.990
58.243	165.122
58.253	165.281
58.263	165.536
58.273	165.675
58.283	165.961
58.293	166.101
58.303	166.076
58.313	165.873
58.323	165.413
58.333	164.836
58.343	164.372
58.353	163.346
58.363	162.734
58.373	162.675
58.383	162.906
58.393	163.962
58.403	164.935
58.413	165.862
58.423	166.189
58.433	166.656
58.443	166.801
58.453	166.912
58.463	167.043
58.473	166.605
58.483	166.456
58.493	166.467
58.503	165.704
58.513	164.360
58.523	163.349
58.533	163.022
58.543	163.289
58.553	164.682
58.563	165.444
58.573	166.469
58.583	167.143
58.593	167.330
58.603	167.457
58.613	167.708
58.623	167.581
58.633	167.398
58.643	167.068
58.653	167.021
58.663	166.564
58.673	166.147
58.683	165.193
58.693	164.267
58.703	164.870
58.713	165.663
58.723	166.279
58.733	166.540
58.743	166.755
58.753	166.878
58.763	166.954
58.773	166.866
58.783	166.810
58.793	166.627
58.803	166.392
58.813	166.166
58.823	165.822
58.833	165.736
58.843	165.657
58.853	165.682
58.863	165.783
58.873	165.940
58.883	165.881
58.893	165.817
58.903	165.715
58.913	166.269
58.923	167.032
58.933	168.628
58.943	169.248
58.953	169.148
58.963	169.530
58.973	171.503
58.983	171.274
58.993	169.186
59.003	173.751
59.013	174.931
59.023	174.977
59.033	175.528
59.043	0.000
59.053	0.000
59.063	0.000
59.073	0.000
59.083	0.000
59.093	0.000
59.103	0.000
59.113	0.000
59.123	0.000
59.133	0.000
59.143	0.000
59.153	0.000
59.163	0.000
59.173	0.000
59.183	0.000
59.193	109.915
59.203	109.799
59.213	109.717
59.223	109.777
59.233	109.771
59.243	109.920
59.253	109.956
59.263	110.075
59.273	110.045
59.283	110.096
59.293	110.374
59.303	110.328
59.313	110.332
59.323	110.385
59.333	110.138
59.343	109.864
59.353	109.715
59.363	109.481
59.373	109.470
59.383	109.579
59.393	109.576
59.403	109.550
59.413	109.644
59.423	109.794
59.433	109.875
59.443	110.205
59.453	110.451
59.463	110.628
59.473	111.014
59.483	111.184
59.493	111.222
59.503	111.097
59.513	110.765
59.523	110.324
59.533	110.050
59.543	109.580
59.553	109.191
59.563	109.023
59.573	108.927
59.583	108.987
59.593	109.132
59.603	109.407
59.613	109.506
59.623	109.989
59.633	110.536
59.643	110.777
59.653	111.272
59.663	111.295
59.673	111.349
59.683	111.507
59.693	111.569
59.703	111.040
59.713	110.670
59.723	110.226
59.733	109.522
59.743	108.829
59.753	108.597
59.763	108.464
59.773	108.620
59.783	108.920
59.793	109.098
59.803	109.707
59.813	110.328
59.823	110.375
59.833	111.157
59.843	111.329
59.853	111.137
59.863	111.315
59.873	111.542
59.883	111.093
59.893	110.625
59.903	110.401
59.913	109.995
59.923	109.129
59.933	108.935
59.943	108.194
59.953	108.075
59.963	108.364
59.973	108.622
59.983	109.182
59.993	109.790
60.003	110.182
60.013	110.777
60.023	110.913
60.033	110.729
60.043	110.981
60.053	111.148
60.063	111.581
60.073	111.444
60.083	110.975
60.093	110.370
60.103	110.284
60.113	110.061
60.123	109.087
60.133	108.126
60.143	108.480
60.153	108.311
60.163	108.823
60.173	109.270
60.183	110.023
60.193	110.386
60.203	110.616
60.213	110.859
60.223	110.600
60.233	110.950
60.243	111.074
60.253	111.188
60.263	110.868
60.273	110.530
60.283	110.375
60.293	110.289
60.303	109.939
60.313	109.072
60.323	108.813
60.333	108.858
60.343	108.707
60.353	109.271
60.363	109.343
60.373	109.820
60.383	110.308
60.393	110.573
60.403	110.542
60.413	110.385
60.423	110.447
60.433	110.749
60.443	110.532
60.453	110.509
60.463	110.524
60.473	110.445
60.483	110.615
60.493	110.120
60.503	109.274
60.513	109.179
60.523	109.235
60.533	109.406
60.543	109.275
60.553	109.295
60.563	109.816
60.573	0.000
60.583	0.000
60.593	0.000
60.603	0.000
60.613	0.000
60.623	0.000
60.633	0.000
60.643	0.000
60.653	0.000
60.663	0.000
60.673	0.000
60.683	0.000
60.693	0.000
60.703	0.000
60.713	0.000
60.723	0.000
60.733	0.000
60.743	0.000
60.753	0.000
60.763	0.000
60.773	0.000
60.783	0.000
60.793	0.000
60.803	0.000
60.813	0.000
60.823	0.000
60.833	0.000
60.843	0.000
60.853	0.000
60.863	0.000
60.873	0.000
60.883	0.000
60.893	0.000
60.903	0.000
60.913	0.000
60.923	0.000
60.933	0.000
60.943	0.000
60.953	0.000
60.963	0.000
60.973	0.000
60.983	0.000
60.993	0.000
61.003	0.000
61.013	0.000
61.023	0.000
61.033	0.000
61.043	0.000
61.053	0.000
61.063	0.000
61.073	0.000
61.083	0.000
61.093	0.000
61.103	0.000
61.113	0.000
61.123	0.000
61.133	0.000
61.143	0.000
61.153	0.000
61.163	0.000
61.173	0.000
61.183	0.000
61.193	0.000
61.203	0.000
61.213	0.000
61.223	0.000
61.233	0.000
61.243	0.000
61.253	0.000
61.263	0.000
61.273	0.000
61.283	0.000
61.293	0.000
61.303	0.000
61.313	0.000
61.323	0.000
61.333	0.000
61.343	0.000
61.353	0.000
61.363	0.000
61.373	0.000
61.383	0.000
61.393	0.000
61.403	0.000
61.413	0.000
61.423	0.000
61.433	0.000
61.443	0.000
61.453	0.000
61.463	0.000
61.473	0.000
61.483	0.000
61.493	0.000
61.503	0.000
61.513	0.000
61.523	0.000
61.533	0.000
61.543	0.000
61.553	0.000
61.563	0.000
61.573	0.000
61.583	0.000
61.593	0.000
61.603	0.000
61.613	0.000
61.623	0.000
61.633	0.000
61.643	0.000
61.653	0.000
61.663	0.000
61.673	0.000
61.683	0.000
61.693	0.000
61.703	0.000
61.713	0.000
61.723	0.000
61.733	0.000
61.743	0.000
61.753	0.000
61.763	0.000
61.773	0.000
61.783	0.000
61.793	0.000
61.803	0.000
61.813	0.000
61.823	0.000
61.833	0.000
61.843	0.000
61.853	0.000
61.863	0.000
61.873	0.000
61.883	0.000
61.893	0.000
61.903	0.000
61.913	0.000
61.923	0.000
61.933	0.000
61.943	0.000
61.953	0.000
61.963	0.000
61.973	0.000
61.983	0.000
61.993	0.000
62.003	0.000
62.013	0.000
62.023	0.000
62.033	0.000
62.043	0.000
62.053	0.000
62.063	0.000
62.073	0.000
62.083	0.000
62.093	0.000
62.103	0.000
62.113	0.000
62.123	0.000
62.133	0.000
62.143	0.000
62.153	0.000
62.163	0.000
62.173	0.000
62.183	0.000
62.193	0.000
62.203	0.000
62.213	0.000
62.223	0.000
62.233	0.000
62.243	0.000
62.253	0.000
62.263	0.000
62.273	0.000
62.283	0.000
62.293	0.000
62.303	0.000
62.313	0.000
62.323	0.000
62.333	0.000
62.343	0.000
62.353	0.000
62.363	0.000
62.373	0.000
62.383	0.000
62.393	0.000
62.403	0.000
62.413	0.000
62.423	0.000
62.433	0.000
62.443	0.000
62.453	0.000
62.463	0.000
62.473	0.000
62.483	0.000
62.493	0.000
62.503	0.000
62.513	0.000
62.523	0.000
62.533	0.000
62.543	0.000
62.553	0.000
62.563	0.000
62.573	0.000
62.583	0.000
62.593	0.000
62.603	0.000
62.613	0.000
62.623	0.000
62.633	0.000
62.643	0.000
62.653	0.000
