0.023	0.000
0.033	0.000
0.043	0.000
0.053	0.000
0.063	0.000
0.073	0.000
0.083	0.000
0.093	0.000
0.103	0.000
0.113	0.000
0.123	0.000
0.133	0.000
0.143	0.000
0.153	0.000
0.163	0.000
0.173	0.000
0.183	0.000
0.193	0.000
0.203	0.000
0.213	0.000
0.223	0.000
0.233	0.000
0.243	0.000
0.253	0.000
0.263	0.000
0.273	0.000
0.283	0.000
0.293	0.000
0.303	0.000
0.313	0.000
0.323	0.000
0.333	0.000
0.343	0.000
0.353	0.000
0.363	0.000
0.373	0.000
0.383	0.000
0.393	0.000
0.403	0.000
0.413	0.000
0.423	0.000
0.433	0.000
0.443	0.000
0.453	0.000
0.463	0.000
0.473	0.000
0.483	0.000
0.493	0.000
0.503	0.000
0.513	0.000
0.523	0.000
0.533	0.000
0.543	0.000
0.553	0.000
0.563	0.000
0.573	0.000
0.583	0.000
0.593	0.000
0.603	0.000
0.613	0.000
0.623	0.000
0.633	0.000
0.643	0.000
0.653	0.000
0.663	0.000
0.673	0.000
0.683	0.000
0.693	0.000
0.703	0.000
0.713	0.000
0.723	0.000
0.733	0.000
0.743	0.000
0.753	0.000
0.763	0.000
0.773	0.000
0.783	0.000
0.793	0.000
0.803	0.000
0.813	0.000
0.823	0.000
0.833	0.000
0.843	0.000
0.853	0.000
0.863	0.000
0.873	0.000
0.883	0.000
0.893	0.000
0.903	0.000
0.913	0.000
0.923	0.000
0.933	0.000
0.943	0.000
0.953	0.000
0.963	0.000
0.973	0.000
0.983	0.000
0.993	0.000
1.003	0.000
1.013	0.000
1.023	0.000
1.033	0.000
1.043	0.000
1.053	0.000
1.063	0.000
1.073	0.000
1.083	0.000
1.093	0.000
1.103	0.000
1.113	0.000
1.123	0.000
1.133	0.000
1.143	0.000
1.153	0.000
1.163	0.000
1.173	0.000
1.183	0.000
1.193	0.000
1.203	0.000
1.213	0.000
1.223	0.000
1.233	0.000
1.243	0.000
1.253	0.000
1.263	0.000
1.273	0.000
1.283	0.000
1.293	0.000
1.303	0.000
1.313	0.000
1.323	0.000
1.333	0.000
1.343	0.000
1.353	0.000
1.363	0.000
1.373	0.000
1.383	0.000
1.393	0.000
1.403	0.000
1.413	0.000
1.423	0.000
1.433	0.000
1.443	0.000
1.453	0.000
1.463	0.000
1.473	0.000
1.483	0.000
1.493	0.000
1.503	0.000
1.513	0.000
1.523	0.000
1.533	0.000
1.543	0.000
1.553	0.000
1.563	0.000
1.573	0.000
1.583	0.000
1.593	0.000
1.603	0.000
1.613	0.000
1.623	0.000
1.633	0.000
1.643	0.000
1.653	0.000
1.663	0.000
1.673	0.000
1.683	0.000
1.693	0.000
1.703	0.000
1.713	0.000
1.723	0.000
1.733	0.000
1.743	0.000
1.753	0.000
1.763	0.000
1.773	0.000
1.783	0.000
1.793	0.000
1.803	0.000
1.813	0.000
1.823	0.000
1.833	0.000
1.843	0.000
1.853	0.000
1.863	0.000
1.873	0.000
1.883	0.000
1.893	0.000
1.903	0.000
1.913	0.000
1.923	0.000
1.933	0.000
1.943	0.000
1.953	0.000
1.963	0.000
1.973	0.000
1.983	0.000
1.993	0.000
2.003	0.000
2.013	0.000
2.023	0.000
2.033	0.000
2.043	0.000
2.053	0.000
2.063	0.000
2.073	0.000
2.083	0.000
2.093	0.000
2.103	0.000
2.113	0.000
2.123	0.000
2.133	0.000
2.143	0.000
2.153	0.000
2.163	0.000
2.173	0.000
2.183	0.000
2.193	0.000
2.203	0.000
2.213	0.000
2.223	0.000
2.233	0.000
2.243	0.000
2.253	0.000
2.263	0.000
2.273	0.000
2.283	0.000
2.293	0.000
2.303	0.000
2.313	0.000
2.323	0.000
2.333	0.000
2.343	0.000
2.353	0.000
2.363	0.000
2.373	0.000
2.383	0.000
2.393	0.000
2.403	0.000
2.413	0.000
2.423	0.000
2.433	0.000
2.443	0.000
2.453	0.000
2.463	0.000
2.473	0.000
2.483	0.000
2.493	0.000
2.503	0.000
2.513	0.000
2.523	0.000
2.533	0.000
2.543	0.000
2.553	0.000
2.563	0.000
2.573	0.000
2.583	0.000
2.593	0.000
2.603	0.000
2.613	0.000
2.623	0.000
2.633	0.000
2.643	0.000
2.653	0.000
2.663	0.000
2.673	0.000
2.683	0.000
2.693	0.000
2.703	0.000
2.713	0.000
2.723	0.000
2.733	0.000
2.743	0.000
2.753	0.000
2.763	0.000
2.773	0.000
2.783	0.000
2.793	0.000
2.803	0.000
2.813	0.000
2.823	0.000
2.833	0.000
2.843	0.000
2.853	0.000
2.863	0.000
2.873	0.000
2.883	0.000
2.893	0.000
2.903	0.000
2.913	0.000
2.923	0.000
2.933	0.000
2.943	0.000
2.953	0.000
2.963	0.000
2.973	0.000
2.983	0.000
2.993	0.000
3.003	0.000
3.013	0.000
3.023	0.000
3.033	0.000
3.043	0.000
3.053	0.000
3.063	0.000
3.073	0.000
3.083	0.000
3.093	0.000
3.103	0.000
3.113	0.000
3.123	0.000
3.133	0.000
3.143	0.000
3.153	0.000
3.163	0.000
3.173	0.000
3.183	0.000
3.193	0.000
3.203	0.000
3.213	0.000
3.223	0.000
3.233	0.000
3.243	0.000
3.253	0.000
3.263	0.000
3.273	0.000
3.283	0.000
3.293	0.000
3.303	0.000
3.313	0.000
3.323	0.000
3.333	0.000
3.343	0.000
3.353	0.000
3.363	0.000
3.373	0.000
3.383	0.000
3.393	0.000
3.403	0.000
3.413	0.000
3.423	0.000
3.433	0.000
3.443	0.000
3.453	0.000
3.463	0.000
3.473	0.000
3.483	0.000
3.493	0.000
3.503	0.000
3.513	0.000
3.523	0.000
3.533	0.000
3.543	0.000
3.553	0.000
3.563	0.000
3.573	0.000
3.583	0.000
3.593	0.000
3.603	0.000
3.613	0.000
3.623	0.000
3.633	0.000
3.643	0.000
3.653	0.000
3.663	0.000
3.673	0.000
3.683	0.000
3.693	0.000
3.703	0.000
3.713	0.000
3.723	0.000
3.733	0.000
3.743	0.000
3.753	0.000
3.763	0.000
3.773	0.000
3.783	0.000
3.793	0.000
3.803	0.000
3.813	0.000
3.823	0.000
3.833	0.000
3.843	0.000
3.853	0.000
3.863	0.000
3.873	0.000
3.883	0.000
3.893	0.000
3.903	0.000
3.913	0.000
3.923	0.000
3.933	0.000
3.943	0.000
3.953	0.000
3.963	0.000
3.973	0.000
3.983	0.000
3.993	0.000
4.003	0.000
4.013	0.000
4.023	0.000
4.033	0.000
4.043	0.000
4.053	0.000
4.063	0.000
4.073	0.000
4.083	0.000
4.093	0.000
4.103	0.000
4.113	0.000
4.123	0.000
4.133	0.000
4.143	0.000
4.153	0.000
4.163	0.000
4.173	0.000
4.183	0.000
4.193	0.000
4.203	0.000
4.213	0.000
4.223	0.000
4.233	0.000
4.243	0.000
4.253	0.000
4.263	0.000
4.273	0.000
4.283	0.000
4.293	0.000
4.303	0.000
4.313	0.000
4.323	0.000
4.333	0.000
4.343	0.000
4.353	0.000
4.363	0.000
4.373	0.000
4.383	0.000
4.393	0.000
4.403	0.000
4.413	0.000
4.423	0.000
4.433	0.000
4.443	0.000
4.453	0.000
4.463	0.000
4.473	0.000
4.483	0.000
4.493	0.000
4.503	0.000
4.513	0.000
4.523	0.000
4.533	0.000
4.543	0.000
4.553	0.000
4.563	0.000
4.573	0.000
4.583	0.000
4.593	0.000
4.603	0.000
4.613	0.000
4.623	0.000
4.633	0.000
4.643	0.000
4.653	0.000
4.663	0.000
4.673	0.000
4.683	0.000
4.693	0.000
4.703	0.000
4.713	0.000
4.723	0.000
4.733	0.000
4.743	0.000
4.753	0.000
4.763	0.000
4.773	0.000
4.783	278.641
4.793	278.265
4.803	278.139
4.813	279.196
4.823	279.397
4.833	278.887
4.843	278.783
4.853	278.711
4.863	278.912
4.873	278.914
4.883	278.994
4.893	278.918
4.903	278.566
4.913	278.642
4.923	278.469
4.933	278.520
4.943	278.404
4.953	278.272
4.963	278.298
4.973	278.242
4.983	278.143
4.993	277.949
5.003	277.720
5.013	277.338
5.023	277.160
5.033	276.767
5.043	276.650
5.053	276.593
5.063	276.425
5.073	276.436
5.083	276.290
5.093	276.136
5.103	275.745
5.113	275.116
5.123	274.721
5.133	274.410
5.143	273.995
5.153	273.752
5.163	273.905
5.173	269.885
5.183	0.000
5.193	0.000
5.203	334.197
5.213	334.708
5.223	335.305
5.233	335.454
5.243	335.381
5.253	335.491
5.263	335.317
5.273	334.995
5.283	334.496
5.293	333.926
5.303	333.833
5.313	333.768
5.323	333.831
5.333	333.972
5.343	334.048
5.353	334.124
5.363	334.321
5.373	334.381
5.383	334.408
5.393	334.498
5.403	334.474
5.413	334.426
5.423	334.168
5.433	333.997
5.443	333.852
5.453	333.749
5.463	333.636
5.473	333.520
5.483	333.425
5.493	333.447
5.503	333.491
5.513	333.668
5.523	333.712
5.533	333.927
5.543	334.178
5.553	334.357
5.563	334.434
5.573	334.523
5.583	334.509
5.593	334.433
5.603	334.207
5.613	334.091
5.623	334.344
5.633	335.098
5.643	341.303
5.653	357.200
5.663	358.481
5.673	369.281
5.683	374.729
5.693	377.157
5.703	378.432
5.713	380.773
5.723	381.535
5.733	381.155
5.743	380.899
5.753	380.028
5.763	379.116
5.773	378.620
5.783	377.985
5.793	377.227
5.803	376.613
5.813	376.332
5.823	376.084
5.833	376.259
5.843	376.790
5.853	377.002
5.863	377.647
5.873	378.511
5.883	378.829
5.893	379.445
5.903	379.717
5.913	379.807
5.923	379.933
5.933	380.013
5.943	379.731
5.953	379.579
5.963	378.669
5.973	377.630
5.983	376.632
5.993	376.178
6.003	375.284
6.013	374.584
6.023	374.431
6.033	374.526
6.043	374.849
6.053	375.463
6.063	375.756
6.073	376.617
6.083	377.424
6.093	378.520
6.103	379.219
6.113	380.065
6.123	380.068
6.133	379.174
6.143	378.591
6.153	377.384
6.163	376.460
6.173	375.978
6.183	375.192
6.193	374.647
6.203	374.342
6.213	374.378
6.223	374.501
6.233	375.032
6.243	375.278
6.253	375.833
6.263	376.322
6.273	376.807
6.283	377.046
6.293	377.554
6.303	377.825
6.313	377.437
6.323	377.246
6.333	376.440
6.343	375.581
6.353	375.134
6.363	374.296
6.373	373.677
6.383	373.398
6.393	373.369
6.403	373.349
6.413	373.468
6.423	373.501
6.433	373.681
6.443	374.028
6.453	374.540
6.463	374.755
6.473	375.231
6.483	375.654
6.493	376.079
6.503	376.219
6.513	376.008
6.523	373.766
6.533	374.090
6.543	374.601
6.553	374.525
6.563	373.608
6.573	373.246
6.583	372.586
6.593	372.495
6.603	372.664
6.613	372.918
6.623	373.240
6.633	373.771
6.643	373.986
6.653	374.391
6.663	374.486
6.673	374.437
6.683	374.470
6.693	374.519
6.703	374.696
6.713	374.756
6.723	374.790
6.733	374.686
6.743	374.564
6.753	374.478
6.763	374.295
6.773	374.068
6.783	373.960
6.793	374.061
6.803	374.488
6.813	374.985
6.823	375.281
6.833	375.707
6.843	376.101
6.853	376.011
6.863	375.761
6.873	374.870
6.883	376.809
6.893	0.000
6.903	436.571
6.913	439.939
6.923	445.331
6.933	446.467
6.943	447.126
6.953	447.261
6.963	447.372
6.973	447.031
6.983	446.616
6.993	446.466
7.003	446.188
7.013	446.200
7.023	446.085
7.033	445.985
7.043	446.051
7.053	445.898
7.063	445.894
7.073	446.006
7.083	445.871
7.093	445.962
7.103	445.866
7.113	445.862
7.123	445.697
7.133	445.440
7.143	445.392
7.153	445.041
7.163	445.102
7.173	445.582
7.183	445.724
7.193	445.890
7.203	445.890
7.213	445.920
7.223	445.988
7.233	445.908
7.243	445.539
7.253	445.151
7.263	444.125
7.273	442.628
7.283	440.854
7.293	439.726
7.303	435.883
7.313	431.031
7.323	428.067
7.333	428.250
7.343	416.193
7.353	417.113
7.363	418.332
7.373	419.199
7.383	419.644
7.393	419.486
7.403	418.934
7.413	417.752
7.423	416.397
7.433	415.489
7.443	414.002
7.453	413.072
7.463	412.967
7.473	413.370
7.483	414.728
7.493	416.299
7.503	417.701
7.513	418.344
7.523	419.421
7.533	420.064
7.543	420.147
7.553	419.625
7.563	418.265
7.573	416.613
7.583	415.608
7.593	413.347
7.603	411.774
7.613	411.462
7.623	411.612
7.633	412.322
7.643	413.366
7.653	413.699
7.663	414.092
7.673	414.063
7.683	413.877
7.693	413.743
7.703	413.030
7.713	411.913
7.723	411.494
7.733	411.002
7.743	410.917
7.753	411.062
7.763	411.350
7.773	412.044
7.783	412.181
7.793	412.115
7.803	412.160
7.813	412.085
7.823	412.065
7.833	412.185
7.843	412.088
7.853	411.624
7.863	410.851
7.873	410.246
7.883	408.875
7.893	408.390
7.903	408.106
7.913	408.324
7.923	0.000
7.933	0.000
7.943	333.930
7.953	334.266
7.963	334.933
7.973	335.338
7.983	336.009
7.993	335.981
8.003	335.195
8.013	334.706
8.023	333.324
8.033	332.749
8.043	333.833
8.053	334.492
8.063	334.921
8.073	335.357
8.083	335.687
8.093	336.691
8.103	337.261
8.113	337.495
8.123	337.383
8.133	337.273
8.143	336.875
8.153	336.564
8.163	335.050
8.173	330.152
8.183	0.000
8.193	0.000
8.203	0.000
8.213	0.000
8.223	0.000
8.233	0.000
8.243	436.521
8.253	437.035
8.263	437.210
8.273	437.479
8.283	438.540
8.293	438.294
8.303	437.816
8.313	437.987
8.323	439.016
8.333	438.770
8.343	437.934
8.353	438.591
8.363	439.325
8.373	438.727
8.383	437.957
8.393	438.594
8.403	439.044
8.413	438.564
8.423	437.994
8.433	438.653
8.443	438.822
8.453	438.577
8.463	438.057
8.473	438.703
8.483	439.123
8.493	438.634
8.503	438.222
8.513	438.632
8.523	439.082
8.533	438.541
8.543	438.184
8.553	438.577
8.563	439.329
8.573	445.570
8.583	484.453
8.593	491.511
8.603	498.572
8.613	500.408
8.623	500.544
8.633	500.745
8.643	500.443
8.653	499.748
8.663	499.245
8.673	498.181
8.683	497.223
8.693	496.942
8.703	497.070
8.713	497.601
8.723	497.990
8.733	498.063
8.743	498.074
8.753	497.956
8.763	497.783
8.773	497.812
8.783	498.015
8.793	498.488
8.803	498.593
8.813	498.986
8.823	499.301
8.833	499.615
8.843	499.702
8.853	500.007
8.863	500.392
8.873	500.598
8.883	500.682
8.893	500.668
8.903	500.483
8.913	500.294
8.923	499.657
8.933	498.709
8.943	497.768
8.953	497.354
8.963	497.349
8.973	500.384
8.983	0.000
8.993	0.000
9.003	0.000
9.013	439.385
9.023	441.185
9.033	443.328
9.043	445.315
9.053	445.886
9.063	445.720
9.073	444.691
9.083	442.795
9.093	441.686
9.103	440.412
9.113	439.391
9.123	438.555
9.133	438.368
9.143	438.440
9.153	438.842
9.163	439.015
9.173	439.769
9.183	440.973
9.193	443.253
9.203	444.808
9.213	446.811
9.223	447.192
9.233	446.956
9.243	446.649
9.253	445.424
9.263	443.269
9.273	442.102
9.283	440.218
9.293	439.034
9.303	438.121
9.313	438.132
9.323	438.315
9.333	439.307
9.343	439.951
9.353	441.504
9.363	443.602
9.373	445.063
9.383	445.403
9.393	445.460
9.403	445.252
9.413	444.516
9.423	443.820
9.433	441.755
9.443	439.937
9.453	439.338
9.463	439.268
9.473	439.519
9.483	440.015
9.493	440.399
9.503	440.704
9.513	440.854
9.523	440.697
9.533	440.599
9.543	440.862
9.553	440.958
9.563	440.989
9.573	441.158
9.583	441.280
9.593	441.302
9.603	441.235
9.613	441.102
9.623	440.947
9.633	440.835
9.643	440.678
9.653	440.667
9.663	440.348
9.673	439.835
9.683	438.491
9.693	436.490
9.703	435.099
9.713	431.144
9.723	426.949
9.733	423.009
9.743	421.520
9.753	419.556
9.763	419.359
9.773	418.593
9.783	419.203
9.793	420.042
9.803	419.846
9.813	419.446
9.823	418.033
9.833	416.202
9.843	414.494
9.853	413.819
9.863	413.454
9.873	413.713
9.883	414.481
9.893	414.985
9.903	416.228
9.913	417.732
9.923	418.294
9.933	419.459
9.943	420.399
9.953	421.080
9.963	421.074
9.973	420.616
9.983	419.323
9.993	418.454
10.003	416.501
10.013	414.303
10.023	412.459
10.033	411.752
10.043	411.299
10.053	411.882
10.063	412.551
10.073	413.181
10.083	414.545
10.093	416.024
10.103	416.851
10.113	418.331
10.123	419.599
10.133	419.977
10.143	419.948
10.153	419.189
10.163	417.842
10.173	417.099
10.183	415.454
10.193	413.986
10.203	412.796
10.213	412.497
10.223	412.628
10.233	413.157
10.243	413.875
10.253	414.350
10.263	415.038
10.273	415.349
10.283	415.254
10.293	415.193
10.303	414.951
10.313	414.896
10.323	414.842
10.333	414.435
10.343	414.264
10.353	414.305
10.363	414.171
10.373	414.012
10.383	413.779
10.393	413.674
10.403	413.603
10.413	413.722
10.423	414.025
10.433	414.244
10.443	414.761
10.453	415.232
10.463	415.380
10.473	415.690
10.483	415.950
10.493	415.887
10.503	415.968
10.513	415.841
10.523	415.133
10.533	414.566
10.543	413.143
10.553	410.551
10.563	407.506
10.573	405.683
10.583	369.252
10.593	370.746
10.603	373.049
10.613	373.860
10.623	374.426
10.633	374.287
10.643	374.018
10.653	373.285
10.663	372.528
10.673	372.233
10.683	372.158
10.693	372.066
10.703	372.211
10.713	372.278
10.723	372.714
10.733	373.615
10.743	374.759
10.753	375.471
10.763	376.614
10.773	377.518
10.783	377.641
10.793	377.377
10.803	376.419
10.813	375.271
10.823	374.679
10.833	373.666
10.843	373.018
10.853	372.945
10.863	373.122
10.873	373.511
10.883	373.940
10.893	374.358
10.903	374.881
10.913	375.448
10.923	375.915
10.933	376.049
10.943	376.457
10.953	376.713
10.963	376.838
10.973	376.721
10.983	379.072
10.993	402.927
11.003	413.640
11.013	418.688
11.023	420.904
11.033	422.557
11.043	422.723
11.053	422.901
11.063	422.830
11.073	422.283
11.083	421.174
11.093	420.160
11.103	419.122
11.113	418.886
11.123	418.960
11.133	419.048
11.143	419.372
11.153	419.423
11.163	419.389
11.173	419.253
11.183	419.195
11.193	418.902
11.203	418.545
11.213	418.173
11.223	418.100
11.233	417.945
11.243	417.879
11.253	417.671
11.263	417.766
11.273	417.911
11.283	418.231
11.293	418.357
11.303	418.077
11.313	417.423
11.323	417.951
11.333	418.278
11.343	418.617
11.353	417.055
11.363	416.117
11.373	413.712
11.383	0.000
11.393	382.687
11.403	382.545
11.413	381.878
11.423	380.995
11.433	379.625
11.443	378.795
11.453	377.434
11.463	375.965
11.473	375.204
11.483	373.921
11.493	372.986
11.503	372.204
11.513	371.830
11.523	371.395
11.533	371.293
11.543	371.205
11.553	371.322
11.563	371.703
11.573	372.460
11.583	373.050
11.593	374.076
11.603	375.307
11.613	376.376
11.623	376.822
11.633	377.145
11.643	376.849
11.653	376.524
11.663	375.314
11.673	373.782
11.683	372.133
11.693	371.331
11.703	370.153
11.713	369.741
11.723	369.843
11.733	370.281
11.743	371.034
11.753	372.174
11.763	372.832
11.773	374.377
11.783	376.027
11.793	377.562
11.803	378.242
11.813	379.120
11.823	378.688
11.833	378.116
11.843	376.743
11.853	375.125
11.863	373.496
11.873	372.784
11.883	371.686
11.893	371.114
11.903	371.220
11.913	371.678
11.923	372.255
11.933	372.748
11.943	372.922
11.953	373.124
11.963	373.397
11.973	373.458
11.983	373.497
11.993	373.504
12.003	373.852
12.013	374.184
12.023	374.633
12.033	374.729
12.043	374.736
12.053	374.643
12.063	374.875
12.073	375.175
12.083	375.345
12.093	375.597
12.103	375.574
12.113	375.125
12.123	374.820
12.133	373.862
12.143	372.294
12.153	369.706
12.163	367.802
12.173	0.000
12.183	332.539
12.193	333.162
12.203	334.186
12.213	334.044
12.223	333.284
12.233	332.890
12.243	332.100
12.253	331.302
12.263	331.114
12.273	330.727
12.283	330.807
12.293	330.897
12.303	331.035
12.313	331.183
12.323	331.452
12.333	332.096
12.343	332.432
12.353	333.382
12.363	334.262
12.373	334.605
12.383	335.363
12.393	335.913
12.403	336.299
12.413	336.351
12.423	336.178
12.433	335.625
12.443	334.731
12.453	334.177
12.463	333.132
12.473	332.318
12.483	332.099
12.493	331.949
12.503	332.135
12.513	332.650
12.523	333.016
12.533	333.903
12.543	334.588
12.553	334.754
12.563	335.125
12.573	335.327
12.583	335.184
12.593	335.047
12.603	334.496
12.613	334.003
12.623	333.751
12.633	333.580
12.643	333.397
12.653	333.257
12.663	333.218
12.673	333.191
12.683	333.247
12.693	333.269
12.703	333.278
12.713	333.424
12.723	333.652
12.733	333.724
12.743	333.937
12.753	334.057
12.763	334.175
12.773	334.226
12.783	334.290
12.793	334.443
12.803	334.560
12.813	334.614
12.823	334.718
12.833	334.920
12.843	335.030
12.853	335.262
12.863	335.475
12.873	335.569
12.883	335.604
12.893	335.739
12.903	335.903
12.913	335.944
12.923	336.118
12.933	336.321
12.943	336.418
12.953	336.345
12.963	336.185
12.973	335.943
12.983	335.723
12.993	335.683
13.003	336.505
13.013	0.000
13.023	0.000
13.033	0.000
13.043	0.000
13.053	0.000
13.063	0.000
13.073	278.690
13.083	279.040
13.093	279.263
13.103	279.476
13.113	279.270
13.123	278.827
13.133	278.671
13.143	278.657
13.153	278.619
13.163	278.262
13.173	278.126
13.183	277.886
13.193	277.742
13.203	277.534
13.213	277.389
13.223	277.301
13.233	277.316
13.243	277.355
13.253	277.499
13.263	277.708
13.273	277.867
13.283	278.017
13.293	278.216
13.303	278.368
13.313	278.543
13.323	278.915
13.333	278.908
13.343	278.991
13.353	278.938
13.363	278.814
13.373	278.501
13.383	278.268
13.393	277.867
13.403	277.631
13.413	277.565
13.423	277.595
13.433	277.765
13.443	278.059
13.453	278.285
13.463	278.756
13.473	279.252
13.483	279.551
13.493	279.796
13.503	280.223
13.513	280.544
13.523	280.511
13.533	280.480
13.543	279.932
13.553	279.222
13.563	278.931
13.573	278.304
13.583	277.836
13.593	277.494
13.603	277.338
13.613	277.274
13.623	277.226
13.633	277.316
13.643	277.461
13.653	277.701
13.663	277.943
13.673	278.227
13.683	278.687
13.693	279.339
13.703	279.886
13.713	280.066
13.723	280.311
13.733	280.292
13.743	280.203
13.753	279.869
13.763	279.579
13.773	278.961
13.783	278.736
13.793	278.202
13.803	277.887
13.813	277.743
13.823	277.625
13.833	277.802
13.843	277.855
13.853	277.869
13.863	278.185
13.873	278.633
13.883	279.025
13.893	279.261
13.903	279.781
13.913	280.280
13.923	280.496
13.933	280.768
13.943	280.959
13.953	280.863
13.963	280.676
13.973	280.089
13.983	279.458
13.993	278.753
14.003	278.380
14.013	277.691
14.023	277.324
14.033	277.159
14.043	277.106
14.053	277.255
14.063	277.602
14.073	277.944
14.083	278.480
14.093	278.930
14.103	279.295
14.113	280.160
14.123	280.868
14.133	281.520
14.143	281.757
14.153	281.814
14.163	281.548
14.173	280.936
14.183	280.537
14.193	279.838
14.203	279.118
14.213	278.875
14.223	278.398
14.233	278.045
14.243	278.128
14.253	278.227
14.263	278.630
14.273	279.121
14.283	279.187
14.293	279.569
14.303	279.961
14.313	280.343
14.323	280.514
14.333	280.805
14.343	281.050
14.353	281.025
14.363	281.011
14.373	280.467
14.383	279.935
14.393	279.609
14.403	279.175
14.413	278.702
14.423	278.215
14.433	278.010
14.443	277.542
14.453	277.589
14.463	277.676
14.473	277.979
14.483	278.342
14.493	278.602
14.503	278.729
14.513	279.088
14.523	279.406
14.533	279.675
14.543	279.742
14.553	279.992
14.563	280.120
14.573	280.107
14.583	280.005
14.593	279.825
14.603	279.751
14.613	279.710
14.623	279.842
14.633	280.357
14.643	281.051
14.653	274.737
14.663	273.914
14.673	276.228
14.683	276.875
14.693	277.523
14.703	277.878
14.713	277.883
14.723	277.741
14.733	277.494
14.743	277.362
14.753	277.130
14.763	276.997
14.773	277.010
14.783	276.923
14.793	276.906
14.803	276.910
14.813	276.830
14.823	276.818
14.833	276.741
14.843	276.722
14.853	276.740
14.863	276.711
14.873	276.875
14.883	277.029
14.893	277.041
14.903	277.055
14.913	277.054
14.923	277.139
14.933	277.168
14.943	277.276
14.953	277.279
14.963	277.085
14.973	276.822
14.983	276.238
14.993	275.398
15.003	274.564
15.013	274.257
15.023	274.043
15.033	274.228
15.043	274.455
15.053	276.406
15.063	282.739
15.073	283.636
15.083	283.349
15.093	0.000
15.103	0.000
15.113	335.751
15.123	334.933
15.133	334.042
15.143	333.266
15.153	333.000
15.163	332.530
15.173	332.247
15.183	332.105
15.193	331.983
15.203	331.892
15.213	332.071
15.223	332.232
15.233	332.489
15.243	332.700
15.253	333.053
15.263	332.997
15.273	333.064
15.283	332.862
15.293	332.829
15.303	332.560
15.313	332.316
15.323	332.188
15.333	332.014
15.343	331.874
15.353	331.844
15.363	331.795
15.373	331.853
15.383	331.932
15.393	332.234
15.403	332.501
15.413	332.746
15.423	333.193
15.433	333.483
15.443	333.572
15.453	333.767
15.463	333.790
15.473	333.776
15.483	333.720
15.493	333.442
15.503	333.266
15.513	333.927
15.523	336.326
15.533	362.331
15.543	364.608
15.553	366.734
15.563	375.218
15.573	377.196
15.583	377.794
15.593	378.332
15.603	377.942
15.613	377.358
15.623	376.952
15.633	376.028
15.643	374.930
15.653	374.353
15.663	373.228
15.673	372.453
15.683	371.755
15.693	371.581
15.703	371.424
15.713	371.702
15.723	372.371
15.733	372.682
15.743	373.702
15.753	374.595
15.763	375.121
15.773	376.189
15.783	377.267
15.793	378.026
15.803	378.238
15.813	378.022
15.823	377.191
15.833	376.652
15.843	375.166
15.853	373.794
15.863	372.714
15.873	372.213
15.883	371.524
15.893	371.472
15.903	371.931
15.913	372.194
15.923	372.903
15.933	373.836
15.943	374.381
15.953	375.600
15.963	376.759
15.973	377.813
15.983	378.311
15.993	378.622
16.003	378.393
16.013	378.056
16.023	376.961
16.033	375.510
16.043	373.880
16.053	373.127
16.063	371.959
16.073	371.054
16.083	370.744
16.093	370.906
16.103	371.402
16.113	372.238
16.123	372.825
16.133	373.898
16.143	374.820
16.153	375.585
16.163	375.857
16.173	376.256
16.183	376.158
16.193	375.956
16.203	375.288
16.213	374.706
16.223	373.855
16.233	373.263
16.243	371.829
16.253	370.859
16.263	370.349
16.273	370.291
16.283	370.190
16.293	370.291
16.303	370.404
16.313	370.818
16.323	371.614
16.333	372.525
16.343	372.902
16.353	373.501
16.363	373.704
16.373	370.861
16.383	370.705
16.393	370.838
16.403	371.396
16.413	371.632
16.423	371.885
16.433	371.621
16.443	371.006
16.453	370.699
16.463	370.149
16.473	370.001
16.483	370.050
16.493	370.385
16.503	370.535
16.513	370.814
16.523	371.118
16.533	371.506
16.543	371.670
16.553	371.935
16.563	372.170
16.573	372.517
16.583	372.784
16.593	372.943
16.603	373.216
16.613	373.228
16.623	373.124
16.633	373.108
16.643	372.865
16.653	372.735
16.663	372.891
16.673	373.621
16.683	374.068
16.693	373.875
16.703	373.970
16.713	375.712
16.723	0.000
16.733	429.147
16.743	430.412
16.753	439.492
16.763	445.848
16.773	446.383
16.783	446.591
16.793	446.524
16.803	446.151
16.813	446.159
16.823	445.974
16.833	445.924
16.843	445.898
16.853	445.803
16.863	445.888
16.873	445.909
16.883	445.738
16.893	445.428
16.903	445.063
16.913	445.051
16.923	444.948
16.933	444.864
16.943	444.604
16.953	444.402
16.963	444.084
16.973	443.952
16.983	444.047
16.993	444.257
17.003	444.311
17.013	444.450
17.023	444.622
17.033	444.734
17.043	444.415
17.053	443.491
17.063	442.951
17.073	441.021
17.083	438.337
17.093	433.528
17.103	431.044
17.113	426.405
17.123	422.944
17.133	422.637
17.143	418.135
17.153	419.066
17.163	419.756
17.173	419.510
17.183	418.729
17.193	417.538
17.203	416.889
17.213	415.651
17.223	414.585
17.233	414.077
17.243	414.183
17.253	414.927
17.263	415.861
17.273	417.141
17.283	417.988
17.293	419.595
17.303	421.143
17.313	421.962
17.323	423.117
17.333	423.309
17.343	423.007
17.353	422.316
17.363	420.918
17.373	419.162
17.383	418.171
17.393	415.959
17.403	413.548
17.413	412.340
17.423	412.164
17.433	412.755
17.443	414.228
17.453	415.927
17.463	416.632
17.473	417.491
17.483	417.953
17.493	417.980
17.503	417.719
17.513	417.397
17.523	417.301
17.533	417.242
17.543	417.215
17.553	416.877
17.563	415.964
17.573	415.413
17.583	414.027
17.593	412.271
17.603	411.031
17.613	408.308
17.623	407.185
17.633	406.677
17.643	0.000
17.653	0.000
17.663	336.139
17.673	336.533
17.683	336.590
17.693	336.030
17.703	335.365
17.713	335.074
17.723	334.721
17.733	334.452
17.743	334.061
17.753	333.863
17.763	333.913
17.773	334.363
17.783	334.685
17.793	335.458
17.803	336.139
17.813	336.636
17.823	336.690
17.833	336.508
17.843	335.872
17.853	335.463
17.863	334.569
17.873	333.580
17.883	332.065
17.893	330.586
17.903	0.000
17.913	0.000
17.923	0.000
17.933	0.000
17.943	435.715
17.953	436.518
17.963	437.203
17.973	438.312
17.983	438.513
17.993	438.693
18.003	438.924
18.013	439.027
18.023	438.647
18.033	438.538
18.043	438.412
18.053	438.304
18.063	438.174
18.073	438.077
18.083	438.356
18.093	438.670
18.103	438.673
18.113	438.714
18.123	439.145
18.133	439.186
18.143	439.102
18.153	439.176
18.163	439.248
18.173	439.104
18.183	438.952
18.193	438.845
18.203	438.835
18.213	438.901
18.223	438.964
18.233	439.248
18.243	442.184
18.253	446.248
18.263	486.126
18.273	491.829
18.283	496.852
18.293	498.310
18.303	499.820
18.313	499.606
18.323	499.191
18.333	498.188
18.343	496.892
18.353	496.044
18.363	495.823
18.373	495.860
18.383	496.078
18.393	496.208
18.403	495.873
18.413	495.218
18.423	495.015
18.433	495.146
18.443	495.786
18.453	495.980
18.463	495.865
18.473	495.830
18.483	496.396
18.493	497.060
18.503	497.221
18.513	497.187
18.523	496.868
18.533	496.776
18.543	496.814
18.553	497.093
18.563	497.742
18.573	498.062
18.583	498.299
18.593	497.879
18.603	497.817
18.613	498.022
18.623	505.905
18.633	552.734
18.643	556.186
18.653	557.222
18.663	559.492
18.673	561.296
18.683	561.647
18.693	561.892
18.703	561.683
18.713	561.071
18.723	560.655
18.733	559.213
18.743	557.734
18.753	557.085
18.763	555.858
18.773	555.300
18.783	555.395
18.793	555.667
18.803	556.648
18.813	558.073
18.823	559.623
18.833	560.436
18.843	562.149
18.853	563.924
18.863	564.661
18.873	565.833
18.883	566.384
18.893	565.770
18.903	565.178
18.913	563.318
18.923	560.521
18.933	557.683
18.943	556.599
18.953	555.126
18.963	554.416
18.973	554.386
18.983	554.793
18.993	555.642
19.003	557.009
19.013	557.784
19.023	559.346
19.033	560.889
19.043	561.715
19.053	563.158
19.063	564.647
19.073	565.522
19.083	565.821
19.093	565.612
19.103	564.400
19.113	562.259
19.123	560.930
19.133	558.208
19.143	556.071
19.153	555.275
19.163	554.107
19.173	553.927
19.183	554.282
19.193	554.641
19.203	555.693
19.213	557.055
19.223	557.888
19.233	559.617
19.243	561.543
19.253	563.327
19.263	563.916
19.273	564.847
19.283	564.645
19.293	563.539
19.303	562.519
19.313	548.649
19.323	549.232
19.333	554.231
19.343	555.592
19.353	555.168
19.363	554.869
19.373	554.746
19.383	554.698
19.393	554.801
19.403	555.001
19.413	555.359
19.423	556.183
19.433	557.144
19.443	557.671
19.453	559.014
19.463	560.704
19.473	562.451
19.483	563.177
19.493	564.310
19.503	564.716
19.513	564.673
19.523	563.814
19.533	562.025
19.543	559.910
19.553	558.545
19.563	556.208
19.573	554.455
19.583	553.992
19.593	553.700
19.603	554.083
19.613	554.712
19.623	555.129
19.633	556.125
19.643	557.393
19.653	559.007
19.663	559.802
19.673	561.575
19.683	563.456
19.693	564.182
19.703	565.241
19.713	565.269
19.723	564.547
19.733	563.910
19.743	562.164
19.753	560.362
19.763	559.419
19.773	557.455
19.783	555.777
19.793	554.728
19.803	554.536
19.813	554.776
19.823	555.238
19.833	555.951
19.843	556.410
19.853	557.419
19.863	558.712
19.873	559.454
19.883	560.960
19.893	562.732
19.903	564.023
19.913	564.427
19.923	564.814
19.933	564.185
19.943	563.652
19.953	562.140
19.963	560.467
19.973	558.782
19.983	558.061
19.993	556.989
20.003	556.141
20.013	555.540
20.023	555.155
20.033	554.576
20.043	554.071
20.053	554.055
20.063	554.069
20.073	554.272
20.083	554.552
20.093	554.811
20.103	555.879
20.113	557.100
20.123	558.876
20.133	559.660
20.143	561.204
20.153	561.538
20.163	559.948
20.173	557.664
20.183	560.654
20.193	561.436
20.203	560.588
20.213	558.886
20.223	556.750
20.233	555.837
20.243	554.309
20.253	553.039
20.263	552.557
20.273	552.728
20.283	553.231
20.293	553.821
20.303	554.452
20.313	554.710
20.323	555.139
20.333	555.320
20.343	555.346
20.353	555.405
20.363	555.794
20.373	556.161
20.383	556.283
20.393	556.660
20.403	556.956
20.413	557.012
20.423	557.053
20.433	557.033
20.443	557.101
20.453	557.159
20.463	557.726
20.473	558.470
20.483	559.381
20.493	559.797
20.503	560.748
20.513	561.086
20.523	560.778
20.533	559.558
20.543	557.284
20.553	554.612
20.563	552.913
20.573	527.324
20.583	502.132
20.593	501.078
20.603	500.149
20.613	499.764
20.623	499.287
20.633	498.993
20.643	497.863
20.653	496.083
20.663	494.158
20.673	493.431
20.683	492.494
20.693	491.883
20.703	491.673
20.713	491.574
20.723	491.991
20.733	492.990
20.743	493.665
20.753	494.816
20.763	495.891
20.773	496.317
20.783	496.946
20.793	497.123
20.803	497.187
20.813	497.192
20.823	497.093
20.833	496.897
20.843	496.861
20.853	496.850
20.863	496.930
20.873	497.064
20.883	497.249
20.893	496.759
20.903	495.593
20.913	494.682
20.923	494.016
20.933	490.119
20.943	475.681
20.953	465.527
20.963	436.934
20.973	436.195
20.983	436.957
20.993	437.176
21.003	437.710
21.013	438.422
21.023	438.636
21.033	438.766
21.043	438.855
21.053	439.002
21.063	439.072
21.073	439.041
21.083	439.169
21.093	439.170
21.103	439.097
21.113	439.231
21.123	439.195
21.133	439.244
21.143	439.163
21.153	439.080
21.163	439.086
21.173	439.070
21.183	439.034
21.193	439.060
21.203	439.024
21.213	439.214
21.223	439.187
21.233	439.325
21.243	439.275
21.253	439.434
21.263	439.512
21.273	439.469
21.283	439.477
21.293	439.519
21.303	439.497
21.313	439.547
21.323	439.578
21.333	439.533
21.343	439.524
21.353	439.464
21.363	439.406
21.373	439.405
21.383	439.336
21.393	439.411
21.403	439.424
21.413	439.325
21.423	439.387
21.433	439.356
21.443	439.365
21.453	439.326
21.463	439.369
21.473	439.313
21.483	439.329
21.493	439.348
21.503	439.298
21.513	439.218
21.523	439.100
21.533	439.035
21.543	439.150
21.553	439.096
21.563	438.921
21.573	438.934
21.583	438.808
21.593	438.761
21.603	438.881
21.613	438.935
21.623	439.022
21.633	438.977
21.643	439.173
21.653	439.126
21.663	439.122
21.673	439.203
21.683	439.131
21.693	439.140
21.703	440.930
21.713	442.455
21.723	451.174
21.733	467.999
21.743	483.155
21.753	492.554
21.763	494.924
21.773	495.292
21.783	495.437
21.793	495.226
21.803	494.635
21.813	493.849
21.823	493.216
21.833	491.959
21.843	490.848
21.853	490.166
21.863	489.874
21.873	490.267
21.883	491.044
21.893	491.274
21.903	491.957
21.913	492.645
21.923	493.492
21.933	493.711
21.943	493.911
21.953	494.032
21.963	494.041
21.973	493.636
21.983	493.052
21.993	492.088
22.003	491.502
22.013	490.502
22.023	489.730
22.033	489.760
22.043	489.931
22.053	490.257
22.063	490.475
22.073	490.459
22.083	490.285
22.093	489.965
22.103	489.610
22.113	489.569
22.123	489.797
22.133	490.245
22.143	490.513
22.153	490.674
22.163	490.850
22.173	490.869
22.183	491.024
22.193	491.056
22.203	491.089
22.213	491.121
22.223	491.202
22.233	491.424
22.243	491.622
22.253	491.600
22.263	491.441
22.273	491.336
22.283	491.326
22.293	491.241
22.303	491.262
22.313	491.339
22.323	491.311
22.333	491.028
22.343	490.879
22.353	490.713
22.363	490.638
22.373	490.594
22.383	490.509
22.393	490.685
22.403	490.642
22.413	490.738
22.423	490.503
22.433	490.357
22.443	489.959
22.453	489.689
22.463	489.285
22.473	489.983
22.483	489.993
22.493	0.000
22.503	0.000
22.513	0.000
22.523	0.000
22.533	0.000
22.543	433.179
22.553	436.750
22.563	439.657
22.573	441.679
22.583	442.209
22.593	443.117
22.603	443.119
22.613	442.787
22.623	441.946
22.633	440.912
22.643	439.874
22.653	439.174
22.663	438.733
22.673	438.675
22.683	438.839
22.693	439.059
22.703	440.161
22.713	440.892
22.723	440.700
22.733	440.921
22.743	440.757
22.753	440.618
22.763	440.448
22.773	440.302
22.783	440.168
22.793	440.073
22.803	440.014
22.813	440.023
22.823	440.031
22.833	440.040
22.843	439.783
22.853	439.554
22.863	439.085
22.873	439.118
22.883	439.073
22.893	439.323
22.903	439.513
22.913	440.014
22.923	440.305
22.933	440.705
22.943	441.199
22.953	441.835
22.963	441.873
22.973	441.869
22.983	441.577
22.993	440.849
23.003	440.119
23.013	439.942
23.023	439.456
23.033	439.298
23.043	439.195
23.053	439.129
23.063	439.036
23.073	439.212
23.083	439.250
23.093	439.401
23.103	439.766
23.113	440.216
23.123	440.476
23.133	441.169
23.143	441.770
23.153	441.868
23.163	441.326
23.173	440.911
23.183	440.791
23.193	440.679
23.203	440.424
23.213	440.013
23.223	439.456
23.233	439.323
23.243	439.031
23.253	438.695
23.263	438.805
23.273	438.926
23.283	438.835
23.293	439.207
23.303	439.424
23.313	440.044
23.323	440.588
23.333	440.978
23.343	441.573
23.353	442.474
23.363	442.910
23.373	442.805
23.383	442.095
23.393	441.108
23.403	440.431
23.413	440.168
23.423	439.408
23.433	438.757
23.443	438.573
23.453	438.324
23.463	438.355
23.473	438.769
23.483	438.861
23.493	439.248
23.503	440.096
23.513	440.529
23.523	441.665
23.533	442.763
23.543	443.323
23.553	443.384
23.563	443.204
23.573	442.582
23.583	442.010
23.593	441.799
23.603	441.189
23.613	440.712
23.623	440.220
23.633	439.901
23.643	439.675
23.653	439.802
23.663	440.082
23.673	440.617
23.683	441.344
23.693	441.429
23.703	441.883
23.713	441.952
23.723	441.557
23.733	441.454
23.743	440.767
23.753	440.532
23.763	440.367
23.773	440.375
23.783	440.579
23.793	441.049
23.803	441.325
23.813	441.467
23.823	441.301
23.833	440.952
23.843	440.992
23.853	440.906
23.863	441.139
23.873	440.916
23.883	440.749
23.893	440.940
23.903	441.089
23.913	441.071
23.923	441.270
23.933	441.234
23.943	441.304
23.953	441.574
23.963	441.931
23.973	442.109
23.983	442.236
23.993	442.292
24.003	442.472
24.013	442.626
24.023	442.661
24.033	442.935
24.043	443.004
24.053	441.861
24.063	440.742
24.073	439.064
24.083	438.651
24.093	438.249
24.103	438.853
24.113	441.647
24.123	0.000
24.133	0.000
24.143	0.000
24.153	0.000
24.163	0.000
24.173	0.000
24.183	0.000
24.193	0.000
24.203	0.000
24.213	0.000
24.223	0.000
24.233	671.014
24.243	672.434
24.253	676.212
24.263	676.679
24.273	676.062
24.283	674.799
24.293	674.115
24.303	673.611
24.313	672.945
24.323	671.309
24.333	670.259
24.343	669.781
24.353	668.799
24.363	667.935
24.373	666.951
24.383	666.599
24.393	665.926
24.403	666.398
24.413	667.487
24.423	667.912
24.433	668.194
24.443	668.228
24.453	668.250
24.463	668.994
24.473	669.655
24.483	669.830
24.493	669.754
24.503	669.495
24.513	669.081
24.523	668.769
24.533	667.725
24.543	666.197
24.553	663.718
24.563	662.234
24.573	650.194
24.583	0.000
24.593	560.840
24.603	560.456
24.613	559.217
24.623	557.615
24.633	556.492
24.643	554.688
24.653	553.125
24.663	551.876
24.673	551.451
24.683	551.161
24.693	551.365
24.703	551.454
24.713	551.527
24.723	551.470
24.733	551.518
24.743	551.617
24.753	551.555
24.763	551.661
24.773	551.898
24.783	552.058
24.793	552.465
24.803	552.892
24.813	553.081
24.823	553.384
24.833	553.868
24.843	554.570
24.853	555.035
24.863	555.656
24.873	556.134
24.883	556.389
24.893	556.774
24.903	556.834
24.913	556.719
24.923	556.552
24.933	555.936
24.943	554.983
24.953	553.996
24.963	553.374
24.973	550.918
24.983	521.587
24.993	511.090
25.003	499.981
25.013	501.950
25.023	498.396
25.033	498.025
25.043	497.714
25.053	497.257
25.063	496.826
25.073	495.589
25.083	494.180
25.093	493.261
25.103	492.935
25.113	492.485
25.123	492.350
25.133	492.297
25.143	492.442
25.153	492.947
25.163	493.569
25.173	494.054
25.183	495.389
25.193	497.097
25.203	498.525
25.213	499.228
25.223	499.602
25.233	499.639
25.243	499.186
25.253	498.827
25.263	497.750
25.273	496.308
25.283	495.539
25.293	494.043
25.303	493.142
25.313	492.872
25.323	492.748
25.333	492.578
25.343	492.629
25.353	492.794
25.363	493.278
25.373	494.277
25.383	495.872
25.393	496.716
25.403	498.148
25.413	499.023
25.423	499.702
25.433	500.020
25.443	500.213
25.453	499.710
25.463	499.056
25.473	497.603
25.483	495.958
25.493	494.264
25.503	493.663
25.513	492.638
25.523	492.087
25.533	491.877
25.543	491.561
25.553	491.681
25.563	492.195
25.573	492.586
25.583	493.644
25.593	495.512
25.603	497.703
25.613	498.564
25.623	499.431
25.633	499.624
25.643	499.707
25.653	499.215
25.663	498.457
25.673	497.193
25.683	496.271
25.693	494.211
25.703	492.736
25.713	492.386
25.723	491.934
25.733	492.074
25.743	492.437
25.753	492.407
25.763	495.466
25.773	496.133
25.783	496.394
25.793	496.836
25.803	497.484
25.813	498.314
25.823	498.804
25.833	499.419
25.843	499.806
25.853	499.757
25.863	499.392
25.873	498.296
25.883	496.832
25.893	495.887
25.903	494.044
25.913	492.682
25.923	491.920
25.933	491.586
25.943	491.443
25.953	491.895
25.963	492.905
25.973	493.569
25.983	495.093
25.993	497.655
26.003	498.959
26.013	500.251
26.023	500.510
26.033	500.458
26.043	500.259
26.053	499.271
26.063	497.687
26.073	496.774
26.083	494.989
26.093	493.781
26.103	493.478
26.113	493.455
26.123	493.782
26.133	494.384
26.143	495.207
26.153	495.575
26.163	496.103
26.173	496.053
26.183	496.043
26.193	495.719
26.203	495.370
26.213	495.047
26.223	494.893
26.233	494.666
26.243	494.234
26.253	494.059
26.263	493.697
26.273	493.799
26.283	494.270
26.293	494.458
26.303	494.979
26.313	495.564
26.323	496.000
26.333	496.323
26.343	496.783
26.353	497.149
26.363	497.098
26.373	497.336
26.383	497.310
26.393	497.119
26.403	497.015
26.413	496.675
26.423	495.981
26.433	495.341
26.443	494.086
26.453	493.091
26.463	493.979
26.473	495.100
26.483	0.000
26.493	0.000
26.503	0.000
26.513	0.000
26.523	436.882
26.533	438.405
26.543	439.689
26.553	440.863
26.563	440.950
26.573	440.175
26.583	439.935
26.593	439.038
26.603	438.313
26.613	437.832
26.623	437.609
26.633	437.516
26.643	437.587
26.653	437.606
26.663	437.657
26.673	438.037
26.683	438.340
26.693	438.523
26.703	438.801
26.713	439.153
26.723	439.170
26.733	439.213
26.743	439.180
26.753	439.074
26.763	438.952
26.773	438.671
26.783	438.112
26.793	437.393
26.803	436.899
26.813	435.519
26.823	434.333
26.833	433.970
26.843	433.956
26.853	434.364
26.863	434.866
26.873	435.441
26.883	438.526
26.893	0.000
26.903	0.000
26.913	0.000
26.923	0.000
26.933	554.043
26.943	553.919
26.953	553.302
26.963	551.839
26.973	549.934
26.983	548.954
26.993	548.333
27.003	548.615
27.013	549.158
27.023	550.799
27.033	552.487
27.043	553.798
27.053	554.540
27.063	555.457
27.073	555.662
27.083	555.450
27.093	554.507
27.103	553.215
27.113	551.368
27.123	550.897
27.133	550.353
27.143	550.483
27.153	550.629
27.163	550.893
27.173	551.060
27.183	551.242
27.193	551.274
27.203	551.333
27.213	551.430
27.223	551.950
27.233	552.285
27.243	552.283
27.253	551.055
27.263	550.312
27.273	548.054
27.283	528.762
27.293	500.015
27.303	500.197
27.313	501.746
27.323	502.917
27.333	502.492
27.343	502.210
27.353	502.044
27.363	501.436
27.373	501.137
27.383	500.514
27.393	500.134
27.403	499.411
27.413	498.932
27.423	498.408
27.433	498.864
27.443	499.161
27.453	499.951
27.463	500.682
27.473	501.606
27.483	502.048
27.493	502.995
27.503	503.647
27.513	504.036
27.523	504.166
27.533	504.290
27.543	503.954
27.553	503.727
27.563	502.948
27.573	502.318
27.583	501.810
27.593	501.482
27.603	501.120
27.613	500.773
27.623	500.640
27.633	500.514
27.643	500.370
27.653	500.441
27.663	500.503
27.673	500.913
27.683	501.436
27.693	502.021
27.703	502.259
27.713	502.727
27.723	502.850
27.733	502.767
27.743	502.648
27.753	502.608
27.763	502.614
27.773	502.541
27.783	502.297
27.793	502.068
27.803	501.970
27.813	501.996
27.823	502.323
27.833	502.769
27.843	502.827
27.853	502.910
27.863	502.353
27.873	501.296
27.883	500.744
27.893	499.727
27.903	499.044
27.913	498.839
27.923	498.404
27.933	497.817
27.943	497.125
27.953	496.783
27.963	496.449
27.973	496.360
27.983	496.616
27.993	496.572
28.003	496.814
28.013	0.000
28.023	0.000
28.033	0.000
28.043	0.000
28.053	335.030
28.063	335.326
28.073	335.577
28.083	335.624
28.093	335.576
28.103	335.477
28.113	335.502
28.123	335.477
28.133	335.398
28.143	335.130
28.153	334.714
28.163	334.418
28.173	334.278
28.183	333.973
28.193	333.789
28.203	333.628
28.213	333.352
28.223	332.926
28.233	332.540
28.243	332.375
28.253	332.364
28.263	332.676
28.273	332.933
28.283	333.717
28.293	334.566
28.303	335.156
28.313	335.478
28.323	335.892
28.333	336.150
28.343	336.055
28.353	335.857
28.363	335.349
28.373	334.496
28.383	334.106
28.393	333.084
28.403	332.257
28.413	332.047
28.423	332.105
28.433	332.700
28.443	333.644
28.453	334.171
28.463	334.914
28.473	335.587
28.483	336.095
28.493	336.218
28.503	336.131
28.513	335.884
28.523	335.280
28.533	334.908
28.543	334.405
28.553	334.189
28.563	334.205
28.573	334.257
28.583	334.262
28.593	334.097
28.603	333.926
28.613	333.748
28.623	333.513
28.633	333.338
28.643	332.986
28.653	332.867
28.663	332.853
28.673	332.945
28.683	333.023
28.693	333.304
28.703	333.531
28.713	333.549
28.723	333.814
28.733	334.138
28.743	334.430
28.753	334.809
28.763	334.621
28.773	335.386
28.783	335.486
28.793	333.147
28.803	331.510
28.813	332.396
28.823	330.756
28.833	332.312
28.843	332.066
28.853	332.173
28.863	333.996
28.873	334.685
28.883	0.000
28.893	667.799
28.903	666.834
28.913	665.797
28.923	664.729
28.933	664.312
28.943	664.048
28.953	663.349
28.963	662.435
28.973	663.817
28.983	664.869
28.993	664.691
29.003	665.549
29.013	664.817
29.023	664.884
29.033	664.890
29.043	665.257
29.053	665.230
29.063	664.551
29.073	664.088
29.083	662.758
29.093	660.850
29.103	659.558
29.113	656.818
29.123	649.049
29.133	0.000
29.143	0.000
29.153	564.026
29.163	564.213
29.173	563.433
29.183	562.685
29.193	561.029
29.203	558.454
29.213	557.346
29.223	555.802
29.233	554.939
29.243	554.987
29.253	555.187
29.263	555.798
29.273	556.455
29.283	556.680
29.293	557.155
29.303	557.248
29.313	556.952
29.323	556.702
29.333	556.067
29.343	555.738
29.353	555.932
29.363	556.244
29.373	556.721
29.383	557.364
29.393	557.581
29.403	557.961
29.413	558.240
29.423	558.430
29.433	558.382
29.443	558.219
29.453	558.000
29.463	557.861
29.473	557.467
29.483	557.005
29.493	556.547
29.503	556.304
29.513	555.132
29.523	548.248
29.533	511.386
29.543	506.680
29.553	502.438
29.563	500.555
29.573	501.104
29.583	501.865
29.593	501.920
29.603	501.708
29.613	501.461
29.623	500.732
29.633	499.521
29.643	498.684
29.653	496.775
29.663	494.710
29.673	494.056
29.683	494.037
29.693	494.063
29.703	494.483
29.713	494.695
29.723	494.858
29.733	495.674
29.743	497.379
29.753	498.300
29.763	499.461
29.773	500.012
29.783	500.340
29.793	500.443
29.803	500.520
29.813	499.929
29.823	499.416
29.833	497.571
29.843	495.626
29.853	494.020
29.863	493.484
29.873	493.067
29.883	492.848
29.893	492.856
29.903	492.982
29.913	493.643
29.923	494.949
29.933	495.611
29.943	497.454
29.953	499.196
29.963	500.398
29.973	500.983
29.983	501.760
29.993	502.263
30.003	502.214
30.013	501.745
30.023	500.477
30.033	498.399
30.043	497.229
30.053	495.047
30.063	493.237
30.073	492.490
30.083	492.416
30.093	492.371
30.103	492.880
30.113	493.161
30.123	494.099
30.133	495.765
30.143	497.560
30.153	498.370
30.163	499.887
30.173	501.201
30.183	501.723
30.193	502.445
30.203	502.384
30.213	501.448
30.223	500.575
30.233	498.368
30.243	496.157
30.253	494.426
30.263	493.507
30.273	492.484
30.283	491.870
30.293	491.245
30.303	476.064
30.313	490.014
30.323	495.140
30.333	496.406
30.343	497.882
30.353	499.348
30.363	500.870
30.373	501.481
30.383	502.235
30.393	502.515
30.403	502.451
30.413	501.615
30.423	500.116
30.433	498.013
30.443	496.982
30.453	495.163
30.463	494.017
30.473	493.843
30.483	493.571
30.493	493.693
30.503	494.153
30.513	494.331
30.523	495.372
30.533	496.796
30.543	499.154
30.553	500.349
30.563	501.880
30.573	503.184
30.583	503.853
30.593	505.121
30.603	505.417
30.613	504.558
30.623	503.808
30.633	501.957
30.643	499.827
30.653	498.597
30.663	496.686
30.673	496.440
30.683	496.853
30.693	497.161
30.703	497.983
30.713	499.022
30.723	499.917
30.733	500.235
30.743	500.814
30.753	501.297
30.763	501.259
30.773	500.803
30.783	499.833
30.793	498.668
30.803	498.038
30.813	497.088
30.823	496.748
30.833	496.819
30.843	496.905
30.853	497.400
30.863	498.007
30.873	498.194
30.883	498.573
30.893	498.809
30.903	498.930
30.913	498.863
30.923	498.843
30.933	498.817
30.943	498.799
30.953	499.069
30.963	499.411
30.973	499.522
30.983	499.347
30.993	499.380
31.003	499.406
31.013	499.354
31.023	500.007
31.033	501.871
31.043	0.000
31.053	547.762
31.063	553.176
31.073	559.342
31.083	560.566
31.093	560.795
31.103	560.880
31.113	560.499
31.123	560.017
31.133	558.919
31.143	557.384
31.153	555.867
31.163	555.251
31.173	554.380
31.183	554.210
31.193	554.358
31.203	554.869
31.213	555.499
31.223	556.311
31.233	556.655
31.243	557.463
31.253	558.042
31.263	558.478
31.273	558.546
31.283	558.818
31.293	558.769
31.303	558.647
31.313	558.303
31.323	558.119
31.333	557.867
31.343	557.611
31.353	557.063
31.363	556.211
31.373	555.754
31.383	554.979
31.393	554.685
31.403	554.787
31.413	557.543
31.423	617.569
31.433	626.715
31.443	658.535
31.453	663.393
31.463	666.060
31.473	665.688
31.483	665.631
31.493	665.232
31.503	663.995
31.513	662.786
31.523	662.105
31.533	661.185
31.543	660.522
31.553	660.382
31.563	660.335
31.573	660.413
31.583	660.400
31.593	660.317
31.603	659.933
31.613	659.295
31.623	658.908
31.633	658.908
31.643	659.276
31.653	659.692
31.663	659.731
31.673	659.523
31.683	659.243
31.693	659.705
31.703	660.260
31.713	661.130
31.723	661.144
31.733	661.020
31.743	660.732
31.753	660.086
31.763	659.002
31.773	658.355
31.783	657.135
31.793	655.559
31.803	653.400
31.813	651.160
31.823	645.203
31.833	644.158
31.843	645.903
31.853	687.003
31.863	740.785
31.873	748.814
31.883	749.240
31.893	748.595
31.903	747.909
31.913	747.649
31.923	747.553
31.933	746.928
31.943	746.421
31.953	746.146
31.963	745.382
31.973	744.326
31.983	743.473
31.993	743.163
32.003	742.640
32.013	742.763
32.023	742.988
32.033	743.431
32.043	744.291
32.053	745.628
32.063	746.389
32.073	747.423
32.083	747.965
32.093	748.368
32.103	748.497
32.113	748.310
32.123	747.511
32.133	746.788
32.143	744.644
32.153	742.135
32.163	739.984
32.173	739.273
32.183	738.291
32.193	738.067
32.203	738.242
32.213	739.039
32.223	740.437
32.233	742.617
32.243	743.894
32.253	746.576
32.263	749.100
32.273	751.101
32.283	751.783
32.293	752.529
32.303	752.780
32.313	752.654
32.323	751.743
32.333	750.189
32.343	747.977
32.353	746.721
32.363	744.133
32.373	742.037
32.383	741.144
32.393	740.091
32.403	740.010
32.413	740.872
32.423	741.592
32.433	743.733
32.443	746.945
32.453	749.188
32.463	750.063
32.473	751.388
32.483	751.895
32.493	752.080
32.503	751.971
32.513	751.150
32.523	749.738
32.533	748.712
32.543	746.001
32.553	742.057
32.563	740.319
32.573	738.018
32.583	737.241
32.593	737.784
32.603	738.373
32.613	740.200
32.623	743.020
32.633	746.549
32.643	747.904
32.653	750.023
32.663	751.422
32.673	751.890
32.683	752.542
32.693	752.588
32.703	751.943
32.713	751.370
32.723	749.929
32.733	747.736
32.743	746.427
32.753	743.344
32.763	740.806
32.773	739.900
32.783	739.656
32.793	740.202
32.803	741.779
32.813	744.182
32.823	745.632
32.833	748.138
32.843	749.949
32.853	750.619
32.863	751.550
32.873	751.870
32.883	751.847
32.893	751.722
32.903	751.344
32.913	750.307
32.923	748.698
32.933	747.718
32.943	745.458
32.953	743.513
32.963	742.750
32.973	741.909
32.983	742.234
32.993	742.917
33.003	743.297
33.013	744.635
33.023	746.626
33.033	747.474
33.043	749.043
33.053	750.069
33.063	750.681
33.073	750.858
33.083	750.790
33.093	749.973
33.103	748.805
33.113	748.087
33.123	746.727
33.133	745.469
33.143	744.843
33.153	743.805
33.163	743.212
33.173	743.038
33.183	742.922
33.193	743.174
33.203	743.450
33.213	743.611
33.223	744.150
33.233	745.075
33.243	746.273
33.253	747.010
33.263	748.799
33.273	750.320
33.283	750.977
33.293	751.110
33.303	749.611
33.313	749.038
33.323	748.946
33.333	748.179
33.343	746.816
33.353	744.650
33.363	743.820
33.373	742.718
33.383	742.474
33.393	742.568
33.403	742.801
33.413	743.119
33.423	743.333
33.433	743.413
33.443	743.641
33.453	744.233
33.463	744.767
33.473	745.052
33.483	745.494
33.493	745.767
33.503	745.857
33.513	746.014
33.523	745.968
33.533	745.977
33.543	745.935
33.553	745.911
33.563	745.988
33.573	746.087
33.583	746.221
33.593	746.416
33.603	746.629
33.613	746.616
33.623	746.561
33.633	746.126
33.643	746.995
33.653	757.793
33.663	825.991
33.673	841.820
33.683	845.063
33.693	847.811
33.703	849.240
33.713	850.148
33.723	850.241
33.733	850.467
33.743	850.389
33.753	849.954
33.763	848.827
33.773	847.381
33.783	844.958
33.793	843.927
33.803	842.298
33.813	841.701
33.823	842.961
33.833	843.805
33.843	845.463
33.853	846.573
33.863	847.052
33.873	847.056
33.883	846.731
33.893	846.695
33.903	846.570
33.913	846.832
33.923	847.044
33.933	847.127
33.943	847.087
33.953	847.276
33.963	847.479
33.973	847.244
33.983	846.551
33.993	845.214
34.003	843.720
34.013	842.981
34.023	841.770
34.033	841.249
34.043	843.226
34.053	853.316
34.063	872.886
34.073	873.558
34.083	868.926
34.093	882.502
34.103	895.013
34.113	896.473
34.123	895.824
34.133	895.717
34.143	894.141
34.153	892.539
34.163	888.755
34.173	884.944
34.183	882.682
34.193	883.263
34.203	885.588
34.213	889.312
34.223	891.411
34.233	894.126
34.243	896.887
34.253	900.381
34.263	901.636
34.273	902.682
34.283	901.987
34.293	899.921
34.303	898.222
34.313	893.520
34.323	890.134
34.333	888.591
34.343	884.080
34.353	880.929
34.363	880.593
34.373	881.357
34.383	884.756
34.393	888.727
34.403	890.248
34.413	893.068
34.423	895.154
34.433	897.237
34.443	898.065
34.453	898.122
34.463	896.087
34.473	893.534
34.483	892.163
34.493	889.496
34.503	885.111
34.513	880.976
34.523	876.310
34.533	875.194
34.543	876.298
34.553	877.592
34.563	881.609
34.573	885.758
34.583	887.259
34.593	888.568
34.603	889.158
34.613	889.872
34.623	890.088
34.633	890.186
34.643	889.841
34.653	888.998
34.663	888.341
34.673	886.694
34.683	885.050
34.693	884.847
34.703	885.455
34.713	887.320
34.723	889.097
34.733	889.704
34.743	891.114
34.753	892.240
34.763	892.547
34.773	893.496
34.783	894.108
34.793	894.648
34.803	894.773
34.813	895.045
34.823	895.485
34.833	895.891
34.843	896.010
34.853	895.506
34.863	893.969
34.873	893.153
34.883	891.447
34.893	889.749
34.903	882.587
34.913	874.170
34.923	865.629
34.933	854.719
34.943	847.839
34.953	846.108
34.963	844.542
34.973	842.609
34.983	841.392
34.993	837.979
35.003	834.476
35.013	832.154
35.023	831.512
35.033	831.447
35.043	832.458
35.053	833.548
35.063	836.249
35.073	839.047
35.083	842.731
35.093	844.724
35.103	848.830
35.113	851.881
35.123	852.527
35.133	853.331
35.143	853.495
35.153	852.593
35.163	851.454
35.173	848.453
35.183	843.558
35.193	839.460
35.203	837.869
35.213	834.250
35.223	832.671
35.233	832.552
35.243	834.065
35.253	836.730
35.263	840.219
35.273	842.676
35.283	847.879
35.293	851.862
35.303	853.072
35.313	854.152
35.323	853.891
35.333	852.367
35.343	850.630
35.353	845.826
35.363	840.573
35.373	837.554
35.383	836.109
35.393	833.908
35.403	833.708
35.413	833.636
35.423	834.920
35.433	836.523
35.443	838.078
35.453	838.652
35.463	839.337
35.473	839.114
35.483	838.622
35.493	838.758
35.503	839.318
35.513	840.319
35.523	840.829
35.533	841.763
35.543	842.985
35.553	843.889
35.563	844.131
35.573	844.139
35.583	843.953
35.593	843.734
35.603	843.332
35.613	841.935
35.623	839.484
35.633	837.975
35.643	825.085
35.653	751.945
35.663	751.528
35.673	751.720
35.683	751.683
35.693	751.511
35.703	751.276
35.713	750.120
35.723	748.562
35.733	746.839
35.743	745.783
35.753	743.791
35.763	742.206
35.773	741.799
35.783	742.273
35.793	744.399
35.803	747.278
35.813	748.740
35.823	750.786
35.833	751.854
35.843	752.491
35.853	752.377
35.863	751.893
35.873	750.747
35.883	749.987
35.893	748.056
35.903	745.299
35.913	742.259
35.923	741.240
35.933	740.467
35.943	741.280
35.953	742.346
35.963	745.127
35.973	747.389
35.983	748.414
35.993	748.650
36.003	748.365
36.013	747.487
36.023	746.128
36.033	745.445
36.043	744.418
36.053	743.925
36.063	743.928
36.073	744.032
36.083	744.020
36.093	744.353
36.103	744.645
36.113	745.154
36.123	745.619
36.133	745.940
36.143	746.362
36.153	746.658
36.163	746.810
36.173	746.879
36.183	747.020
36.193	747.209
36.203	747.347
36.213	747.381
36.223	747.156
36.233	746.593
36.243	746.210
36.253	745.395
36.263	745.578
36.273	750.028
36.283	755.486
36.293	0.000
36.303	0.000
36.313	0.000
36.323	0.000
36.333	662.564
36.343	663.744
36.353	664.013
36.363	663.037
36.373	661.833
36.383	660.445
36.393	659.619
36.403	657.477
36.413	655.347
36.423	654.295
36.433	652.857
36.443	652.377
36.453	652.908
36.463	653.348
36.473	654.348
36.483	655.714
36.493	656.603
36.503	659.090
36.513	662.213
36.523	664.668
36.533	665.001
36.543	664.035
36.553	661.895
36.563	659.597
36.573	658.244
36.583	655.624
36.593	653.884
36.603	653.367
36.613	652.933
36.623	653.280
36.633	654.247
36.643	654.847
36.653	656.023
36.663	657.339
36.673	658.081
36.683	658.966
36.693	659.216
36.703	658.897
36.713	658.521
36.723	657.528
36.733	656.728
36.743	656.528
36.753	656.610
36.763	657.104
36.773	657.512
36.783	657.646
36.793	657.862
36.803	657.713
36.813	657.249
36.823	657.202
36.833	657.159
36.843	657.384
36.853	657.826
36.863	657.961
36.873	658.153
36.883	658.347
36.893	658.397
36.903	658.801
36.913	658.859
36.923	658.612
36.933	658.467
36.943	658.272
36.953	658.027
36.963	657.888
36.973	658.027
36.983	658.550
36.993	658.908
37.003	658.827
37.013	658.090
37.023	657.316
37.033	656.093
37.043	655.264
37.053	653.386
37.063	651.116
37.073	649.384
37.083	0.000
37.093	0.000
37.103	901.093
37.113	901.302
37.123	902.869
37.133	903.434
37.143	903.654
37.153	903.070
37.163	901.037
37.173	897.259
37.183	894.963
37.193	891.221
37.203	889.469
37.213	889.448
37.223	890.683
37.233	893.499
37.243	896.722
37.253	898.655
37.263	902.633
37.273	904.949
37.283	905.724
37.293	905.714
37.303	904.115
37.313	901.161
37.323	899.398
37.333	895.562
37.343	891.854
37.353	888.951
37.363	887.498
37.373	884.238
37.383	884.929
37.393	887.838
37.403	889.158
37.413	892.141
37.423	894.823
37.433	896.257
37.443	899.248
37.453	901.735
37.463	901.336
37.473	900.649
37.483	898.693
37.493	895.787
37.503	894.275
37.513	891.843
37.523	890.026
37.533	888.844
37.543	888.827
37.553	889.351
37.563	890.471
37.573	891.024
37.583	891.190
37.593	890.942
37.603	890.799
37.613	890.773
37.623	890.832
37.633	891.249
37.643	891.749
37.653	892.196
37.663	893.037
37.673	894.026
37.683	894.634
37.693	895.585
37.703	896.494
37.713	896.999
37.723	896.945
37.733	896.587
37.743	895.418
37.753	894.175
37.763	893.412
37.773	0.000
37.783	0.000
37.793	0.000
37.803	0.000
37.813	567.441
37.823	566.966
37.833	566.926
37.843	566.175
37.853	565.184
37.863	564.431
37.873	563.305
37.883	562.001
37.893	560.607
37.903	559.966
37.913	558.893
37.923	558.523
37.933	558.251
37.943	558.118
37.953	558.007
37.963	558.653
37.973	559.192
37.983	560.882
37.993	562.690
38.003	564.764
38.013	565.945
38.023	568.213
38.033	569.255
38.043	568.689
38.053	568.129
38.063	566.404
38.073	564.250
38.083	562.727
38.093	560.491
38.103	559.031
38.113	558.524
38.123	558.328
38.133	558.372
38.143	559.010
38.153	559.561
38.163	560.385
38.173	561.570
38.183	563.476
38.193	564.473
38.203	566.006
38.213	566.503
38.223	564.856
38.233	563.276
38.243	559.207
38.253	556.744
38.263	556.205
38.273	555.640
38.283	555.451
38.293	555.511
38.303	555.745
38.313	556.677
38.323	557.436
38.333	557.733
38.343	558.191
38.353	558.691
38.363	559.138
38.373	559.342
38.383	560.121
38.393	561.041
38.403	561.626
38.413	561.594
38.423	561.710
38.433	561.982
38.443	562.289
38.453	563.220
38.463	563.869
38.473	564.087
38.483	564.366
38.493	565.005
38.503	565.218
38.513	564.947
38.523	564.343
38.533	562.918
38.543	558.826
38.553	552.682
38.563	516.298
38.573	504.758
38.583	503.135
38.593	504.460
38.603	505.798
38.613	505.759
38.623	505.154
38.633	503.573
38.643	501.891
38.653	500.155
38.663	499.274
38.673	497.168
38.683	496.040
38.693	495.944
38.703	496.460
38.713	497.624
38.723	499.150
38.733	500.240
38.743	502.153
38.753	503.481
38.763	504.571
38.773	504.894
38.783	504.805
38.793	504.024
38.803	503.333
38.813	501.734
38.823	500.220
38.833	499.624
38.843	499.594
38.853	500.222
38.863	500.779
38.873	500.839
38.883	500.101
38.893	498.547
38.903	496.769
38.913	494.548
38.923	0.000
38.933	437.242
38.943	437.517
38.953	437.749
38.963	438.181
38.973	438.071
38.983	438.277
38.993	438.246
39.003	438.299
39.013	438.346
39.023	438.363
39.033	438.206
39.043	438.201
39.053	438.110
39.063	438.003
39.073	438.012
39.083	438.207
39.093	438.328
39.103	438.410
39.113	438.614
39.123	438.609
39.133	438.669
39.143	438.634
39.153	438.755
39.163	438.645
39.173	438.817
39.183	438.923
39.193	439.012
39.203	439.017
39.213	439.054
39.223	438.972
39.233	438.819
39.243	438.838
39.253	438.699
39.263	438.570
39.273	438.633
39.283	438.717
39.293	445.021
39.303	494.131
39.313	496.983
39.323	499.157
39.333	499.768
39.343	499.684
39.353	499.290
39.363	498.157
39.373	496.613
39.383	495.642
39.393	493.451
39.403	491.865
39.413	491.266
39.423	491.025
39.433	492.103
39.443	493.397
39.453	493.848
39.463	494.888
39.473	496.302
39.483	497.891
39.493	498.824
39.503	500.273
39.513	500.981
39.523	501.037
39.533	500.834
39.543	499.859
39.553	498.305
39.563	497.404
39.573	495.666
39.583	494.274
39.593	493.614
39.603	493.485
39.613	493.639
39.623	494.047
39.633	494.401
39.643	495.391
39.653	496.265
39.663	496.927
39.673	497.040
39.683	496.982
39.693	496.632
39.703	496.619
39.713	496.623
39.723	496.493
39.733	496.100
39.743	495.956
39.753	495.674
39.763	496.011
39.773	496.327
39.783	496.583
39.793	496.845
39.803	497.276
39.813	497.482
39.823	497.869
39.833	498.218
39.843	498.611
39.853	498.819
39.863	499.227
39.873	499.496
39.883	499.609
39.893	499.725
39.903	499.718
39.913	499.649
39.923	499.845
39.933	499.964
39.943	500.023
39.953	499.924
39.963	499.832
39.973	499.164
39.983	498.311
39.993	497.835
40.003	498.020
40.013	502.326
40.023	542.127
40.033	550.069
40.043	551.928
40.053	553.575
40.063	557.661
40.073	561.529
40.083	562.481
40.093	562.633
40.103	562.429
40.113	561.364
40.123	559.691
40.133	557.870
40.143	556.723
40.153	554.792
40.163	553.207
40.173	552.628
40.183	552.056
40.193	552.285
40.203	553.099
40.213	553.661
40.223	555.066
40.233	556.503
40.243	557.292
40.253	558.978
40.263	560.336
40.273	561.244
40.283	561.577
40.293	561.682
40.303	560.966
40.313	559.359
40.323	558.307
40.333	556.176
40.343	553.672
40.353	552.602
40.363	551.447
40.373	551.364
40.383	552.023
40.393	552.541
40.403	553.652
40.413	554.725
40.423	555.319
40.433	556.518
40.443	557.216
40.453	557.213
40.463	557.122
40.473	556.698
40.483	556.487
40.493	556.299
40.503	556.175
40.513	556.196
40.523	556.527
40.533	556.678
40.543	557.305
40.553	557.707
40.563	558.003
40.573	558.175
40.583	558.568
40.593	558.753
40.603	558.593
40.613	558.609
40.623	558.670
40.633	559.016
40.643	559.302
40.653	559.856
40.663	560.530
40.673	561.013
40.683	561.180
40.693	561.475
40.703	561.482
40.713	561.216
40.723	561.125
40.733	560.741
40.743	560.172
40.753	559.751
40.763	559.540
40.773	559.979
40.783	0.000
40.793	0.000
40.803	633.790
40.813	656.145
40.823	661.639
40.833	664.020
40.843	664.859
40.853	664.723
40.863	664.360
40.873	663.009
40.883	661.821
40.893	661.296
40.903	660.302
40.913	659.562
40.923	659.046
40.933	658.815
40.943	658.412
40.953	658.111
40.963	657.953
40.973	657.932
40.983	658.321
40.993	659.223
41.003	659.843
41.013	661.244
41.023	662.611
41.033	663.291
41.043	663.367
41.053	662.763
41.063	661.246
41.073	660.430
41.083	659.058
41.093	658.249
41.103	657.696
41.113	657.286
41.123	656.682
41.133	656.224
41.143	655.933
41.153	655.946
41.163	656.434
41.173	657.146
41.183	657.531
41.193	658.536
41.203	659.405
41.213	660.256
41.223	660.760
41.233	661.352
41.243	661.523
41.253	661.481
41.263	660.982
41.273	660.099
41.283	659.271
41.293	658.906
41.303	657.914
41.313	657.008
41.323	656.075
41.333	655.721
41.343	655.170
41.353	655.088
41.363	655.099
41.373	655.550
41.383	656.567
41.393	657.899
41.403	658.659
41.413	660.232
41.423	661.603
41.433	662.132
41.443	662.475
41.453	662.312
41.463	662.030
41.473	661.724
41.483	661.070
41.493	660.308
41.503	659.129
41.513	658.378
41.523	656.988
41.533	655.774
41.543	655.278
41.553	655.016
41.563	655.456
41.573	656.325
41.583	656.855
41.593	658.078
41.603	659.408
41.613	660.317
41.623	662.663
41.633	665.175
41.643	666.691
41.653	667.080
41.663	667.234
41.673	666.595
41.683	665.204
41.693	664.080
41.703	661.571
41.713	659.129
41.723	658.054
41.733	656.151
41.743	655.131
41.753	654.739
41.763	654.657
41.773	655.325
41.783	656.725
41.793	657.537
41.803	659.401
41.813	661.891
41.823	664.471
41.833	665.178
41.843	665.856
41.853	665.717
41.863	664.524
41.873	663.622
41.883	660.999
41.893	658.308
41.903	657.331
41.913	655.812
41.923	654.806
41.933	654.803
41.943	655.082
41.953	655.769
41.963	656.361
41.973	656.860
41.983	657.278
41.993	657.803
42.003	657.970
42.013	658.197
42.023	658.675
42.033	658.768
42.043	658.525
42.053	658.374
42.063	658.327
42.073	659.026
42.083	659.197
42.093	659.562
42.103	659.917
42.113	660.394
42.123	660.343
42.133	660.359
42.143	660.012
42.153	659.654
42.163	659.617
42.173	659.841
42.183	660.505
42.193	660.828
42.203	660.868
42.213	661.255
42.223	661.832
42.233	661.462
42.243	659.745
42.253	658.908
42.263	658.933
42.273	658.301
42.283	657.698
42.293	658.062
42.303	658.299
42.313	658.529
42.323	658.182
42.333	656.774
42.343	653.950
42.353	649.264
42.363	0.000
42.373	561.725
42.383	564.116
42.393	564.542
42.403	562.989
42.413	561.893
42.423	559.644
42.433	557.647
42.443	556.700
42.453	554.781
42.463	553.652
42.473	552.984
42.483	552.941
42.493	553.290
42.503	554.317
42.513	555.499
42.523	556.150
42.533	557.721
42.543	559.047
42.553	559.576
42.563	560.238
42.573	560.883
42.583	561.137
42.593	561.048
42.603	561.181
42.613	561.596
42.623	562.002
42.633	562.797
42.643	563.117
42.653	563.427
42.663	563.524
42.673	564.211
42.683	564.632
42.693	564.502
42.703	564.027
42.713	563.411
42.723	562.719
42.733	559.921
42.743	0.000
42.753	666.926
42.763	668.240
42.773	667.666
42.783	666.892
42.793	666.143
42.803	665.949
42.813	665.859
42.823	665.489
42.833	664.529
42.843	664.294
42.853	664.043
42.863	663.661
42.873	663.939
42.883	664.255
42.893	664.877
42.903	665.194
42.913	665.197
42.923	665.296
42.933	665.359
42.943	665.298
42.953	665.226
42.963	664.940
42.973	664.693
42.983	664.779
42.993	665.040
43.003	664.584
43.013	663.645
43.023	663.371
43.033	662.535
43.043	661.396
43.053	660.324
43.063	660.318
43.073	658.580
43.083	0.000
43.093	0.000
43.103	0.000
43.113	0.000
43.123	752.309
43.133	752.735
43.143	753.257
43.153	753.126
43.163	752.239
43.173	751.660
43.183	750.115
43.193	748.073
43.203	746.653
43.213	743.771
43.223	741.767
43.233	740.980
43.243	741.026
43.253	741.383
43.263	741.972
43.273	742.302
43.283	743.429
43.293	744.554
43.303	745.886
43.313	746.288
43.323	747.194
43.333	748.273
43.343	749.637
43.353	750.192
43.363	750.885
43.373	750.983
43.383	750.752
43.393	749.446
43.403	747.089
43.413	744.158
43.423	742.866
43.433	740.996
43.443	740.288
43.453	740.321
43.463	740.742
43.473	741.388
43.483	742.211
43.493	742.749
43.503	744.215
43.513	746.453
43.523	748.947
43.533	750.082
43.543	751.888
43.553	752.929
43.563	752.976
43.573	752.395
43.583	751.271
43.593	750.097
43.603	749.424
43.613	747.715
43.623	745.784
43.633	744.924
43.643	743.429
43.653	742.261
43.663	741.437
43.673	741.261
43.683	741.502
43.693	742.887
43.703	744.412
43.713	745.302
43.723	747.219
43.733	749.043
43.743	749.863
43.753	750.758
43.763	751.111
43.773	750.783
43.783	750.284
43.793	749.045
43.803	747.471
43.813	746.607
43.823	744.786
43.833	743.233
43.843	741.731
43.853	741.308
43.863	739.960
43.873	742.415
43.883	745.588
43.893	746.236
43.903	746.492
43.913	747.079
43.923	747.320
43.933	747.690
43.943	747.719
43.953	747.468
43.963	747.270
43.973	746.997
43.983	746.875
43.993	746.811
44.003	746.849
44.013	747.052
44.023	747.558
44.033	747.811
44.043	748.721
44.053	749.743
44.063	750.736
44.073	751.434
44.083	752.610
44.093	753.833
44.103	754.365
44.113	755.078
44.123	755.423
44.133	755.257
44.143	755.150
44.153	754.614
44.163	755.185
44.173	758.018
44.183	0.000
44.193	876.344
44.203	887.345
44.213	888.719
44.223	889.595
44.233	889.943
44.243	890.179
44.253	890.171
44.263	889.315
44.273	888.095
44.283	886.895
44.293	883.586
44.303	880.210
44.313	878.510
44.323	878.310
44.333	879.672
44.343	882.270
44.353	883.189
44.363	884.559
44.373	885.546
44.383	886.038
44.393	886.082
44.403	886.124
44.413	885.759
44.423	885.071
44.433	884.815
44.443	884.304
44.453	884.450
44.463	884.544
44.473	884.412
44.483	884.108
44.493	884.343
44.503	884.600
44.513	885.531
44.523	886.509
44.533	887.464
44.543	887.874
44.553	888.526
44.563	888.458
44.573	888.307
44.583	887.596
44.593	884.776
44.603	872.573
44.613	868.958
44.623	859.927
44.633	836.548
44.643	836.633
44.653	839.189
44.663	840.314
44.673	839.475
44.683	838.510
44.693	835.268
44.703	830.978
44.713	826.208
44.723	824.463
44.733	822.713
44.743	821.757
44.753	821.597
44.763	821.956
44.773	823.879
44.783	827.115
44.793	829.020
44.803	833.750
44.813	837.817
44.823	839.120
44.833	842.344
44.843	844.528
44.853	844.748
44.863	844.251
44.873	842.350
44.883	839.199
44.893	835.839
44.903	834.454
44.913	832.720
44.923	833.444
44.933	834.524
44.943	836.803
44.953	838.918
44.963	840.677
44.973	840.981
44.983	840.115
44.993	837.888
45.003	836.646
45.013	835.036
45.023	835.217
45.033	835.479
45.043	835.030
45.053	832.378
45.063	827.377
45.073	823.052
45.083	824.923
45.093	0.000
45.103	654.645
45.113	655.309
45.123	654.934
45.133	654.307
45.143	654.033
45.153	654.085
45.163	654.722
45.173	655.147
45.183	655.241
45.193	655.364
45.203	655.524
45.213	655.816
45.223	656.031
45.233	656.305
45.243	656.526
45.253	656.618
45.263	656.575
45.273	656.841
45.283	657.065
45.293	657.190
45.303	657.856
45.313	659.134
45.323	0.000
45.333	0.000
45.343	0.000
45.353	0.000
45.363	866.962
45.373	868.562
45.383	871.954
45.393	873.769
45.403	872.800
45.413	871.354
45.423	870.162
45.433	868.221
45.443	866.160
45.453	864.046
45.463	862.287
45.473	860.997
45.483	860.972
45.493	862.003
45.503	863.470
45.513	864.843
45.523	866.681
45.533	868.151
45.543	869.223
45.553	870.387
45.563	870.800
45.573	871.423
45.583	871.866
45.593	872.626
45.603	873.278
45.613	873.927
45.623	873.742
45.633	874.083
45.643	873.553
45.653	873.017
45.663	873.028
45.673	892.189
45.683	931.880
45.693	949.996
45.703	963.621
45.713	972.534
45.723	975.469
45.733	975.518
45.743	975.862
45.753	976.242
45.763	976.206
45.773	975.882
45.783	976.423
45.793	977.042
45.803	976.725
45.813	976.360
45.823	975.705
45.833	975.638
45.843	974.982
45.853	974.925
45.863	974.972
45.873	975.073
45.883	974.777
45.893	975.089
45.903	976.407
45.913	976.695
45.923	977.509
45.933	977.705
45.943	977.988
45.953	977.796
45.963	977.570
45.973	977.201
45.983	977.002
45.993	976.402
46.003	975.851
46.013	975.381
46.023	974.029
46.033	971.612
46.043	961.535
46.053	958.185
46.063	947.760
46.073	921.334
46.083	887.459
46.093	887.837
46.103	889.531
46.113	888.893
46.123	888.283
46.133	885.857
46.143	880.940
46.153	875.183
46.163	873.329
46.173	871.364
46.183	870.529
46.193	870.703
46.203	872.068
46.213	874.724
46.223	878.559
46.233	880.770
46.243	884.851
46.253	887.347
46.263	888.274
46.273	888.615
46.283	888.488
46.293	887.793
46.303	886.921
46.313	883.658
46.323	879.712
46.333	875.443
46.343	873.636
46.353	871.543
46.363	870.182
46.373	869.730
46.383	869.831
46.393	870.775
46.403	873.167
46.413	874.942
46.423	878.764
46.433	882.776
46.443	886.039
46.453	887.029
46.463	886.869
46.473	885.694
46.483	884.620
46.493	881.860
46.503	879.239
46.513	875.999
46.523	874.057
46.533	871.482
46.543	870.293
46.553	870.202
46.563	870.882
46.573	872.062
46.583	874.388
46.593	875.222
46.603	876.186
46.613	876.854
46.623	877.306
46.633	877.699
46.643	878.576
46.653	879.249
46.663	879.032
46.673	879.562
46.683	880.505
46.693	881.705
46.703	881.783
46.713	881.833
46.723	881.363
46.733	881.286
46.743	880.780
46.753	878.802
46.763	875.292
46.773	873.000
46.783	867.032
46.793	862.479
46.803	857.963
46.813	852.268
46.823	846.126
46.833	844.224
46.843	843.111
46.853	840.887
46.863	837.809
46.873	833.753
46.883	831.744
46.893	828.599
46.903	826.684
46.913	826.579
46.923	826.501
46.933	827.712
46.943	830.514
46.953	832.408
46.963	836.440
46.973	839.448
46.983	842.367
46.993	843.542
47.003	845.058
47.013	845.825
47.023	845.489
47.033	844.095
47.043	841.192
47.053	837.942
47.063	836.242
47.073	832.336
47.083	829.471
47.093	828.393
47.103	828.447
47.113	829.037
47.123	830.203
47.133	831.321
47.143	833.577
47.153	835.368
47.163	837.179
47.173	838.134
47.183	839.339
47.193	839.461
47.203	838.967
47.213	837.791
47.223	836.585
47.233	835.431
47.243	834.939
47.253	834.341
47.263	834.251
47.273	834.415
47.283	834.662
47.293	835.097
47.303	835.850
47.313	836.408
47.323	837.063
47.333	838.047
47.343	839.299
47.353	839.959
47.363	841.107
47.373	842.046
47.383	842.733
47.393	843.474
47.403	843.557
47.413	843.338
47.423	843.243
47.433	842.426
47.443	840.545
47.453	837.679
47.463	836.242
47.473	832.974
47.483	827.222
47.493	816.789
47.503	762.303
47.513	753.849
47.523	751.833
47.533	752.410
47.543	752.810
47.553	752.964
47.563	752.779
47.573	751.919
47.583	750.763
47.593	749.674
47.603	749.235
47.613	748.518
47.623	748.184
47.633	748.180
47.643	748.426
47.653	749.045
47.663	749.893
47.673	750.359
47.683	751.315
47.693	751.892
47.703	752.063
47.713	751.871
47.723	751.224
47.733	750.356
47.743	749.872
47.753	749.192
47.763	748.683
47.773	748.356
47.783	748.150
47.793	748.132
47.803	748.495
47.813	749.503
47.823	750.269
47.833	751.870
47.843	753.627
47.853	754.493
47.863	755.508
47.873	755.832
47.883	755.856
47.893	755.712
47.903	759.448
47.913	814.012
47.923	830.155
47.933	838.494
47.943	840.605
47.953	840.969
47.963	841.004
47.973	840.312
47.983	839.429
47.993	838.625
48.003	838.112
48.013	836.818
48.023	834.723
48.033	833.494
48.043	830.564
48.053	828.175
48.063	827.779
48.073	828.458
48.083	830.225
48.093	832.687
48.103	833.645
48.113	835.348
48.123	837.026
48.133	838.820
48.143	839.340
48.153	840.302
48.163	841.239
48.173	842.472
48.183	842.912
48.193	843.604
48.203	843.438
48.213	842.901
48.223	841.695
48.233	840.462
48.243	839.176
48.253	838.375
48.263	836.748
48.273	835.989
48.283	835.609
48.293	817.720
48.303	751.945
48.313	751.653
48.323	751.687
48.333	751.578
48.343	751.223
48.353	750.773
48.363	750.471
48.373	749.469
48.383	748.365
48.393	747.861
48.403	746.797
48.413	745.936
48.423	745.574
48.433	745.734
48.443	746.563
48.453	748.661
48.463	751.099
48.473	752.215
48.483	754.009
48.493	754.816
48.503	755.062
48.513	754.728
48.523	753.709
48.533	752.352
48.543	751.618
48.553	749.880
48.563	747.954
48.573	747.028
48.583	745.776
48.593	745.304
48.603	745.628
48.613	746.080
48.623	746.984
48.633	747.812
48.643	748.290
48.653	748.307
48.663	748.241
48.673	748.130
48.683	748.141
48.693	748.359
48.703	748.525
48.713	748.781
48.723	748.966
48.733	749.464
48.743	750.100
48.753	750.491
48.763	750.950
48.773	751.136
48.783	751.222
48.793	751.357
48.803	751.586
48.813	751.923
48.823	752.336
48.833	752.601
48.843	752.755
48.853	752.881
48.863	752.922
48.873	752.768
48.883	752.472
48.893	751.823
48.903	751.453
48.913	750.636
48.923	749.812
48.933	749.517
48.943	750.290
48.953	753.878
48.963	0.000
48.973	0.000
48.983	0.000
48.993	0.000
49.003	0.000
49.013	649.918
49.023	664.975
49.033	666.478
49.043	666.172
49.053	664.575
49.063	662.464
49.073	660.587
49.083	659.769
49.093	658.510
49.103	657.964
49.113	657.728
49.123	657.320
49.133	657.535
49.143	658.209
49.153	658.634
49.163	659.916
49.173	660.710
49.183	660.576
49.193	660.344
49.203	659.780
49.213	658.934
49.223	658.469
49.233	657.584
49.243	656.941
49.253	656.481
49.263	656.408
49.273	656.265
49.283	656.467
49.293	656.646
49.303	657.022
49.313	657.600
49.323	657.839
49.333	657.822
49.343	657.161
49.353	656.514
49.363	656.168
49.373	656.266
49.383	656.596
49.393	656.831
49.403	656.790
49.413	656.530
49.423	656.450
49.433	657.059
49.443	657.383
49.453	657.912
49.463	658.031
49.473	658.063
49.483	658.099
49.493	658.359
49.503	658.758
49.513	658.885
49.523	658.848
49.533	658.569
49.543	658.801
49.553	659.058
49.563	659.271
49.573	658.624
49.583	658.135
49.593	657.575
49.603	657.719
49.613	657.770
49.623	657.587
49.633	657.388
49.643	657.876
49.653	658.103
49.663	657.905
49.673	657.259
49.683	656.278
49.693	655.935
49.703	654.624
49.713	653.570
49.723	650.274
49.733	645.141
49.743	630.411
49.753	0.000
49.763	557.231
49.773	561.299
49.783	563.488
49.793	563.523
49.803	563.350
49.813	562.189
49.823	560.818
49.833	559.727
49.843	558.918
49.853	557.871
49.863	556.881
49.873	556.210
49.883	555.722
49.893	555.632
49.903	555.650
49.913	555.856
49.923	556.756
49.933	558.057
49.943	558.869
49.953	560.679
49.963	562.415
49.973	564.272
49.983	564.698
49.993	565.167
50.003	564.955
50.013	563.235
50.023	562.082
50.033	559.294
50.043	557.412
50.053	556.662
50.063	555.023
50.073	553.683
50.083	553.204
50.093	553.400
50.103	554.415
50.113	555.586
50.123	555.960
50.133	556.682
50.143	557.820
50.153	559.325
50.163	560.514
50.173	563.042
50.183	565.192
50.193	566.042
50.203	566.005
50.213	565.106
50.223	563.189
50.233	562.135
50.243	559.912
50.253	557.983
50.263	556.696
50.273	556.203
50.283	555.679
50.293	555.606
50.303	555.709
50.313	556.182
50.323	556.993
50.333	558.105
50.343	558.641
50.353	560.350
50.363	562.284
50.373	564.132
50.383	564.995
50.393	566.063
50.403	566.461
50.413	566.179
50.423	565.218
50.433	563.095
50.443	560.799
50.453	559.444
50.463	557.440
50.473	555.796
50.483	555.081
50.493	553.822
50.503	553.056
50.513	552.775
50.523	553.029
50.533	553.968
50.543	555.685
50.553	557.797
50.563	559.061
50.573	561.687
50.583	563.791
50.593	564.565
50.603	565.619
50.613	565.934
50.623	565.212
50.633	564.653
50.643	562.549
50.653	559.781
50.663	558.378
50.673	556.033
50.683	554.173
50.693	553.223
50.703	553.113
50.713	553.496
50.723	554.228
50.733	555.484
50.743	556.371
50.753	558.357
50.763	560.737
50.773	561.742
50.783	563.866
50.793	565.426
50.803	566.291
50.813	566.382
50.823	566.038
50.833	564.790
50.843	563.238
50.853	562.164
50.863	560.012
50.873	557.813
50.883	556.975
50.893	555.878
50.903	555.755
50.913	556.548
50.923	556.968
50.933	558.147
50.943	559.320
50.953	560.149
50.963	561.533
50.973	563.122
50.983	564.365
50.993	564.702
51.003	565.031
51.013	564.463
51.023	563.403
51.033	562.686
51.043	560.801
51.053	558.955
51.063	558.003
51.073	556.449
51.083	555.380
51.093	554.849
51.103	554.701
51.113	554.859
51.123	555.406
51.133	555.756
51.143	556.704
51.153	557.861
51.163	559.069
51.173	559.739
51.183	561.250
51.193	562.551
51.203	563.340
51.213	563.340
51.223	562.727
51.233	561.227
51.243	559.576
51.253	552.613
51.263	554.250
51.273	555.045
51.283	555.405
51.293	555.537
51.303	555.457
51.313	555.449
51.323	555.424
51.333	555.516
51.343	555.450
51.353	555.380
51.363	555.395
51.373	555.658
51.383	556.151
51.393	556.570
51.403	557.248
51.413	557.740
51.423	558.044
51.433	558.285
51.443	558.645
51.453	558.931
51.463	559.205
51.473	559.802
51.483	560.458
51.493	561.041
51.503	561.853
51.513	562.599
51.523	563.128
51.533	563.314
51.543	563.534
51.553	563.555
51.563	563.546
51.573	563.457
51.583	563.617
51.593	563.608
51.603	563.561
51.613	563.430
51.623	562.620
51.633	561.221
51.643	558.766
51.653	0.000
51.663	665.238
51.673	671.774
51.683	677.025
51.693	678.239
51.703	677.901
51.713	677.545
51.723	676.525
51.733	674.566
51.743	671.614
51.753	670.280
51.763	668.655
51.773	667.829
51.783	667.622
51.793	667.600
51.803	667.851
51.813	668.087
51.823	668.051
51.833	667.668
51.843	667.444
51.853	667.329
51.863	667.307
51.873	667.395
51.883	667.722
51.893	667.886
51.903	668.378
51.913	668.940
51.923	669.644
51.933	669.885
51.943	670.087
51.953	669.503
51.963	668.986
51.973	668.105
51.983	667.370
51.993	665.988
52.003	665.147
52.013	664.135
52.023	0.000
52.033	0.000
52.043	0.000
52.053	0.000
52.063	752.089
52.073	753.079
52.083	753.891
52.093	754.837
52.103	755.620
52.113	755.587
52.123	755.181
52.133	754.560
52.143	754.106
52.153	752.844
52.163	751.520
52.173	750.016
52.183	749.195
52.193	747.624
52.203	746.504
52.213	746.265
52.223	746.635
52.233	747.768
52.243	749.205
52.253	750.016
52.263	751.299
52.273	752.580
52.283	753.555
52.293	753.879
52.303	753.999
52.313	753.365
52.323	752.864
52.333	751.419
52.343	749.568
52.353	746.544
52.363	744.777
52.373	741.951
52.383	740.443
52.393	740.223
52.403	740.211
52.413	741.049
52.423	742.351
52.433	743.395
52.443	745.777
52.453	748.394
52.463	750.118
52.473	750.793
52.483	751.874
52.493	752.372
52.503	752.368
52.513	751.875
52.523	750.722
52.533	749.053
52.543	747.915
52.553	745.339
52.563	742.904
52.573	741.190
52.583	740.749
52.593	740.414
52.603	740.919
52.613	741.374
52.623	742.747
52.633	745.065
52.643	747.664
52.653	748.841
52.663	750.693
52.673	751.757
52.683	752.061
52.693	752.144
52.703	751.547
52.713	750.430
52.723	749.713
52.733	748.132
52.743	746.255
52.753	744.226
52.763	743.446
52.773	742.245
52.783	741.322
52.793	740.705
52.803	738.620
52.813	739.435
52.823	745.991
52.833	747.951
52.843	750.344
52.853	751.636
52.863	752.224
52.873	753.038
52.883	753.325
52.893	753.019
52.903	752.618
52.913	751.594
52.923	750.189
52.933	748.763
52.943	747.905
52.953	746.412
52.963	745.420
52.973	745.225
52.983	745.551
52.993	746.287
53.003	747.541
53.013	747.959
53.023	748.465
53.033	748.363
53.043	748.352
53.053	748.446
53.063	749.166
53.073	750.228
53.083	750.827
53.093	751.799
53.103	752.190
53.113	751.882
53.123	751.606
53.133	750.849
53.143	750.856
53.153	756.181
53.163	0.000
53.173	878.090
53.183	888.623
53.193	889.889
53.203	889.847
53.213	890.289
53.223	890.863
53.233	892.159
53.243	892.296
53.253	891.368
53.263	890.387
53.273	888.266
53.283	884.926
53.293	881.739
53.303	881.658
53.313	882.921
53.323	884.909
53.333	885.538
53.343	886.859
53.353	888.010
53.363	888.738
53.373	888.829
53.383	888.829
53.393	887.752
53.403	886.206
53.413	885.781
53.423	886.408
53.433	886.547
53.443	886.442
53.453	886.817
53.463	886.887
53.473	886.848
53.483	886.773
53.493	886.579
53.503	887.094
53.513	887.755
53.523	888.534
53.533	889.090
53.543	889.122
53.553	888.851
53.563	887.947
53.573	886.874
53.583	881.658
53.593	877.375
53.603	860.205
53.613	853.293
53.623	852.507
53.633	851.662
53.643	849.554
53.653	846.144
53.663	844.147
53.673	839.938
53.683	835.293
53.693	832.763
53.703	827.566
53.713	824.366
53.723	825.673
53.733	826.830
53.743	829.960
53.753	835.747
53.763	841.864
53.773	844.048
53.783	847.943
53.793	849.525
53.803	850.034
53.813	849.987
53.823	848.542
53.833	845.543
53.843	843.751
53.853	841.371
53.863	839.615
53.873	839.621
53.883	841.212
53.893	843.165
53.903	844.798
53.913	845.109
53.923	844.689
53.933	843.942
53.943	842.816
53.953	842.011
53.963	840.725
53.973	840.048
53.983	840.352
53.993	840.487
54.003	839.788
54.013	0.000
54.023	0.000
54.033	0.000
54.043	653.246
54.053	652.677
54.063	652.313
54.073	652.339
54.083	652.473
54.093	652.571
54.103	652.680
54.113	653.021
54.123	653.466
54.133	653.782
54.143	654.482
54.153	655.271
54.163	655.699
54.173	656.296
54.183	656.551
54.193	656.521
54.203	656.423
54.213	656.158
54.223	656.298
54.233	656.101
54.243	0.000
54.253	0.000
54.263	0.000
54.273	0.000
54.283	874.412
54.293	876.359
54.303	879.119
54.313	878.745
54.323	877.837
54.333	876.038
54.343	875.262
54.353	873.875
54.363	872.919
54.373	872.663
54.383	872.610
54.393	872.597
54.403	872.849
54.413	873.351
54.423	874.544
54.433	876.078
54.443	876.912
54.453	876.744
54.463	875.617
54.473	873.898
54.483	872.563
54.493	872.213
54.503	872.266
54.513	873.155
54.523	873.665
54.533	875.236
54.543	876.239
54.553	877.254
54.563	877.725
54.573	879.615
54.583	880.568
54.593	880.853
54.603	897.070
54.613	928.948
54.623	972.926
54.633	980.272
54.643	985.659
54.653	986.912
54.663	987.846
54.673	988.513
54.683	988.956
54.693	989.769
54.703	988.668
54.713	987.374
54.723	985.206
54.733	983.062
54.743	982.723
54.753	981.776
54.763	981.568
54.773	982.615
54.783	983.721
54.793	986.364
54.803	989.744
54.813	990.561
54.823	991.095
54.833	991.264
54.843	990.886
54.853	990.774
54.863	990.717
54.873	991.320
54.883	991.981
54.893	992.202
54.903	991.679
54.913	990.744
54.923	990.211
54.933	989.331
54.943	988.819
54.953	990.005
54.963	994.201
54.973	1010.220
54.983	1060.440
54.993	1077.050
55.003	1103.260
55.013	1108.430
55.023	1109.920
55.033	1110.150
55.043	1110.300
55.053	1109.660
55.063	1108.700
55.073	1104.820
55.083	1099.280
55.093	1092.160
55.103	1089.930
55.113	1087.730
55.123	1087.210
55.133	1090.720
55.143	1093.520
55.153	1099.760
55.163	1105.610
55.173	1108.080
55.183	1111.590
55.193	1113.040
55.203	1113.900
55.213	1113.650
55.223	1111.860
55.233	1108.160
55.243	1105.890
55.253	1100.570
55.263	1095.740
55.273	1091.510
55.283	1089.760
55.293	1086.500
55.303	1084.870
55.313	1085.800
55.323	1087.360
55.333	1090.740
55.343	1094.610
55.353	1097.090
55.363	1101.490
55.373	1105.620
55.383	1108.500
55.393	1109.940
55.403	1110.950
55.413	1110.640
55.423	1109.710
55.433	1106.300
55.443	1101.850
55.453	1097.640
55.463	1095.480
55.473	1091.230
55.483	1087.820
55.493	1086.580
55.503	1086.450
55.513	1087.670
55.523	1090.500
55.533	1092.180
55.543	1095.930
55.553	1099.870
55.563	1103.640
55.573	1105.500
55.583	1108.080
55.593	1110.230
55.603	1110.870
55.613	1111.830
55.623	1111.640
55.633	1111.110
55.643	1110.580
55.653	1108.630
55.663	1106.260
55.673	1103.490
55.683	1101.500
55.693	1100.550
55.703	1100.860
55.713	1100.030
55.723	1098.430
55.733	1096.570
55.743	1095.440
55.753	1094.940
55.763	1094.390
55.773	1095.330
55.783	1096.740
55.793	1101.340
55.803	1105.630
55.813	1109.300
55.823	1111.220
55.833	1112.770
55.843	1112.480
55.853	1109.900
55.863	1107.720
55.873	1102.690
55.883	1097.350
55.893	1095.350
55.903	1093.250
55.913	1091.950
55.923	1088.770
55.933	1087.330
55.943	1085.270
55.953	1083.370
55.963	1083.460
55.973	1085.650
55.983	1093.550
55.993	1100.170
56.003	1102.140
56.013	1104.980
56.023	1104.540
56.033	1103.200
56.043	1103.810
56.053	1107.640
56.063	1111.340
56.073	1111.260
56.083	1107.100
56.093	1100.050
56.103	1093.420
56.113	1090.970
56.123	1089.920
56.133	1089.830
56.143	1088.850
56.153	1087.880
56.163	1087.730
56.173	1091.370
56.183	1094.710
56.193	1099.750
56.203	1102.900
56.213	1104.730
56.223	1106.320
56.233	1111.110
56.243	1115.460
56.253	1115.860
56.263	1113.010
56.273	1109.700
56.283	1107.660
56.293	1106.320
56.303	1101.450
56.313	1095.450
56.323	1093.390
56.333	1094.370
56.343	1095.670
56.353	1097.260
56.363	1098.490
56.373	1102.070
56.383	1105.620
56.393	1108.660
56.403	1110.040
56.413	1112.050
56.423	1113.770
56.433	1116.220
56.443	1118.050
56.453	1115.300
56.463	1110.910
56.473	1108.460
56.483	1103.050
56.493	1096.980
56.503	1091.050
56.513	1087.760
56.523	1084.940
56.533	1085.500
56.543	1087.880
56.553	1093.780
56.563	1099.550
56.573	1104.380
56.583	1106.560
56.593	1108.370
56.603	1107.760
56.613	1106.970
56.623	1105.190
56.633	1102.170
56.643	1099.380
56.653	1098.400
56.663	1097.930
56.673	1098.570
56.683	1099.580
56.693	1100.450
56.703	1101.500
56.713	1101.370
56.723	1101.290
56.733	1100.600
56.743	1100.010
56.753	1099.670
56.763	1099.340
56.773	1099.210
56.783	1098.040
56.793	1097.000
56.803	1093.670
56.813	1061.780
56.823	1021.000
56.833	1010.890
56.843	1002.400
56.853	999.359
56.863	995.441
56.873	993.259
56.883	988.932
56.893	984.646
56.903	982.726
56.913	980.494
56.923	980.016
56.933	981.041
56.943	981.855
56.953	984.237
56.963	987.735
56.973	989.995
56.983	994.211
56.993	996.615
57.003	998.386
57.013	999.110
57.023	999.162
57.033	997.777
57.043	996.709
57.053	996.419
57.063	996.924
57.073	997.441
57.083	997.966
57.093	999.197
57.103	1000.140
57.113	1000.780
57.123	1000.980
57.133	1000.750
57.143	1000.170
57.153	999.577
57.163	998.825
57.173	997.377
57.183	994.817
57.193	993.009
57.203	989.169
57.213	978.746
57.223	891.409
57.233	886.273
57.243	887.135
57.253	887.624
57.263	886.694
57.273	883.721
57.283	880.333
57.293	878.111
57.303	877.344
57.313	874.922
57.323	873.139
57.333	871.586
57.343	870.926
57.353	869.891
57.363	869.537
57.373	869.322
57.383	869.283
57.393	870.621
57.403	873.686
57.413	876.403
57.423	882.223
57.433	886.101
57.443	886.870
57.453	886.952
57.463	886.279
57.473	884.394
57.483	882.421
57.493	876.702
57.503	871.379
57.513	868.417
57.523	867.030
57.533	865.005
57.543	864.387
57.553	864.564
57.563	864.810
57.573	865.229
57.583	867.055
57.593	868.465
57.603	872.781
57.613	879.695
57.623	882.703
57.633	884.617
57.643	883.970
57.653	879.509
57.663	876.957
57.673	874.056
57.683	871.982
57.693	870.042
57.703	869.456
57.713	868.587
57.723	868.793
57.733	869.289
57.743	871.052
57.753	873.374
57.763	876.258
57.773	876.810
57.783	876.350
57.793	875.250
57.803	875.370
57.813	875.450
57.823	875.019
57.833	875.298
57.843	875.271
57.853	875.615
57.863	876.059
57.873	877.181
57.883	877.621
57.893	878.365
57.903	879.318
57.913	879.871
57.923	881.385
57.933	882.445
57.943	882.371
57.953	882.235
57.963	882.277
57.973	881.812
57.983	881.304
57.993	881.497
58.003	881.877
58.013	894.448
58.023	900.445
58.033	910.960
58.043	911.478
58.053	980.096
58.063	992.573
58.073	995.642
58.083	997.121
58.093	997.652
58.103	997.679
58.113	996.233
58.123	991.222
58.133	989.453
58.143	982.285
58.153	976.445
58.163	974.508
58.173	969.954
58.183	969.023
58.193	970.981
58.203	973.075
58.213	978.069
58.223	983.136
58.233	988.515
58.243	991.523
58.253	997.305
58.263	1000.430
58.273	1000.780
58.283	1000.270
58.293	998.151
58.303	994.793
58.313	992.442
58.323	986.880
58.333	980.124
58.343	976.656
58.353	969.685
58.363	965.316
58.373	963.857
58.383	964.486
58.393	969.155
58.403	981.347
58.413	989.792
58.423	992.178
58.433	997.368
58.443	1001.180
58.453	1001.770
58.463	1002.660
58.473	1002.410
58.483	1000.030
58.493	998.188
58.503	993.200
58.513	987.895
58.523	982.299
58.533	980.268
58.543	977.393
58.553	976.680
58.563	977.516
58.573	980.705
58.583	983.808
58.593	986.755
58.603	988.156
58.613	990.316
58.623	990.511
58.633	990.355
58.643	990.320
58.653	990.030
58.663	989.702
58.673	989.560
58.683	989.451
58.693	989.346
58.703	989.141
58.713	988.721
58.723	988.452
58.733	988.386
58.743	988.494
58.753	989.559
58.763	991.186
58.773	993.193
58.783	994.143
58.793	995.381
58.803	995.973
58.813	996.334
58.823	997.002
58.833	997.163
58.843	996.737
58.853	996.629
58.863	997.643
58.873	999.419
58.883	1000.520
58.893	1000.880
58.903	1001.170
58.913	1000.910
58.923	1001.000
58.933	1000.240
58.943	999.383
58.953	998.218
58.963	997.619
58.973	995.766
58.983	993.763
58.993	992.260
59.003	985.681
59.013	962.804
59.023	902.452
59.033	883.178
59.043	879.306
59.053	879.654
59.063	879.444
59.073	878.677
59.083	876.783
59.093	875.470
59.103	874.966
59.113	873.414
59.123	872.412
59.133	871.400
59.143	870.856
59.153	869.704
59.163	869.049
59.173	868.639
59.183	867.999
59.193	868.109
59.203	869.179
59.213	870.035
59.223	871.752
59.233	874.473
59.243	877.210
59.253	878.267
59.263	879.762
59.273	880.939
59.283	881.083
59.293	879.902
59.303	878.117
59.313	875.942
59.323	874.481
59.333	872.294
59.343	870.957
59.353	870.659
59.363	870.370
59.373	870.580
59.383	871.345
59.393	871.983
59.403	873.402
59.413	875.720
59.423	878.488
59.433	879.572
59.443	881.013
59.453	882.035
59.463	882.202
59.473	881.837
59.483	880.865
59.493	880.253
59.503	880.190
59.513	879.363
59.523	878.100
59.533	877.535
59.543	876.004
59.553	873.946
59.563	873.045
59.573	872.898
59.583	873.195
59.593	873.482
59.603	874.034
59.613	874.384
59.623	875.782
59.633	877.844
59.643	878.813
59.653	879.861
59.663	881.007
59.673	882.207
59.683	882.566
59.693	882.412
59.703	881.399
59.713	880.997
59.723	879.497
59.733	877.374
59.743	875.429
59.753	874.599
59.763	874.077
59.773	873.894
59.783	873.311
59.793	873.158
59.803	873.644
59.813	873.460
59.823	873.641
59.833	873.830
59.843	874.029
59.853	874.337
59.863	874.160
59.873	874.945
59.883	875.368
59.893	875.933
59.903	876.514
59.913	877.443
59.923	878.102
59.933	878.281
59.943	877.951
59.953	876.205
59.963	873.756
59.973	872.362
59.983	871.120
59.993	870.755
60.003	870.619
60.013	870.422
60.023	870.888
60.033	870.899
60.043	870.803
60.053	870.511
60.063	869.938
60.073	869.893
60.083	869.897
60.093	870.991
60.103	873.557
60.113	874.218
60.123	876.516
60.133	877.962
60.143	878.348
60.153	878.072
60.163	877.753
60.173	877.859
60.183	877.736
60.193	877.815
60.203	877.462
60.213	876.659
60.223	875.820
60.233	874.320
60.243	872.783
60.253	872.124
60.263	871.832
60.273	871.765
60.283	871.677
60.293	872.047
60.303	873.770
60.313	875.507
60.323	877.123
60.333	878.085
60.343	879.417
60.353	880.670
60.363	881.299
60.373	882.587
60.383	882.139
60.393	881.284
60.403	880.893
60.413	878.904
60.423	876.995
60.433	875.152
60.443	874.660
60.453	873.801
60.463	872.967
60.473	872.506
60.483	872.862
60.493	873.149
60.503	873.711
60.513	874.406
60.523	875.370
60.533	877.141
60.543	878.105
60.553	879.781
60.563	881.168
60.573	882.129
60.583	882.290
60.593	882.263
60.603	881.906
60.613	880.913
60.623	880.607
60.633	879.054
60.643	877.581
60.653	876.936
60.663	876.164
60.673	875.132
60.683	873.755
60.693	873.330
60.703	873.213
60.713	873.714
60.723	873.746
60.733	874.840
60.743	875.926
60.753	876.790
60.763	877.177
60.773	878.156
60.783	879.433
60.793	880.811
60.803	880.956
60.813	880.688
60.823	881.285
60.833	881.457
60.843	881.119
60.853	880.712
60.863	879.287
60.873	878.828
60.883	878.323
60.893	878.060
60.903	877.427
60.913	875.535
60.923	873.180
60.933	871.857
60.943	872.009
60.953	872.747
60.963	872.875
60.973	872.300
60.983	871.826
60.993	871.912
61.003	871.654
61.013	872.139
61.023	872.805
61.033	874.498
61.043	875.714
61.053	876.621
61.063	877.657
61.073	878.543
61.083	878.113
61.093	878.156
61.103	877.806
61.113	877.380
61.123	878.310
61.133	878.676
61.143	878.146
61.153	877.898
61.163	877.525
61.173	876.521
61.183	876.203
61.193	875.945
61.203	876.078
61.213	876.494
61.223	876.794
61.233	877.201
61.243	878.142
61.253	879.299
61.263	879.963
61.273	880.762
61.283	882.503
61.293	882.900
61.303	882.546
61.313	881.675
61.323	880.316
61.333	881.213
61.343	881.340
61.353	878.965
61.363	877.357
61.373	877.877
61.383	879.779
61.393	879.109
61.403	877.626
61.413	877.186
61.423	878.293
61.433	879.455
61.443	878.480
61.453	877.452
61.463	879.895
61.473	879.461
61.483	881.829
61.493	877.203
61.503	883.584
61.513	0.000
61.523	0.000
61.533	0.000
61.543	0.000
61.553	0.000
61.563	0.000
61.573	0.000
61.583	0.000
61.593	0.000
61.603	0.000
61.613	0.000
61.623	0.000
61.633	0.000
61.643	0.000
61.653	0.000
61.663	0.000
61.673	0.000
61.683	0.000
61.693	0.000
61.703	0.000
61.713	0.000
61.723	0.000
61.733	0.000
61.743	0.000
61.753	0.000
61.763	0.000
61.773	0.000
61.783	0.000
61.793	0.000
61.803	0.000
61.813	0.000
61.823	0.000
61.833	0.000
61.843	0.000
61.853	0.000
61.863	0.000
61.873	0.000
61.883	0.000
61.893	0.000
61.903	0.000
61.913	0.000
61.923	0.000
61.933	0.000
61.943	0.000
61.953	0.000
61.963	0.000
61.973	0.000
61.983	0.000
61.993	0.000
62.003	0.000
62.013	0.000
62.023	0.000
62.033	0.000
62.043	0.000
62.053	0.000
62.063	0.000
62.073	0.000
62.083	0.000
62.093	0.000
62.103	0.000
62.113	0.000
62.123	0.000
62.133	0.000
62.143	0.000
62.153	0.000
62.163	0.000
62.173	0.000
62.183	0.000
62.193	0.000
62.203	0.000
62.213	0.000
62.223	0.000
62.233	0.000
62.243	0.000
62.253	0.000
62.263	0.000
62.273	0.000
62.283	0.000
62.293	0.000
62.303	0.000
62.313	0.000
62.323	0.000
62.333	0.000
62.343	0.000
62.353	0.000
62.363	0.000
62.373	0.000
62.383	0.000
62.393	0.000
62.403	0.000
62.413	0.000
62.423	0.000
62.433	0.000
62.443	0.000
62.453	0.000
62.463	0.000
62.473	0.000
62.483	0.000
62.493	0.000
62.503	0.000
62.513	0.000
62.523	0.000
62.533	0.000
62.543	0.000
62.553	0.000
62.563	0.000
62.573	0.000
62.583	0.000
62.593	0.000
62.603	0.000
62.613	0.000
62.623	0.000
62.633	0.000
62.643	0.000
62.653	0.000
