0.023	0.000
0.033	0.000
0.043	0.000
0.053	0.000
0.063	0.000
0.073	0.000
0.083	0.000
0.093	0.000
0.103	0.000
0.113	0.000
0.123	0.000
0.133	0.000
0.143	0.000
0.153	0.000
0.163	0.000
0.173	0.000
0.183	0.000
0.193	0.000
0.203	0.000
0.213	0.000
0.223	0.000
0.233	0.000
0.243	0.000
0.253	0.000
0.263	0.000
0.273	0.000
0.283	0.000
0.293	0.000
0.303	0.000
0.313	0.000
0.323	0.000
0.333	0.000
0.343	0.000
0.353	0.000
0.363	0.000
0.373	0.000
0.383	0.000
0.393	0.000
0.403	0.000
0.413	0.000
0.423	0.000
0.433	0.000
0.443	0.000
0.453	0.000
0.463	0.000
0.473	0.000
0.483	0.000
0.493	0.000
0.503	0.000
0.513	0.000
0.523	0.000
0.533	0.000
0.543	0.000
0.553	0.000
0.563	0.000
0.573	0.000
0.583	0.000
0.593	0.000
0.603	0.000
0.613	0.000
0.623	0.000
0.633	0.000
0.643	0.000
0.653	0.000
0.663	0.000
0.673	0.000
0.683	0.000
0.693	0.000
0.703	0.000
0.713	0.000
0.723	0.000
0.733	0.000
0.743	0.000
0.753	0.000
0.763	0.000
0.773	0.000
0.783	0.000
0.793	0.000
0.803	0.000
0.813	0.000
0.823	0.000
0.833	0.000
0.843	0.000
0.853	0.000
0.863	0.000
0.873	0.000
0.883	0.000
0.893	0.000
0.903	0.000
0.913	0.000
0.923	0.000
0.933	0.000
0.943	0.000
0.953	0.000
0.963	0.000
0.973	0.000
0.983	0.000
0.993	0.000
1.003	0.000
1.013	0.000
1.023	0.000
1.033	0.000
1.043	0.000
1.053	0.000
1.063	0.000
1.073	0.000
1.083	0.000
1.093	0.000
1.103	0.000
1.113	0.000
1.123	0.000
1.133	0.000
1.143	0.000
1.153	0.000
1.163	0.000
1.173	0.000
1.183	0.000
1.193	0.000
1.203	0.000
1.213	0.000
1.223	0.000
1.233	0.000
1.243	0.000
1.253	0.000
1.263	0.000
1.273	0.000
1.283	0.000
1.293	355.733
1.303	359.280
1.313	365.603
1.323	368.074
1.333	368.287
1.343	368.252
1.353	367.837
1.363	367.283
1.373	366.370
1.383	366.399
1.393	367.264
1.403	368.686
1.413	369.558
1.423	370.802
1.433	371.339
1.443	372.466
1.453	372.067
1.463	373.921
1.473	375.521
1.483	374.294
1.493	374.524
1.503	0.000
1.513	0.000
1.523	0.000
1.533	0.000
1.543	0.000
1.553	0.000
1.563	0.000
1.573	0.000
1.583	365.603
1.593	367.912
1.603	368.579
1.613	367.247
1.623	365.746
1.633	364.989
1.643	363.880
1.653	363.444
1.663	363.588
1.673	364.309
1.683	366.219
1.693	368.872
1.703	369.994
1.713	372.087
1.723	373.398
1.733	373.480
1.743	373.391
1.753	372.228
1.763	371.223
1.773	370.024
1.783	369.006
1.793	367.527
1.803	366.107
1.813	365.790
1.823	365.562
1.833	366.096
1.843	367.100
1.853	368.748
1.863	371.120
1.873	373.744
1.883	373.952
1.893	374.245
1.903	374.178
1.913	374.118
1.923	373.667
1.933	372.273
1.943	370.556
1.953	369.554
1.963	369.029
1.973	369.565
1.983	370.038
1.993	371.283
2.003	371.026
2.013	372.053
2.023	371.842
2.033	370.153
2.043	365.339
2.053	362.794
2.063	368.270
2.073	0.000
2.083	0.000
2.093	0.000
2.103	0.000
2.113	0.000
2.123	0.000
2.133	0.000
2.143	355.790
2.153	359.585
2.163	362.980
2.173	363.906
2.183	368.565
2.193	369.099
2.203	370.143
2.213	370.587
2.223	370.697
2.233	369.599
2.243	369.417
2.253	368.597
2.263	369.326
2.273	370.926
2.283	371.173
2.293	372.936
2.303	373.933
2.313	373.964
2.323	373.680
2.333	373.811
2.343	373.504
2.353	373.280
2.363	373.598
2.373	376.883
2.383	0.000
2.393	0.000
2.403	0.000
2.413	0.000
2.423	0.000
2.433	0.000
2.443	368.818
2.453	363.490
2.463	360.745
2.473	354.029
2.483	357.779
2.493	363.632
2.503	364.790
2.513	365.760
2.523	365.344
2.533	364.619
2.543	363.164
2.553	362.475
2.563	362.716
2.573	363.127
2.583	364.332
2.593	366.550
2.603	368.095
2.613	370.918
2.623	373.632
2.633	374.339
2.643	374.544
2.653	374.478
2.663	373.766
2.673	373.322
2.683	371.471
2.693	369.434
2.703	368.275
2.713	367.445
2.723	366.267
2.733	366.306
2.743	366.745
2.753	367.519
2.763	369.067
2.773	371.144
2.783	371.667
2.793	372.516
2.803	373.176
2.813	373.006
2.823	373.083
2.833	372.786
2.843	372.373
2.853	372.960
2.863	372.620
2.873	371.580
2.883	371.652
2.893	371.817
2.903	371.749
2.913	372.446
2.923	371.961
2.933	373.702
2.943	0.000
2.953	0.000
2.963	0.000
2.973	0.000
2.983	0.000
2.993	0.000
3.003	0.000
3.013	0.000
3.023	0.000
3.033	0.000
3.043	0.000
3.053	357.620
3.063	366.019
3.073	367.985
3.083	370.538
3.093	371.347
3.103	370.598
3.113	370.336
3.123	369.683
3.133	369.378
3.143	369.052
3.153	368.208
3.163	367.952
3.173	369.241
3.183	369.938
3.193	372.534
3.203	372.891
3.213	373.845
3.223	373.384
3.233	371.977
3.243	377.477
3.253	379.033
3.263	379.619
3.273	378.015
3.283	0.000
3.293	0.000
3.303	0.000
3.313	0.000
3.323	0.000
3.333	0.000
3.343	0.000
3.353	340.731
3.363	339.371
3.373	365.035
3.383	369.946
3.393	370.740
3.403	371.041
3.413	369.372
3.423	367.130
3.433	366.505
3.443	364.645
3.453	363.962
3.463	363.946
3.473	364.186
3.483	364.807
3.493	366.588
3.503	367.385
3.513	370.039
3.523	372.493
3.533	373.687
3.543	374.043
3.553	373.998
3.563	373.451
3.573	372.164
3.583	371.150
3.593	369.317
3.603	367.561
3.613	366.864
3.623	365.601
3.633	364.894
3.643	365.416
3.653	365.739
3.663	367.039
3.673	368.836
3.683	369.611
3.693	371.549
3.703	373.034
3.713	373.641
3.723	373.670
3.733	373.175
3.743	372.344
3.753	371.168
3.763	370.302
3.773	369.460
3.783	368.356
3.793	368.294
3.803	369.145
3.813	370.355
3.823	372.424
3.833	371.103
3.843	371.948
3.853	0.000
3.863	0.000
3.873	0.000
3.883	0.000
3.893	0.000
3.903	0.000
3.913	0.000
3.923	0.000
3.933	0.000
3.943	0.000
3.953	0.000
3.963	0.000
3.973	0.000
3.983	372.421
3.993	365.732
4.003	363.817
4.013	364.887
4.023	372.399
4.033	369.377
4.043	368.081
4.053	366.465
4.063	366.079
4.073	365.199
4.083	364.758
4.093	364.281
4.103	364.293
4.113	363.875
4.123	363.867
4.133	364.827
4.143	366.653
4.153	368.511
4.163	371.300
4.173	373.243
4.183	373.950
4.193	373.189
4.203	378.488
4.213	383.651
4.223	382.314
4.233	380.285
4.243	375.069
4.253	0.000
4.263	0.000
4.273	0.000
4.283	0.000
4.293	0.000
4.303	0.000
4.313	0.000
4.323	0.000
4.333	0.000
4.343	369.267
4.353	368.615
4.363	369.760
4.373	369.947
4.383	369.156
4.393	367.544
4.403	366.741
4.413	365.128
4.423	364.603
4.433	364.748
4.443	364.929
4.453	365.774
4.463	367.364
4.473	369.533
4.483	370.580
4.493	372.488
4.503	374.026
4.513	374.247
4.523	374.549
4.533	373.973
4.543	372.442
4.553	371.061
4.563	368.838
4.573	366.874
4.583	366.180
4.593	365.107
4.603	364.666
4.613	365.015
4.623	365.403
4.633	366.847
4.643	368.815
4.653	370.626
4.663	371.446
4.673	372.699
4.683	373.462
4.693	373.625
4.703	373.484
4.713	372.362
4.723	371.043
4.733	370.303
4.743	369.627
4.753	369.231
4.763	369.494
4.773	369.088
4.783	370.418
4.793	371.573
4.803	372.069
4.813	370.267
4.823	371.283
4.833	0.000
4.843	0.000
4.853	0.000
4.863	0.000
4.873	0.000
4.883	0.000
4.893	0.000
4.903	0.000
4.913	359.399
4.923	363.446
4.933	366.047
4.943	367.925
4.953	368.661
4.963	369.658
4.973	369.330
4.983	369.162
4.993	368.667
5.003	368.447
5.013	368.356
5.023	368.295
5.033	368.344
5.043	369.211
5.053	369.969
5.063	372.312
5.073	374.109
5.083	373.109
5.093	373.552
5.103	372.012
5.113	373.267
5.123	376.332
5.133	375.658
5.143	377.648
5.153	373.623
5.163	376.638
5.173	375.186
5.183	396.857
5.193	369.070
5.203	363.518
5.213	351.798
5.223	355.848
5.233	356.335
5.243	360.544
5.253	368.266
5.263	370.059
5.273	369.819
5.283	367.888
5.293	366.131
5.303	364.503
5.313	363.746
5.323	363.918
5.333	364.804
5.343	365.244
5.353	366.782
5.363	368.589
5.373	370.770
5.383	372.009
5.393	373.586
5.403	374.545
5.413	374.623
5.423	374.638
5.433	373.827
5.443	371.864
5.453	371.009
5.463	368.904
5.473	367.257
5.483	366.054
5.493	365.350
5.503	365.491
5.513	365.856
5.523	365.956
5.533	367.522
5.543	368.847
5.553	370.027
5.563	370.860
5.573	371.573
5.583	372.122
5.593	371.848
5.603	371.658
5.613	370.741
5.623	370.110
5.633	370.653
5.643	371.127
5.653	371.632
5.663	372.341
5.673	371.706
5.683	372.923
5.693	373.959
5.703	371.746
5.713	0.000
5.723	0.000
5.733	0.000
5.743	0.000
5.753	0.000
5.763	0.000
5.773	0.000
5.783	0.000
5.793	0.000
5.803	372.377
5.813	362.794
5.823	367.338
5.833	369.610
5.843	372.461
5.853	372.305
5.863	371.458
5.873	369.382
5.883	368.674
5.893	367.356
5.903	366.337
5.913	365.964
5.923	366.102
5.933	366.362
5.943	366.603
5.953	366.930
5.963	367.926
5.973	370.176
5.983	373.352
5.993	373.704
6.003	374.794
6.013	376.080
6.023	379.424
6.033	379.189
6.043	383.001
6.053	380.535
6.063	377.050
6.073	372.601
6.083	377.821
6.093	357.920
6.103	369.125
6.113	371.033
6.123	370.823
6.133	370.930
6.143	370.665
6.153	369.788
6.163	368.588
6.173	367.955
6.183	366.858
6.193	366.179
6.203	366.315
6.213	366.891
6.223	368.419
6.233	370.844
6.243	371.874
6.253	373.450
6.263	374.549
6.273	374.967
6.283	375.034
6.293	374.400
6.303	373.050
6.313	370.928
6.323	369.762
6.333	368.030
6.343	366.620
6.353	366.066
6.363	365.589
6.373	365.921
6.383	367.423
6.393	368.261
6.403	370.420
6.413	372.241
6.423	372.925
6.433	373.238
6.443	372.874
6.453	372.394
6.463	371.953
6.473	370.001
6.483	368.393
6.493	368.459
6.503	369.327
6.513	371.983
6.523	0.000
6.533	0.000
6.543	0.000
6.553	0.000
6.563	0.000
6.573	0.000
6.583	0.000
6.593	0.000
6.603	0.000
6.613	0.000
6.623	0.000
6.633	0.000
6.643	0.000
6.653	0.000
6.663	0.000
6.673	0.000
6.683	0.000
6.693	0.000
6.703	0.000
6.713	0.000
6.723	0.000
6.733	0.000
6.743	362.091
6.753	365.687
6.763	364.027
6.773	365.225
6.783	365.972
6.793	366.420
6.803	367.639
6.813	366.633
6.823	365.808
6.833	364.887
6.843	366.129
6.853	366.733
6.863	366.208
6.873	0.000
6.883	0.000
6.893	0.000
6.903	0.000
6.913	0.000
6.923	0.000
6.933	0.000
6.943	0.000
6.953	0.000
6.963	0.000
6.973	0.000
6.983	0.000
6.993	0.000
7.003	0.000
7.013	351.809
7.023	350.873
7.033	350.007
7.043	352.118
7.053	356.532
7.063	358.324
7.073	359.322
7.083	359.501
7.093	358.354
7.103	358.538
7.113	359.433
7.123	361.426
7.133	363.477
7.143	364.459
7.153	366.309
7.163	368.798
7.173	369.776
7.183	370.488
7.193	369.061
7.203	365.937
7.213	363.824
7.223	363.036
7.233	361.469
7.243	359.735
7.253	359.592
7.263	359.269
7.273	359.255
7.283	360.230
7.293	361.467
7.303	362.405
7.313	364.002
7.323	365.767
7.333	366.433
7.343	367.193
7.353	367.689
7.363	367.661
7.373	367.079
7.383	365.827
7.393	364.836
7.403	364.276
7.413	362.087
7.423	360.477
7.433	360.102
7.443	359.909
7.453	360.101
7.463	361.566
7.473	362.466
7.483	364.402
7.493	0.000
7.503	0.000
7.513	0.000
7.523	0.000
7.533	0.000
7.543	353.189
7.553	351.155
7.563	361.190
7.573	0.000
7.583	0.000
7.593	0.000
7.603	0.000
7.613	0.000
7.623	327.158
7.633	343.847
7.643	357.249
7.653	358.615
7.663	360.619
7.673	363.570
7.683	364.764
7.693	364.609
7.703	364.339
7.713	363.076
7.723	362.885
7.733	362.368
7.743	363.325
7.753	365.650
7.763	366.952
7.773	370.405
7.783	376.873
7.793	378.275
7.803	0.000
7.813	0.000
7.823	0.000
7.833	0.000
7.843	0.000
7.853	0.000
7.863	0.000
7.873	0.000
7.883	0.000
7.893	0.000
7.903	0.000
7.913	0.000
7.923	0.000
7.933	0.000
7.943	348.547
7.953	347.360
7.963	349.727
7.973	339.824
7.983	357.462
7.993	359.197
8.003	358.076
8.013	357.943
8.023	357.465
8.033	358.507
8.043	359.769
8.053	360.417
8.063	362.522
8.073	364.412
8.083	364.893
8.093	367.019
8.103	370.001
8.113	372.153
8.123	371.771
8.133	369.830
8.143	366.799
8.153	365.369
8.163	363.352
8.173	361.921
8.183	361.442
8.193	361.235
8.203	362.025
8.213	362.342
8.223	363.568
8.233	363.819
8.243	364.136
8.253	363.288
8.263	363.146
8.273	362.923
8.283	363.183
8.293	363.789
8.303	365.123
8.313	367.298
8.323	369.218
8.333	0.000
8.343	0.000
8.353	0.000
8.363	0.000
8.373	0.000
8.383	0.000
8.393	0.000
8.403	0.000
8.413	0.000
8.423	0.000
8.433	0.000
8.443	0.000
8.453	0.000
8.463	0.000
8.473	0.000
8.483	0.000
8.493	0.000
8.503	0.000
8.513	0.000
8.523	0.000
8.533	0.000
8.543	0.000
8.553	0.000
8.563	0.000
8.573	0.000
8.583	217.176
8.593	217.367
8.603	217.719
8.613	217.882
8.623	217.915
8.633	218.026
8.643	218.334
8.653	218.627
8.663	218.527
8.673	218.873
8.683	218.523
8.693	218.966
8.703	218.897
8.713	219.091
8.723	219.757
8.733	218.475
8.743	217.523
8.753	218.691
8.763	219.702
8.773	218.410
8.783	219.163
8.793	219.230
8.803	220.527
8.813	0.000
8.823	0.000
8.833	0.000
8.843	0.000
8.853	0.000
8.863	214.535
8.873	214.469
8.883	214.440
8.893	214.262
8.903	214.554
8.913	214.753
8.923	215.024
8.933	215.514
8.943	216.240
8.953	216.603
8.963	217.402
8.973	218.186
8.983	218.535
8.993	218.873
9.003	218.826
9.013	218.402
9.023	218.139
9.033	217.466
9.043	216.719
9.053	216.073
9.063	215.725
9.073	215.334
9.083	215.447
9.093	215.614
9.103	216.017
9.113	216.454
9.123	216.967
9.133	217.227
9.143	217.787
9.153	218.141
9.163	218.384
9.173	218.396
9.183	218.336
9.193	218.017
9.203	217.694
9.213	217.271
9.223	217.077
9.233	217.455
9.243	218.132
9.253	218.320
9.263	217.896
9.273	217.931
9.283	217.909
9.293	219.646
9.303	220.289
9.313	220.996
9.323	218.803
9.333	215.827
9.343	218.597
9.353	218.734
9.363	220.758
9.373	0.000
9.383	0.000
9.393	0.000
9.403	0.000
9.413	0.000
9.423	0.000
9.433	0.000
9.443	0.000
9.453	0.000
9.463	162.697
9.473	164.920
9.483	165.079
9.493	164.780
9.503	164.297
9.513	163.974
9.523	163.811
9.533	163.877
9.543	163.931
9.553	163.945
9.563	163.872
9.573	163.933
9.583	164.012
9.593	164.198
9.603	164.295
9.613	164.504
9.623	164.238
9.633	164.479
9.643	164.554
9.653	164.748
9.663	164.606
9.673	164.835
9.683	166.186
9.693	165.293
9.703	165.551
9.713	165.528
9.723	0.000
9.733	0.000
9.743	0.000
9.753	0.000
9.763	0.000
9.773	0.000
9.783	0.000
9.793	0.000
9.803	164.826
9.813	164.396
9.823	164.088
9.833	163.333
9.843	162.529
9.853	162.491
9.863	162.481
9.873	162.575
9.883	163.189
9.893	163.422
9.903	164.229
9.913	165.452
9.923	165.977
9.933	166.477
9.943	166.589
9.953	166.129
9.963	165.732
9.973	164.866
9.983	163.754
9.993	163.266
10.003	163.017
10.013	162.769
10.023	162.697
10.033	162.963
10.043	163.251
10.053	163.826
10.063	164.511
10.073	164.811
10.083	165.408
10.093	165.698
10.103	165.659
10.113	165.594
10.123	165.017
10.133	164.254
10.143	164.281
10.153	162.942
10.163	0.000
10.173	0.000
10.183	0.000
10.193	0.000
10.203	0.000
10.213	0.000
10.223	0.000
10.233	0.000
10.243	0.000
10.253	0.000
10.263	0.000
10.273	0.000
10.283	0.000
10.293	0.000
10.303	0.000
10.313	0.000
10.323	0.000
10.333	0.000
10.343	0.000
10.353	0.000
10.363	0.000
10.373	0.000
10.383	0.000
10.393	244.760
10.403	246.493
10.413	246.908
10.423	247.090
10.433	247.055
10.443	246.481
10.453	245.925
10.463	245.808
10.473	245.297
10.483	245.108
10.493	245.850
10.503	245.893
10.513	247.333
10.523	247.769
10.533	247.659
10.543	245.567
10.553	245.372
10.563	247.250
10.573	247.922
10.583	249.202
10.593	251.447
10.603	250.523
10.613	250.835
10.623	250.315
10.633	248.754
10.643	248.626
10.653	250.942
10.663	0.000
10.673	0.000
10.683	0.000
10.693	0.000
10.703	0.000
10.713	0.000
10.723	0.000
10.733	0.000
10.743	241.538
10.753	242.051
10.763	242.885
10.773	243.713
10.783	244.798
10.793	245.469
10.803	246.777
10.813	247.999
10.823	248.485
10.833	248.629
10.843	248.165
10.853	247.320
10.863	246.789
10.873	245.641
10.883	244.118
10.893	243.441
10.903	242.478
10.913	241.662
10.923	242.107
10.933	242.427
10.943	243.346
10.953	244.275
10.963	245.489
10.973	246.263
10.983	247.810
10.993	248.520
11.003	248.878
11.013	249.399
11.023	248.919
11.033	248.021
11.043	247.743
11.053	247.106
11.063	246.447
11.073	246.288
11.083	245.846
11.093	246.745
11.103	247.280
11.113	247.265
11.123	247.731
11.133	248.122
11.143	248.583
11.153	248.737
11.163	249.211
11.173	246.574
11.183	246.715
11.193	250.409
11.203	252.948
11.213	256.617
11.223	0.000
11.233	0.000
11.243	0.000
11.253	0.000
11.263	0.000
11.273	0.000
11.283	0.000
11.293	0.000
11.303	0.000
11.313	0.000
11.323	0.000
11.333	0.000
11.343	183.560
11.353	183.930
11.363	183.849
11.373	183.819
11.383	183.490
11.393	183.247
11.403	183.165
11.413	182.826
11.423	182.910
11.433	183.131
11.443	183.598
11.453	184.465
11.463	184.392
11.473	185.162
11.483	185.295
11.493	186.778
11.503	185.541
11.513	184.828
11.523	0.000
11.533	0.000
11.543	0.000
11.553	0.000
11.563	0.000
11.573	0.000
11.583	0.000
11.593	0.000
11.603	0.000
11.613	0.000
11.623	0.000
11.633	0.000
11.643	0.000
11.653	0.000
11.663	178.636
11.673	180.665
11.683	181.448
11.693	181.533
11.703	181.787
11.713	181.908
11.723	182.015
11.733	182.620
11.743	183.436
11.753	184.273
11.763	184.604
11.773	185.348
11.783	185.556
11.793	185.236
11.803	184.907
11.813	184.325
11.823	183.666
11.833	183.514
11.843	183.006
11.853	182.667
11.863	182.375
11.873	182.432
11.883	182.134
11.893	182.223
11.903	182.581
11.913	182.791
11.923	183.304
11.933	183.795
11.943	184.075
11.953	184.181
11.963	184.264
11.973	183.970
11.983	183.910
11.993	183.463
12.003	183.221
12.013	183.157
12.023	183.426
12.033	183.789
12.043	184.567
12.053	184.825
12.063	185.729
12.073	0.000
12.083	0.000
12.093	0.000
12.103	0.000
12.113	0.000
12.123	0.000
12.133	0.000
12.143	0.000
12.153	0.000
12.163	0.000
12.173	0.000
12.183	0.000
12.193	0.000
12.203	0.000
12.213	0.000
12.223	0.000
12.233	181.112
12.243	186.841
12.253	184.544
12.263	183.698
12.273	182.465
12.283	182.024
12.293	181.878
12.303	181.579
12.313	181.440
12.323	181.004
12.333	181.198
12.343	181.477
12.353	181.691
12.363	182.868
12.373	183.445
12.383	0.000
12.393	0.000
12.403	0.000
12.413	0.000
12.423	0.000
12.433	0.000
12.443	0.000
12.453	0.000
12.463	0.000
12.473	0.000
12.483	0.000
12.493	0.000
12.503	0.000
12.513	0.000
12.523	0.000
12.533	0.000
12.543	0.000
12.553	0.000
12.563	0.000
12.573	180.477
12.583	181.569
12.593	181.865
12.603	182.437
12.613	182.167
12.623	181.854
12.633	181.737
12.643	181.345
12.653	181.208
12.663	181.442
12.673	181.937
12.683	182.472
12.693	183.156
12.703	183.758
12.713	184.733
12.723	185.320
12.733	185.499
12.743	185.104
12.753	184.526
12.763	183.813
12.773	183.280
12.783	182.665
12.793	182.229
12.803	181.822
12.813	181.769
12.823	181.625
12.833	181.445
12.843	181.425
12.853	181.538
12.863	181.604
12.873	181.840
12.883	182.066
12.893	182.631
12.903	183.037
12.913	183.568
12.923	184.566
12.933	184.739
12.943	186.758
12.953	185.314
12.963	0.000
12.973	0.000
12.983	0.000
12.993	0.000
13.003	0.000
13.013	0.000
13.023	0.000
13.033	0.000
13.043	0.000
13.053	0.000
13.063	0.000
13.073	0.000
13.083	0.000
13.093	0.000
13.103	0.000
13.113	0.000
13.123	0.000
13.133	163.240
13.143	163.578
13.153	162.733
13.163	163.419
13.173	163.510
13.183	163.605
13.193	163.608
13.203	163.494
13.213	163.226
13.223	162.977
13.233	163.304
13.243	162.944
13.253	163.348
13.263	163.665
13.273	163.334
13.283	163.271
13.293	163.757
13.303	162.908
13.313	163.252
13.323	163.818
13.333	162.927
13.343	164.095
13.353	163.658
13.363	162.562
13.373	164.931
13.383	163.405
13.393	0.000
13.403	0.000
13.413	0.000
13.423	0.000
13.433	0.000
13.443	0.000
13.453	0.000
13.463	0.000
13.473	162.720
13.483	162.201
13.493	162.177
13.503	161.507
13.513	160.744
13.523	160.887
13.533	161.058
13.543	161.542
13.553	162.431
13.563	162.836
13.573	163.716
13.583	164.293
13.593	164.735
13.603	164.784
13.613	164.577
13.623	163.985
13.633	163.672
13.643	162.853
13.653	162.263
13.663	161.524
13.673	161.360
13.683	161.196
13.693	161.375
13.703	161.579
13.713	161.778
13.723	162.175
13.733	162.605
13.743	162.925
13.753	163.584
13.763	163.665
13.773	163.674
13.783	163.748
13.793	162.939
13.803	161.413
13.813	0.000
13.823	0.000
13.833	0.000
13.843	0.000
13.853	0.000
13.863	0.000
13.873	0.000
13.883	0.000
13.893	0.000
13.903	0.000
13.913	0.000
13.923	0.000
13.933	0.000
13.943	0.000
13.953	0.000
13.963	0.000
13.973	0.000
13.983	0.000
13.993	0.000
14.003	0.000
14.013	0.000
14.023	0.000
14.033	0.000
14.043	0.000
14.053	0.000
14.063	0.000
14.073	0.000
14.083	0.000
14.093	360.793
14.103	363.573
14.113	367.046
14.123	367.828
14.133	367.691
14.143	367.904
14.153	366.976
14.163	368.709
14.173	370.866
14.183	370.084
14.193	372.246
14.203	367.456
14.213	370.778
14.223	366.571
14.233	362.758
14.243	0.000
14.253	0.000
14.263	0.000
14.273	0.000
14.283	0.000
14.293	0.000
14.303	0.000
14.313	0.000
14.323	0.000
14.333	0.000
14.343	0.000
14.353	359.233
14.363	354.497
14.373	355.584
14.383	360.798
14.393	362.924
14.403	366.117
14.413	369.078
14.423	368.613
14.433	368.086
14.443	366.582
14.453	364.314
14.463	364.521
14.473	362.067
14.483	357.117
14.493	356.461
14.503	359.460
14.513	361.334
14.523	365.449
14.533	368.319
14.543	369.091
14.553	369.805
14.563	370.397
14.573	369.704
14.583	369.620
14.593	368.486
14.603	365.214
14.613	363.346
14.623	350.560
14.633	358.017
14.643	360.749
14.653	362.373
14.663	365.073
14.673	366.849
14.683	366.650
14.693	367.612
14.703	368.976
14.713	369.904
14.723	370.742
14.733	371.352
14.743	368.240
14.753	366.746
14.763	362.992
14.773	361.996
14.783	364.279
14.793	365.611
14.803	367.895
14.813	369.048
14.823	369.911
14.833	370.559
14.843	370.875
14.853	371.319
14.863	371.045
14.873	370.544
14.883	368.130
14.893	365.013
14.903	366.976
14.913	369.051
14.923	357.315
14.933	359.659
14.943	361.907
14.953	364.348
14.963	365.192
14.973	365.357
14.983	365.067
14.993	365.285
15.003	365.819
15.013	366.271
15.023	367.973
15.033	370.976
15.043	371.608
15.053	374.301
15.063	373.870
15.073	371.751
15.083	372.579
15.093	371.411
15.103	373.673
15.113	368.428
15.123	0.000
15.133	0.000
15.143	0.000
15.153	0.000
15.163	0.000
15.173	0.000
15.183	0.000
15.193	0.000
15.203	0.000
15.213	0.000
15.223	0.000
15.233	0.000
15.243	371.231
15.253	371.693
15.263	369.931
15.273	369.474
15.283	369.117
15.293	369.652
15.303	369.151
15.313	368.936
15.323	368.267
15.333	366.720
15.343	363.029
15.353	360.454
15.363	352.644
15.373	357.919
15.383	364.909
15.393	367.121
15.403	367.901
15.413	368.270
15.423	369.115
15.433	369.192
15.443	369.032
15.453	368.995
15.463	368.624
15.473	368.250
15.483	366.151
15.493	361.276
15.503	355.147
15.513	355.310
15.523	356.490
15.533	362.760
15.543	366.559
15.553	368.115
15.563	369.302
15.573	369.840
15.583	369.629
15.593	369.382
15.603	368.939
15.613	367.542
15.623	366.876
15.633	365.273
15.643	357.981
15.653	353.575
15.663	353.854
15.673	361.241
15.683	365.185
15.693	366.656
15.703	367.470
15.713	368.535
15.723	369.747
15.733	369.604
15.743	369.766
15.753	367.583
15.763	366.049
15.773	359.570
15.783	355.249
15.793	361.466
15.803	362.325
15.813	363.100
15.823	362.833
15.833	362.497
15.843	362.585
15.853	362.754
15.863	362.885
15.873	363.043
15.883	363.754
15.893	365.033
15.903	367.489
15.913	369.312
15.923	372.523
15.933	375.607
15.943	375.371
15.953	375.197
15.963	374.517
15.973	369.249
15.983	371.359
15.993	368.645
16.003	374.570
16.013	372.167
16.023	0.000
16.033	0.000
16.043	0.000
16.053	0.000
16.063	0.000
16.073	0.000
16.083	0.000
16.093	0.000
16.103	0.000
16.113	0.000
16.123	0.000
16.133	0.000
16.143	0.000
16.153	366.543
16.163	363.609
16.173	365.309
16.183	366.220
16.193	366.586
16.203	367.062
16.213	366.187
16.223	365.195
16.233	364.557
16.243	362.474
16.253	361.077
16.263	363.683
16.273	362.913
16.283	363.778
16.293	366.306
16.303	367.180
16.313	368.226
16.323	369.083
16.333	369.488
16.343	369.714
16.353	369.929
16.363	370.101
16.373	369.789
16.383	369.489
16.393	369.030
16.403	367.697
16.413	365.786
16.423	363.033
16.433	362.196
16.443	356.394
16.453	360.987
16.463	365.428
16.473	367.866
16.483	368.490
16.493	368.631
16.503	368.463
16.513	368.276
16.523	368.062
16.533	367.223
16.543	366.590
16.553	364.576
16.563	363.386
16.573	362.789
16.583	366.168
16.593	367.923
16.603	366.686
16.613	366.652
16.623	367.522
16.633	367.921
16.643	368.425
16.653	369.198
16.663	369.218
16.673	369.848
16.683	370.344
16.693	370.128
16.703	369.989
16.713	367.892
16.723	363.702
16.733	361.970
16.743	355.910
16.753	359.644
16.763	363.111
16.773	364.148
16.783	365.214
16.793	365.325
16.803	365.102
16.813	364.921
16.823	365.103
16.833	365.325
16.843	365.538
16.853	366.376
16.863	368.218
16.873	370.686
16.883	371.969
16.893	372.950
16.903	373.116
16.913	372.382
16.923	372.668
16.933	373.183
16.943	373.724
16.953	373.219
16.963	373.933
16.973	375.263
16.983	376.535
16.993	0.000
17.003	0.000
17.013	0.000
17.023	0.000
17.033	0.000
17.043	0.000
17.053	0.000
17.063	0.000
17.073	351.955
17.083	356.611
17.093	362.604
17.103	364.490
17.113	366.701
17.123	367.703
17.133	367.934
17.143	368.684
17.153	368.938
17.163	369.145
17.173	368.313
17.183	366.303
17.193	364.634
17.203	366.280
17.213	366.736
17.223	366.687
17.233	367.366
17.243	367.568
17.253	367.977
17.263	368.392
17.273	368.407
17.283	368.506
17.293	368.515
17.303	367.443
17.313	366.500
17.323	363.451
17.333	365.585
17.343	368.284
17.353	368.128
17.363	368.962
17.373	369.188
17.383	369.237
17.393	369.077
17.403	368.748
17.413	368.380
17.423	368.486
17.433	368.096
17.443	367.864
17.453	367.019
17.463	366.059
17.473	363.562
17.483	358.940
17.493	357.801
17.503	363.566
17.513	367.180
17.523	368.050
17.533	368.598
17.543	368.565
17.553	368.706
17.563	368.232
17.573	367.987
17.583	367.031
17.593	366.890
17.603	366.678
17.613	364.821
17.623	360.789
17.633	357.041
17.643	356.374
17.653	0.000
17.663	0.000
17.673	0.000
17.683	0.000
17.693	0.000
17.703	0.000
17.713	0.000
17.723	484.192
17.733	485.707
17.743	485.416
17.753	485.652
17.763	485.655
17.773	486.531
17.783	486.965
17.793	487.834
17.803	488.735
17.813	489.925
17.823	490.438
17.833	491.210
17.843	491.786
17.853	491.643
17.863	491.347
17.873	490.413
17.883	488.772
17.893	487.850
17.903	485.730
17.913	484.784
17.923	484.378
17.933	484.233
17.943	484.521
17.953	485.415
17.963	486.048
17.973	487.406
17.983	489.209
17.993	490.940
18.003	491.779
18.013	492.946
18.023	493.095
18.033	493.064
18.043	492.483
18.053	491.176
18.063	489.278
18.073	488.131
18.083	485.867
18.093	483.846
18.103	483.479
18.113	483.454
18.123	484.114
18.133	485.454
18.143	486.220
18.153	488.039
18.163	490.344
18.173	492.269
18.183	492.927
18.193	493.391
18.203	492.771
18.213	491.943
18.223	490.179
18.233	488.341
18.243	486.170
18.253	485.170
18.263	484.434
18.273	484.089
18.283	484.301
18.293	484.843
18.303	485.904
18.313	486.955
18.323	487.393
18.333	488.308
18.343	489.590
18.353	490.020
18.363	489.738
18.373	489.703
18.383	489.684
18.393	489.664
18.403	489.895
18.413	490.287
18.423	490.466
18.433	490.433
18.443	490.088
18.453	489.838
18.463	490.026
18.473	490.247
18.483	490.468
18.493	490.743
18.503	490.871
18.513	490.982
18.523	0.000
18.533	0.000
18.543	0.000
18.553	368.797
18.563	371.558
18.573	371.879
18.583	373.738
18.593	373.674
18.603	372.415
18.613	371.710
18.623	369.753
18.633	367.955
18.643	366.672
18.653	366.201
18.663	365.982
18.673	366.125
18.683	366.759
18.693	368.489
18.703	371.154
18.713	373.991
18.723	375.046
18.733	376.598
18.743	376.995
18.753	376.745
18.763	375.002
18.773	372.185
18.783	369.435
18.793	368.206
18.803	366.138
18.813	365.103
18.823	364.724
18.833	364.764
18.843	365.324
18.853	366.523
18.863	367.464
18.873	369.487
18.883	371.425
18.893	373.074
18.903	373.783
18.913	374.987
18.923	374.934
18.933	372.788
18.943	371.442
18.953	368.998
18.963	367.043
18.973	366.579
18.983	365.675
18.993	365.149
19.003	365.345
19.013	365.830
19.023	367.237
19.033	369.036
19.043	369.882
19.053	371.247
19.063	372.396
19.073	373.164
19.083	373.277
19.093	372.835
19.103	371.476
19.113	369.709
19.123	368.821
19.133	367.100
19.143	365.870
19.153	365.484
19.163	364.820
19.173	364.896
19.183	365.820
19.193	366.375
19.203	368.066
19.213	369.232
19.223	369.913
19.233	370.316
19.243	370.677
19.253	370.586
19.263	370.422
19.273	369.813
19.283	369.602
19.293	369.697
19.303	369.975
19.313	370.258
19.323	370.680
19.333	370.954
19.343	371.405
19.353	371.766
19.363	372.118
19.373	372.348
19.383	372.394
19.393	370.954
19.403	370.261
19.413	371.136
19.423	0.000
19.433	421.982
19.443	424.550
19.453	426.734
19.463	428.766
19.473	430.369
19.483	430.988
19.493	432.480
19.503	432.835
19.513	433.182
19.523	433.271
19.533	434.266
19.543	435.814
19.553	436.904
19.563	438.123
19.573	438.600
19.583	438.249
19.593	438.009
19.603	437.648
19.613	437.874
19.623	437.765
19.633	437.779
19.643	437.190
19.653	436.503
19.663	435.798
19.673	433.579
19.683	431.276
19.693	429.545
19.703	425.388
19.713	423.093
19.723	0.000
19.733	372.935
19.743	369.278
19.753	370.044
19.763	370.057
19.773	370.261
19.783	369.751
19.793	369.325
19.803	369.172
19.813	369.402
19.823	369.464
19.833	369.700
19.843	370.013
19.853	370.100
19.863	370.008
19.873	369.822
19.883	369.485
19.893	369.330
19.903	369.224
19.913	369.411
19.923	369.491
19.933	369.459
19.943	369.503
19.953	369.145
19.963	367.676
19.973	365.434
19.983	363.197
19.993	359.310
20.003	360.963
20.013	358.991
20.023	340.687
20.033	323.629
20.043	325.080
20.053	324.655
20.063	325.573
20.073	326.514
20.083	327.075
20.093	327.121
20.103	327.322
20.113	327.226
20.123	327.116
20.133	327.138
20.143	327.065
20.153	327.113
20.163	327.234
20.173	327.391
20.183	327.434
20.193	327.435
20.203	327.535
20.213	327.359
20.223	327.283
20.233	327.571
20.243	327.697
20.253	327.781
20.263	327.864
20.273	328.012
20.283	327.805
20.293	327.918
20.303	328.032
20.313	328.378
20.323	331.297
20.333	0.000
20.343	0.000
20.353	0.000
20.363	0.000
20.373	249.444
20.383	249.547
20.393	249.241
20.403	247.968
20.413	247.549
20.423	246.303
20.433	244.932
20.443	243.596
20.453	242.978
20.463	242.498
20.473	242.613
20.483	243.324
20.493	243.518
20.503	244.526
20.513	246.256
20.523	246.802
20.533	248.587
20.543	249.474
20.553	249.615
20.563	249.453
20.573	248.617
20.583	247.015
20.593	246.400
20.603	245.026
20.613	243.655
20.623	242.407
20.633	242.101
20.643	241.693
20.653	242.016
20.663	242.937
20.673	243.642
20.683	245.229
20.693	246.624
20.703	247.268
20.713	248.409
20.723	248.734
20.733	248.336
20.743	247.875
20.753	246.523
20.763	245.291
20.773	244.682
20.783	243.497
20.793	242.283
20.803	242.318
20.813	242.280
20.823	242.917
20.833	244.045
20.843	246.041
20.853	247.111
20.863	248.802
20.873	249.240
20.883	249.550
20.893	248.881
20.903	247.251
20.913	245.807
20.923	245.349
20.933	244.386
20.943	243.333
20.953	242.903
20.963	242.780
20.973	243.301
20.983	244.012
20.993	244.631
21.003	245.545
21.013	246.549
21.023	246.991
21.033	247.192
21.043	247.187
21.053	246.840
21.063	246.649
21.073	246.485
21.083	246.080
21.093	244.895
21.103	244.423
21.113	243.602
21.123	0.000
21.133	0.000
21.143	0.000
21.153	0.000
21.163	0.000
21.173	0.000
21.183	0.000
21.193	0.000
21.203	0.000
21.213	0.000
21.223	0.000
21.233	0.000
21.243	0.000
21.253	0.000
21.263	0.000
21.273	0.000
21.283	0.000
21.293	0.000
21.303	0.000
21.313	0.000
21.323	0.000
21.333	482.921
21.343	486.700
21.353	487.830
21.363	487.250
21.373	485.912
21.383	484.279
21.393	483.667
21.403	483.008
21.413	483.129
21.423	483.494
21.433	484.759
21.443	486.343
21.453	488.226
21.463	489.243
21.473	490.831
21.483	492.074
21.493	492.911
21.503	493.031
21.513	492.709
21.523	491.742
21.533	491.073
21.543	489.164
21.553	486.848
21.563	484.195
21.573	483.767
21.583	483.518
21.593	483.554
21.603	483.662
21.613	484.646
21.623	485.942
21.633	487.706
21.643	488.772
21.653	490.455
21.663	491.924
21.673	492.700
21.683	492.971
21.693	493.246
21.703	492.871
21.713	492.211
21.723	490.441
21.733	488.390
21.743	485.777
21.753	484.545
21.763	484.197
21.773	484.119
21.783	484.171
21.793	485.167
21.803	486.907
21.813	488.873
21.823	489.871
21.833	491.957
21.843	493.532
21.853	493.826
21.863	493.690
21.873	492.662
21.883	490.930
21.893	489.957
21.903	488.085
21.913	485.797
21.923	484.905
21.933	485.057
21.943	485.189
21.953	485.912
21.963	486.291
21.973	487.601
21.983	488.770
21.993	489.624
22.003	490.042
22.013	490.429
22.023	490.521
22.033	490.297
22.043	490.244
22.053	490.011
22.063	490.030
22.073	490.305
22.083	491.054
22.093	491.971
22.103	492.522
22.113	492.501
22.123	492.464
22.133	492.090
22.143	492.013
22.153	0.000
22.163	0.000
22.173	369.760
22.183	370.987
22.193	372.753
22.203	370.898
22.213	370.572
22.223	370.886
22.233	369.957
22.243	368.247
22.253	366.989
22.263	364.845
22.273	363.876
22.283	363.480
22.293	363.404
22.303	363.525
22.313	364.600
22.323	365.521
22.333	367.569
22.343	369.842
22.353	372.526
22.363	373.695
22.373	375.150
22.383	374.860
22.393	373.172
22.403	371.726
22.413	369.283
22.423	366.914
22.433	365.769
22.443	363.997
22.453	363.210
22.463	362.857
22.473	362.839
22.483	363.734
22.493	365.515
22.503	366.772
22.513	369.713
22.523	372.094
22.533	373.487
22.543	373.560
22.553	372.764
22.563	370.867
22.573	368.584
22.583	367.805
22.593	365.821
22.603	364.203
22.613	363.318
22.623	362.634
22.633	363.344
22.643	364.474
22.653	365.290
22.663	367.495
22.673	369.626
22.683	372.125
22.693	372.916
22.703	373.546
22.713	373.485
22.723	372.929
22.733	371.358
22.743	369.199
22.753	367.360
22.763	366.028
22.773	364.896
22.783	364.339
22.793	364.632
22.803	365.716
22.813	367.306
22.823	369.329
22.833	370.099
22.843	371.154
22.853	371.974
22.863	372.564
22.873	372.579
22.883	372.239
22.893	371.724
22.903	371.263
22.913	369.462
22.923	367.743
22.933	366.120
22.943	364.991
22.953	362.388
22.963	0.000
22.973	0.000
22.983	0.000
22.993	0.000
23.003	0.000
23.013	0.000
23.023	0.000
23.033	0.000
23.043	0.000
23.053	0.000
23.063	0.000
23.073	0.000
23.083	551.978
23.093	552.844
23.103	552.598
23.113	552.275
23.123	552.307
23.133	552.315
23.143	552.075
23.153	552.185
23.163	552.398
23.173	552.909
23.183	553.360
23.193	553.741
23.203	554.367
23.213	554.853
23.223	555.340
23.233	555.611
23.243	555.851
23.253	556.007
23.263	556.035
23.273	555.931
23.283	555.643
23.293	555.222
23.303	554.699
23.313	552.772
23.323	549.975
23.333	547.144
23.343	0.000
23.353	0.000
23.363	491.869
23.373	492.493
23.383	492.373
23.393	491.661
23.403	491.371
23.413	491.506
23.423	491.849
23.433	492.562
23.443	493.082
23.453	493.412
23.463	493.280
23.473	493.286
23.483	493.202
23.493	493.332
23.503	493.341
23.513	493.291
23.523	493.365
23.533	493.617
23.543	494.238
23.553	494.548
23.563	495.171
23.573	495.500
23.583	495.650
23.593	495.740
23.603	495.705
23.613	495.504
23.623	495.189
23.633	493.391
23.643	0.000
23.653	424.505
23.663	428.763
23.673	432.106
23.683	434.583
23.693	435.938
23.703	437.000
23.713	437.655
23.723	437.922
23.733	437.945
23.743	438.137
23.753	438.113
23.763	438.072
23.773	438.070
23.783	438.096
23.793	438.051
23.803	438.102
23.813	438.081
23.823	438.026
23.833	438.065
23.843	438.013
23.853	438.027
23.863	438.106
23.873	438.041
23.883	438.087
23.893	438.214
23.903	438.216
23.913	438.214
23.923	437.785
23.933	437.443
23.943	436.813
23.953	435.705
23.963	432.346
23.973	432.861
23.983	0.000
23.993	489.291
24.003	491.655
24.013	491.174
24.023	490.539
24.033	489.588
24.043	488.306
24.053	484.450
24.063	482.524
24.073	481.313
24.083	481.210
24.093	481.281
24.103	481.937
24.113	483.271
24.123	485.488
24.133	486.853
24.143	489.354
24.153	491.290
24.163	491.952
24.173	492.976
24.183	493.605
24.193	493.468
24.203	493.105
24.213	491.711
24.223	489.852
24.233	487.721
24.243	486.055
24.253	483.331
24.263	483.034
24.273	483.212
24.283	484.151
24.293	485.960
24.303	487.940
24.313	489.070
24.323	491.124
24.333	492.579
24.343	493.212
24.353	494.591
24.363	495.175
24.373	494.922
24.383	494.598
24.393	493.662
24.403	492.146
24.413	490.415
24.423	489.667
24.433	487.933
24.443	486.395
24.453	486.700
24.463	487.338
24.473	488.264
24.483	489.849
24.493	490.778
24.503	492.546
24.513	494.194
24.523	494.815
24.533	495.787
24.543	496.140
24.553	495.827
24.563	495.628
24.573	494.767
24.583	493.239
24.593	491.517
24.603	490.744
24.613	489.769
24.623	489.166
24.633	489.096
24.643	489.795
24.653	490.469
24.663	491.126
24.673	491.384
24.683	491.882
24.693	492.440
24.703	492.620
24.713	493.235
24.723	493.471
24.733	493.802
24.743	494.115
24.753	494.700
24.763	494.775
24.773	494.855
24.783	494.677
24.793	494.640
24.803	494.878
24.813	495.085
24.823	495.106
24.833	494.907
24.843	495.080
24.853	495.133
24.863	495.304
24.873	495.607
24.883	495.609
24.893	495.186
24.903	493.953
24.913	0.000
24.923	0.000
24.933	491.449
24.943	493.745
24.953	494.417
24.963	494.231
24.973	493.356
24.983	491.923
24.993	491.018
25.003	489.420
25.013	488.295
25.023	487.917
25.033	488.115
25.043	488.968
25.053	490.010
25.063	490.652
25.073	492.634
25.083	494.885
25.093	495.794
25.103	496.052
25.113	496.651
25.123	496.998
25.133	496.690
25.143	496.312
25.153	495.279
25.163	493.313
25.173	492.120
25.183	490.056
25.193	488.170
25.203	486.527
25.213	486.480
25.223	486.963
25.233	487.706
25.243	488.759
25.253	489.296
25.263	490.364
25.273	491.655
25.283	492.543
25.293	494.091
25.303	495.060
25.313	495.451
25.323	495.309
25.333	494.725
25.343	493.173
25.353	492.040
25.363	489.710
25.373	487.723
25.383	486.534
25.393	486.480
25.403	486.956
25.413	487.657
25.423	488.931
25.433	489.732
25.443	491.598
25.453	493.647
25.463	494.196
25.473	494.234
25.483	494.637
25.493	494.955
25.503	494.689
25.513	493.032
25.523	491.460
25.533	490.622
25.543	489.638
25.553	489.422
25.563	489.912
25.573	490.224
25.583	490.566
25.593	491.143
25.603	491.995
25.613	492.513
25.623	493.542
25.633	493.959
25.643	493.970
25.653	494.170
25.663	494.402
25.673	494.472
25.683	494.415
25.693	494.490
25.703	494.550
25.713	494.603
25.723	494.855
25.733	495.155
25.743	495.454
25.753	495.602
25.763	0.000
25.773	0.000
25.783	0.000
25.793	0.000
25.803	371.260
25.813	371.756
25.823	372.706
25.833	373.408
25.843	372.521
25.853	370.704
25.863	369.608
25.873	367.555
25.883	366.203
25.893	365.650
25.903	365.306
25.913	365.879
25.923	366.724
25.933	367.880
25.943	370.332
25.953	372.845
25.963	374.608
25.973	375.109
25.983	376.262
25.993	376.434
26.003	375.660
26.013	373.120
26.023	370.405
26.033	368.400
26.043	367.278
26.053	365.073
26.063	363.503
26.073	362.954
26.083	362.833
26.093	363.710
26.103	365.797
26.113	367.129
26.123	369.875
26.133	372.547
26.143	374.478
26.153	374.938
26.163	375.691
26.173	375.201
26.183	374.483
26.193	372.219
26.203	370.052
26.213	367.847
26.223	366.900
26.233	365.447
26.243	364.316
26.253	363.909
26.263	363.840
26.273	364.759
26.283	366.581
26.293	367.625
26.303	369.719
26.313	371.396
26.323	372.862
26.333	373.451
26.343	374.255
26.353	373.260
26.363	372.237
26.373	370.464
26.383	368.374
26.393	365.877
26.403	364.892
26.413	363.529
26.423	363.323
26.433	363.543
26.443	364.630
26.453	366.331
26.463	367.781
26.473	368.482
26.483	369.414
26.493	370.174
26.503	369.865
26.513	369.647
26.523	368.731
26.533	368.483
26.543	368.079
26.553	367.628
26.563	367.308
26.573	367.217
26.583	367.448
26.593	368.469
26.603	369.865
26.613	371.685
26.623	372.288
26.633	373.835
26.643	374.484
26.653	373.615
26.663	368.338
26.673	363.180
26.683	370.658
26.693	371.096
26.703	415.874
26.713	425.625
26.723	425.248
26.733	427.324
26.743	428.436
26.753	429.129
26.763	429.550
26.773	430.567
26.783	431.333
26.793	431.900
26.803	432.088
26.813	432.603
26.823	432.945
26.833	433.038
26.843	433.111
26.853	433.111
26.863	432.704
26.873	432.598
26.883	432.352
26.893	432.492
26.903	432.421
26.913	432.510
26.923	432.847
26.933	432.569
26.943	432.241
26.953	430.752
26.963	428.123
26.973	425.110
26.983	423.160
26.993	417.897
27.003	373.216
27.013	369.139
27.023	368.645
27.033	369.574
27.043	370.353
27.053	370.489
27.063	370.281
27.073	369.999
27.083	370.167
27.093	369.987
27.103	369.970
27.113	369.739
27.123	369.518
27.133	369.395
27.143	369.699
27.153	370.336
27.163	370.891
27.173	371.153
27.183	371.327
27.193	371.361
27.203	371.059
27.213	370.727
27.223	369.145
27.233	368.112
27.243	364.333
27.253	360.997
27.263	359.299
27.273	362.460
27.283	0.000
27.293	327.494
27.303	329.383
27.313	329.100
27.323	329.185
27.333	328.995
27.343	328.677
27.353	328.923
27.363	329.206
27.373	329.143
27.383	329.137
27.393	329.262
27.403	329.453
27.413	329.080
27.423	329.401
27.433	329.641
27.443	329.449
27.453	329.331
27.463	329.597
27.473	329.545
27.483	329.267
27.493	329.558
27.503	329.654
27.513	329.583
27.523	329.721
27.533	329.957
27.543	329.844
27.553	329.582
27.563	329.432
27.573	330.107
27.583	334.452
27.593	335.095
27.603	0.000
27.613	0.000
27.623	0.000
27.633	247.561
27.643	246.848
27.653	245.390
27.663	244.462
27.673	242.712
27.683	240.822
27.693	240.170
27.703	239.918
27.713	239.792
27.723	240.190
27.733	240.291
27.743	241.972
27.753	244.412
27.763	246.111
27.773	246.907
27.783	248.454
27.793	249.067
27.803	248.897
27.813	248.558
27.823	247.684
27.833	246.364
27.843	245.710
27.853	244.494
27.863	243.307
27.873	242.536
27.883	242.219
27.893	242.119
27.903	242.432
27.913	242.859
27.923	244.039
27.933	245.636
27.943	246.925
27.953	247.306
27.963	248.600
27.973	249.413
27.983	249.488
27.993	249.288
28.003	248.600
28.013	247.482
28.023	246.833
28.033	245.431
28.043	243.924
28.053	242.446
28.063	241.738
28.073	241.247
28.083	241.523
28.093	241.620
28.103	242.325
28.113	243.766
28.123	245.436
28.133	246.302
28.143	247.531
28.153	248.787
28.163	249.229
28.173	249.150
28.183	248.740
28.193	247.670
28.203	246.815
28.213	245.431
28.223	244.193
28.233	243.263
28.243	242.897
28.253	242.347
28.263	242.466
28.273	242.794
28.283	243.561
28.293	244.781
28.303	245.747
28.313	245.889
28.323	246.427
28.333	246.431
28.343	246.322
28.353	246.409
28.363	245.814
28.373	244.578
28.383	243.938
28.393	242.395
28.403	233.334
28.413	0.000
28.423	0.000
28.433	0.000
28.443	0.000
28.453	0.000
28.463	0.000
28.473	215.767
28.483	216.238
28.493	216.655
28.503	217.048
28.513	217.410
28.523	217.634
28.533	217.606
28.543	217.436
28.553	217.517
28.563	217.576
28.573	217.924
28.583	218.813
28.593	218.998
28.603	218.692
28.613	218.886
28.623	218.773
28.633	218.287
28.643	219.562
28.653	219.862
28.663	220.202
28.673	219.342
28.683	220.246
28.693	218.645
28.703	217.973
28.713	217.388
28.723	222.771
28.733	0.000
28.743	0.000
28.753	0.000
28.763	214.101
28.773	214.560
28.783	214.827
28.793	215.278
28.803	215.441
28.813	215.679
28.823	216.230
28.833	216.484
28.843	216.499
28.853	216.227
28.863	215.426
28.873	215.325
28.883	214.794
28.893	214.945
28.903	0.000
28.913	0.000
28.923	0.000
28.933	217.567
28.943	217.230
28.953	217.864
28.963	218.250
28.973	218.688
28.983	218.980
28.993	219.016
29.003	218.401
29.013	217.670
29.023	217.609
29.033	216.877
29.043	0.000
29.053	0.000
29.063	0.000
29.073	218.381
29.083	218.166
29.093	218.056
29.103	218.136
29.113	218.293
29.123	218.369
29.133	218.076
29.143	217.763
29.153	217.252
29.163	217.179
29.173	217.986
29.183	218.218
29.193	218.632
29.203	218.834
29.213	219.184
29.223	219.516
29.233	219.617
29.243	219.644
29.253	219.623
29.263	219.412
29.273	219.281
29.283	219.002
29.293	219.029
29.303	0.000
29.313	0.000
29.323	0.000
29.333	0.000
29.343	217.312
29.353	217.642
29.363	217.827
29.373	218.547
29.383	219.210
29.393	219.529
29.403	219.853
29.413	220.078
29.423	220.165
29.433	220.181
29.443	220.128
29.453	220.066
29.463	219.843
29.473	219.573
29.483	219.534
29.493	219.573
29.503	219.420
29.513	219.372
29.523	219.549
29.533	219.747
29.543	219.270
29.553	219.146
29.563	219.235
29.573	218.560
29.583	219.233
29.593	221.125
29.603	219.580
29.613	219.685
29.623	223.273
29.633	229.524
29.643	0.000
29.653	0.000
29.663	220.563
29.673	223.018
29.683	218.005
29.693	217.751
29.703	216.878
29.713	215.138
29.723	215.044
29.733	214.900
29.743	213.482
29.753	211.564
29.763	0.000
29.773	0.000
29.783	217.923
29.793	218.182
29.803	218.703
29.813	218.831
29.823	218.818
29.833	218.996
29.843	219.196
29.853	219.062
29.863	218.998
29.873	218.316
29.883	217.037
29.893	0.000
29.903	0.000
29.913	0.000
29.923	216.684
29.933	217.866
29.943	218.742
29.953	219.056
29.963	218.803
29.973	218.594
29.983	218.122
29.993	217.458
30.003	216.785
30.013	215.766
30.023	215.211
30.033	216.144
30.043	216.538
30.053	217.548
30.063	218.640
30.073	219.146
30.083	219.269
30.093	219.776
30.103	220.125
30.113	220.171
30.123	220.091
30.133	219.820
30.143	219.665
30.153	219.825
30.163	221.259
30.173	0.000
30.183	0.000
30.193	0.000
30.203	216.863
30.213	218.014
30.223	218.087
30.233	218.106
30.243	218.462
30.253	218.365
30.263	218.116
30.273	217.519
30.283	217.225
30.293	217.086
30.303	218.084
30.313	219.180
30.323	219.343
30.333	219.640
30.343	219.470
30.353	219.349
30.363	219.442
30.373	219.617
30.383	219.510
30.393	219.327
30.403	219.125
30.413	219.336
30.423	218.407
30.433	218.746
30.443	218.523
30.453	219.585
30.463	221.215
30.473	0.000
30.483	0.000
30.493	0.000
30.503	0.000
30.513	213.076
30.523	215.081
30.533	215.302
30.543	215.278
30.553	215.286
30.563	216.049
30.573	216.076
30.583	215.536
30.593	215.801
30.603	215.792
30.613	215.896
30.623	0.000
30.633	0.000
30.643	0.000
30.653	215.026
30.663	215.402
30.673	215.274
30.683	215.927
30.693	215.532
30.703	215.836
30.713	214.907
30.723	214.692
30.733	214.258
30.743	0.000
30.753	0.000
30.763	0.000
30.773	212.648
30.783	216.640
30.793	217.649
30.803	218.127
30.813	218.628
30.823	218.482
30.833	218.443
30.843	218.291
30.853	218.068
30.863	217.660
30.873	217.341
30.883	216.242
30.893	216.481
30.903	217.990
30.913	218.597
30.923	218.521
30.933	218.929
30.943	219.066
30.953	219.315
30.963	219.448
30.973	219.496
30.983	219.523
30.993	219.501
31.003	219.292
31.013	219.184
31.023	218.740
31.033	217.736
31.043	0.000
31.053	0.000
31.063	0.000
31.073	0.000
31.083	218.494
31.093	218.734
31.103	219.333
31.113	219.257
31.123	219.107
31.133	219.051
31.143	218.906
31.153	218.951
31.163	219.038
31.173	219.479
31.183	218.634
31.193	218.279
31.203	218.748
31.213	219.040
31.223	219.426
31.233	219.257
31.243	219.350
31.253	219.270
31.263	218.839
31.273	218.414
31.283	218.791
31.293	218.658
31.303	218.288
31.313	219.762
31.323	223.450
31.333	0.000
31.343	0.000
31.353	0.000
31.363	214.250
31.373	214.221
31.383	214.270
31.393	213.929
31.403	214.881
31.413	215.350
31.423	215.682
31.433	215.467
31.443	215.112
31.453	215.277
31.463	215.311
31.473	215.038
31.483	0.000
31.493	0.000
31.503	219.266
31.513	219.278
31.523	219.396
31.533	219.238
31.543	219.129
31.553	219.224
31.563	218.568
31.573	217.637
31.583	216.666
31.593	215.677
31.603	214.693
31.613	215.380
31.623	216.295
31.633	216.992
31.643	218.043
31.653	218.349
31.663	218.288
31.673	218.278
31.683	218.139
31.693	218.045
31.703	217.948
31.713	217.650
31.723	217.249
31.733	216.471
31.743	215.926
31.753	215.142
31.763	214.298
31.773	216.163
31.783	216.298
31.793	216.918
31.803	217.905
31.813	218.031
31.823	218.730
31.833	218.839
31.843	218.867
31.853	218.623
31.863	218.942
31.873	218.961
31.883	218.840
31.893	0.000
31.903	0.000
31.913	0.000
31.923	0.000
31.933	0.000
31.943	368.556
31.953	368.391
31.963	368.683
31.973	368.890
31.983	368.295
31.993	367.862
32.003	367.235
32.013	366.467
32.023	366.360
32.033	366.183
32.043	366.142
32.053	365.926
32.063	366.011
32.073	366.573
32.083	367.964
32.093	370.389
32.103	371.119
32.113	373.323
32.123	372.830
32.133	373.562
32.143	372.825
32.153	372.435
32.163	373.044
32.173	374.594
32.183	378.372
32.193	371.516
32.203	362.202
32.213	351.494
32.223	357.230
32.233	371.122
32.243	373.299
32.253	375.361
32.263	376.437
32.273	375.497
32.283	374.724
32.293	372.730
32.303	369.642
32.313	368.463
32.323	366.434
32.333	364.560
32.343	363.159
32.353	362.646
32.363	362.329
32.373	363.300
32.383	364.075
32.393	366.254
32.403	369.186
32.413	372.213
32.423	373.549
32.433	374.971
32.443	374.929
32.453	374.015
32.463	373.135
32.473	370.548
32.483	368.353
32.493	367.387
32.503	365.595
32.513	363.832
32.523	363.105
32.533	363.330
32.543	364.143
32.553	365.329
32.563	366.477
32.573	368.648
32.583	370.847
32.593	372.392
32.603	372.965
32.613	373.512
32.623	372.931
32.633	371.896
32.643	371.280
32.653	371.124
32.663	371.113
32.673	370.935
32.683	370.841
32.693	370.365
32.703	369.842
32.713	369.505
32.723	368.102
32.733	365.987
32.743	365.664
32.753	365.786
32.763	0.000
32.773	0.000
32.783	0.000
32.793	0.000
32.803	0.000
32.813	0.000
32.823	0.000
32.833	0.000
32.843	0.000
32.853	0.000
32.863	0.000
32.873	0.000
32.883	272.816
32.893	273.467
32.903	274.462
32.913	274.963
32.923	274.126
32.933	273.356
32.943	272.539
32.953	272.067
32.963	272.515
32.973	273.381
32.983	274.241
32.993	274.483
33.003	274.094
33.013	272.937
33.023	272.417
33.033	273.309
33.043	276.580
33.053	277.746
33.063	274.275
33.073	273.083
33.083	271.830
33.093	274.524
33.103	0.000
33.113	0.000
33.123	0.000
33.133	0.000
33.143	0.000
33.153	0.000
33.163	0.000
33.173	275.644
33.183	274.987
33.193	273.179
33.203	271.886
33.213	271.609
33.223	270.716
33.233	270.167
33.243	269.506
33.253	269.449
33.263	269.828
33.273	271.245
33.283	272.292
33.293	272.957
33.303	273.911
33.313	275.461
33.323	275.711
33.333	276.194
33.343	275.441
33.353	274.566
33.363	274.064
33.373	272.972
33.383	271.564
33.393	271.032
33.403	270.027
33.413	269.362
33.423	269.217
33.433	269.731
33.443	270.986
33.453	272.343
33.463	273.855
33.473	274.604
33.483	276.160
33.493	276.904
33.503	277.295
33.513	277.399
33.523	277.052
33.533	275.965
33.543	275.173
33.553	273.763
33.563	272.282
33.573	272.553
33.583	272.176
33.593	272.017
33.603	270.925
33.613	270.726
33.623	270.630
33.633	272.413
33.643	275.143
33.653	278.081
33.663	0.000
33.673	0.000
33.683	0.000
33.693	0.000
33.703	0.000
33.713	0.000
33.723	0.000
33.733	0.000
33.743	0.000
33.753	0.000
33.763	0.000
33.773	0.000
33.783	0.000
33.793	266.298
33.803	270.801
33.813	272.487
33.823	273.256
33.833	273.115
33.843	272.006
33.853	271.045
33.863	270.863
33.873	270.898
33.883	271.998
33.893	274.220
33.903	275.247
33.913	273.958
33.923	272.057
33.933	271.434
33.943	271.064
33.953	274.327
33.963	287.684
33.973	289.007
33.983	273.289
33.993	269.880
34.003	271.460
34.013	269.451
34.023	0.000
34.033	0.000
34.043	0.000
34.053	0.000
34.063	0.000
34.073	0.000
34.083	274.238
34.093	275.006
34.103	274.479
34.113	273.440
34.123	271.596
34.133	270.273
34.143	269.471
34.153	269.239
34.163	269.388
34.173	270.773
34.183	272.576
34.193	273.286
34.203	274.556
34.213	275.551
34.223	276.183
34.233	277.409
34.243	278.231
34.253	277.324
34.263	276.295
34.273	274.434
34.283	273.250
34.293	272.519
34.303	271.900
34.313	271.177
34.323	270.496
34.333	270.100
34.343	270.100
34.353	270.671
34.363	271.908
34.373	273.016
34.383	275.270
34.393	276.125
34.403	275.851
34.413	275.063
34.423	274.775
34.433	275.385
34.443	276.207
34.453	275.441
34.463	274.332
34.473	272.499
34.483	271.710
34.493	271.041
34.503	274.918
34.513	279.153
34.523	281.221
34.533	275.515
34.543	0.000
34.553	0.000
34.563	0.000
34.573	0.000
34.583	0.000
34.593	0.000
34.603	0.000
34.613	0.000
34.623	0.000
34.633	0.000
34.643	346.597
34.653	353.557
34.663	355.426
34.673	357.377
34.683	363.958
34.693	366.035
34.703	367.337
34.713	367.246
34.723	367.047
34.733	366.831
34.743	367.603
34.753	367.885
34.763	368.020
34.773	367.730
34.783	367.124
34.793	367.617
34.803	368.331
34.813	369.067
34.823	371.051
34.833	371.510
34.843	370.937
34.853	372.839
34.863	369.529
34.873	373.844
34.883	370.421
34.893	0.000
34.903	0.000
34.913	0.000
34.923	0.000
34.933	361.918
34.943	360.742
34.953	362.469
34.963	359.977
34.973	359.089
34.983	359.584
34.993	359.522
35.003	360.223
35.013	360.443
35.023	360.893
35.033	362.505
35.043	364.340
35.053	365.235
35.063	367.353
35.073	369.264
35.083	370.137
35.093	370.216
35.103	369.023
35.113	367.606
35.123	366.750
35.133	365.026
35.143	363.638
35.153	362.573
35.163	361.937
35.173	360.916
35.183	360.817
35.193	361.379
35.203	361.564
35.213	362.899
35.223	364.550
35.233	365.220
35.243	367.157
35.253	368.851
35.263	370.226
35.273	370.678
35.283	370.227
35.293	368.814
35.303	368.020
35.313	366.339
35.323	365.274
35.333	364.797
35.343	364.950
35.353	365.704
35.363	366.272
35.373	366.833
35.383	367.053
35.393	367.971
35.403	369.619
35.413	370.964
35.423	369.113
35.433	362.872
35.443	0.000
35.453	0.000
35.463	0.000
35.473	0.000
35.483	0.000
35.493	0.000
35.503	0.000
35.513	0.000
35.523	0.000
35.533	0.000
35.543	362.107
35.553	363.023
35.563	365.802
35.573	368.391
35.583	369.862
35.593	370.233
35.603	370.377
35.613	369.673
35.623	367.934
35.633	367.199
35.643	365.804
35.653	364.939
35.663	364.011
35.673	363.563
35.683	362.960
35.693	363.248
35.703	363.739
35.713	365.146
35.723	367.697
35.733	370.246
35.743	370.128
35.753	371.703
35.763	373.066
35.773	376.158
35.783	377.957
35.793	0.000
35.803	0.000
35.813	0.000
35.823	0.000
35.833	0.000
35.843	360.808
35.853	352.995
35.863	360.799
35.873	367.015
35.883	367.549
35.893	368.555
35.903	368.450
35.913	367.632
35.923	367.406
35.933	366.129
35.943	364.904
35.953	364.717
35.963	364.181
35.973	364.125
35.983	364.635
35.993	365.023
36.003	366.328
36.013	367.852
36.023	369.153
36.033	369.833
36.043	370.834
36.053	371.442
36.063	371.908
36.073	371.044
36.083	369.138
36.093	367.446
36.103	366.503
36.113	365.182
36.123	364.100
36.133	363.363
36.143	363.148
36.153	363.639
36.163	364.286
36.173	365.028
36.183	366.417
36.193	368.017
36.203	368.798
36.213	369.113
36.223	369.641
36.233	369.819
36.243	369.768
36.253	369.562
36.263	369.057
36.273	369.142
36.283	369.059
36.293	368.663
36.303	369.044
36.313	368.720
36.323	370.162
36.333	375.847
36.343	0.000
36.353	0.000
36.363	0.000
36.373	0.000
36.383	0.000
36.393	0.000
36.403	0.000
36.413	0.000
36.423	0.000
36.433	0.000
36.443	0.000
36.453	0.000
36.463	0.000
36.473	0.000
36.483	273.866
36.493	274.195
36.503	273.873
36.513	273.393
36.523	273.457
36.533	273.416
36.543	272.163
36.553	271.334
36.563	270.255
36.573	270.816
36.583	271.710
36.593	276.681
36.603	277.757
36.613	273.841
36.623	269.969
36.633	268.892
36.643	268.300
36.653	269.117
36.663	279.120
36.673	276.314
36.683	267.393
36.693	263.711
36.703	262.589
36.713	259.601
36.723	0.000
36.733	0.000
36.743	0.000
36.753	0.000
36.763	273.821
36.773	273.488
36.783	273.489
36.793	272.211
36.803	270.997
36.813	269.846
36.823	269.146
36.833	268.539
36.843	269.154
36.853	270.528
36.863	271.111
36.873	272.515
36.883	273.348
36.893	273.796
36.903	274.834
36.913	276.158
36.923	277.159
36.933	277.048
36.943	275.853
36.953	274.240
36.963	273.847
36.973	272.813
36.983	271.869
36.993	271.090
37.003	270.745
37.013	270.204
37.023	270.385
37.033	271.335
37.043	271.803
37.053	273.106
37.063	274.482
37.073	275.411
37.083	276.640
37.093	277.110
37.103	277.305
37.113	277.261
37.123	277.574
37.133	276.732
37.143	276.106
37.153	274.508
37.163	273.557
37.173	274.037
37.183	274.632
37.193	277.345
37.203	278.213
37.213	276.625
37.223	0.000
37.233	0.000
37.243	0.000
37.253	0.000
37.263	0.000
37.273	0.000
37.283	0.000
37.293	0.000
37.303	0.000
37.313	0.000
37.323	0.000
37.333	0.000
37.343	0.000
37.353	0.000
37.363	0.000
37.373	0.000
37.383	0.000
37.393	274.333
37.403	274.218
37.413	274.548
37.423	274.859
37.433	275.070
37.443	275.322
37.453	275.507
37.463	275.564
37.473	275.443
37.483	274.985
37.493	274.793
37.503	275.874
37.513	278.682
37.523	276.352
37.533	275.451
37.543	273.367
37.553	272.726
37.563	0.000
37.573	0.000
37.583	0.000
37.593	0.000
37.603	0.000
37.613	0.000
37.623	0.000
37.633	0.000
37.643	0.000
37.653	0.000
37.663	0.000
37.673	0.000
37.683	0.000
37.693	0.000
37.703	273.782
37.713	273.043
37.723	272.716
37.733	271.933
37.743	271.397
37.753	271.188
37.763	271.270
37.773	271.630
37.783	272.175
37.793	272.415
37.803	272.949
37.813	273.786
37.823	275.377
37.833	276.237
37.843	277.136
37.853	276.888
37.863	276.789
37.873	276.170
37.883	274.885
37.893	273.774
37.903	273.208
37.913	272.143
37.923	271.081
37.933	270.454
37.943	270.560
37.953	271.237
37.963	272.204
37.973	272.735
37.983	273.840
37.993	274.735
38.003	275.292
38.013	275.131
38.023	275.229
38.033	275.857
38.043	275.143
38.053	274.990
38.063	275.145
38.073	274.998
38.083	274.455
38.093	275.734
38.103	279.290
38.113	281.949
38.123	0.000
38.133	0.000
38.143	0.000
38.153	0.000
38.163	0.000
38.173	0.000
38.183	0.000
38.193	0.000
38.203	0.000
38.213	0.000
38.223	0.000
38.233	0.000
38.243	0.000
38.253	0.000
38.263	0.000
38.273	0.000
38.283	364.663
38.293	366.040
38.303	366.752
38.313	366.803
38.323	367.270
38.333	367.802
38.343	368.063
38.353	367.908
38.363	368.124
38.373	368.019
38.383	368.522
38.393	369.860
38.403	370.343
38.413	369.977
38.423	369.955
38.433	365.659
38.443	0.000
38.453	0.000
38.463	0.000
38.473	0.000
38.483	0.000
38.493	0.000
38.503	0.000
38.513	0.000
38.523	358.517
38.533	360.431
38.543	363.848
38.553	364.703
38.563	365.540
38.573	365.343
38.583	364.422
38.593	363.763
38.603	362.949
38.613	362.312
38.623	362.146
38.633	362.563
38.643	363.416
38.653	364.880
38.663	365.775
38.673	367.559
38.683	369.620
38.693	370.818
38.703	371.947
38.713	371.909
38.723	370.773
38.733	369.700
38.743	367.836
38.753	365.684
38.763	363.835
38.773	363.370
38.783	362.450
38.793	362.235
38.803	362.742
38.813	363.640
38.823	364.858
38.833	366.888
38.843	367.512
38.853	369.424
38.863	370.852
38.873	371.109
38.883	371.166
38.893	370.172
38.903	369.000
38.913	368.559
38.923	367.173
38.933	366.074
38.943	364.954
38.953	364.091
38.963	363.919
38.973	363.959
38.983	364.843
38.993	0.000
39.003	0.000
39.013	0.000
39.023	0.000
39.033	0.000
39.043	0.000
39.053	0.000
39.063	0.000
39.073	0.000
39.083	0.000
39.093	0.000
39.103	0.000
39.113	0.000
39.123	0.000
39.133	0.000
39.143	0.000
39.153	0.000
39.163	0.000
39.173	0.000
39.183	213.872
39.193	215.607
39.203	215.722
39.213	217.822
39.223	219.366
39.233	219.474
39.243	219.742
39.253	219.369
39.263	219.008
39.273	219.367
39.283	220.135
39.293	220.483
39.303	220.273
39.313	219.944
39.323	220.056
39.333	220.767
39.343	219.607
39.353	220.127
39.363	220.785
39.373	220.397
39.383	220.240
39.393	223.317
39.403	0.000
39.413	0.000
39.423	0.000
39.433	0.000
39.443	0.000
39.453	0.000
39.463	0.000
39.473	0.000
39.483	213.810
39.493	213.903
39.503	214.112
39.513	214.271
39.523	214.566
39.533	215.424
39.543	216.460
39.553	217.395
39.563	217.663
39.573	218.231
39.583	219.233
39.593	219.136
39.603	218.960
39.613	218.848
39.623	218.291
39.633	217.758
39.643	216.838
39.653	216.543
39.663	216.518
39.673	216.637
39.683	216.817
39.693	217.297
39.703	217.708
39.713	218.532
39.723	219.375
39.733	219.666
39.743	219.914
39.753	220.154
39.763	220.075
39.773	220.131
39.783	220.200
39.793	220.214
39.803	219.335
39.813	219.117
39.823	217.097
39.833	216.178
39.843	217.643
39.853	218.193
39.863	217.407
39.873	218.441
39.883	0.000
39.893	0.000
39.903	0.000
39.913	0.000
39.923	0.000
39.933	0.000
39.943	0.000
39.953	0.000
39.963	0.000
39.973	0.000
39.983	0.000
39.993	0.000
40.003	0.000
40.013	342.634
40.023	344.901
40.033	345.661
40.043	333.502
40.053	332.384
40.063	331.230
40.073	330.846
40.083	329.937
40.093	328.706
40.103	328.151
40.113	328.486
40.123	328.456
40.133	328.385
40.143	328.340
40.153	328.367
40.163	328.174
40.173	328.035
40.183	328.751
40.193	328.989
40.203	329.379
40.213	329.077
40.223	329.135
40.233	329.953
40.243	329.344
40.253	330.032
40.263	330.897
40.273	333.092
40.283	335.312
40.293	343.848
40.303	341.982
40.313	340.112
40.323	340.333
40.333	340.454
40.343	340.210
40.353	336.168
40.363	324.495
40.373	324.039
40.383	324.463
40.393	324.499
40.403	325.194
40.413	326.425
40.423	326.865
40.433	327.954
40.443	329.891
40.453	331.314
40.463	331.463
40.473	331.826
40.483	332.059
40.493	331.884
40.503	330.965
40.513	329.679
40.523	327.725
40.533	326.370
40.543	324.293
40.553	323.856
40.563	323.958
40.573	324.069
40.583	325.156
40.593	326.448
40.603	327.884
40.613	329.137
40.623	330.820
40.633	331.504
40.643	331.882
40.653	331.957
40.663	331.425
40.673	330.520
40.683	330.092
40.693	329.143
40.703	328.507
40.713	328.624
40.723	328.467
40.733	328.194
40.743	328.121
40.753	328.554
40.763	328.699
40.773	328.298
40.783	328.668
40.793	329.331
40.803	328.658
40.813	327.970
40.823	329.840
40.833	330.149
40.843	328.671
40.853	328.508
40.863	329.109
40.873	330.631
40.883	0.000
40.893	0.000
40.903	0.000
40.913	0.000
40.923	0.000
40.933	0.000
40.943	0.000
40.953	0.000
40.963	0.000
40.973	0.000
40.983	0.000
40.993	0.000
41.003	244.312
41.013	244.946
41.023	245.524
41.033	245.993
41.043	246.092
41.053	246.449
41.063	246.817
41.073	247.021
41.083	247.365
41.093	247.418
41.103	247.109
41.113	247.430
41.123	247.491
41.133	247.335
41.143	247.199
41.153	247.596
41.163	247.699
41.173	248.648
41.183	248.907
41.193	248.986
41.203	250.671
41.213	0.000
41.223	0.000
41.233	0.000
41.243	0.000
41.253	0.000
41.263	0.000
41.273	0.000
41.283	0.000
41.293	0.000
41.303	242.065
41.313	241.735
41.323	241.874
41.333	242.497
41.343	243.441
41.353	245.178
41.363	246.005
41.373	247.600
41.383	248.596
41.393	249.104
41.403	249.196
41.413	248.841
41.423	248.059
41.433	247.561
41.443	246.345
41.453	244.818
41.463	243.660
41.473	243.206
41.483	242.952
41.493	242.928
41.503	243.316
41.513	243.906
41.523	244.661
41.533	245.471
41.543	246.183
41.553	247.192
41.563	247.482
41.573	247.973
41.583	247.764
41.593	248.356
41.603	248.492
41.613	249.228
41.623	249.392
41.633	249.010
41.643	0.000
41.653	0.000
41.663	0.000
41.673	0.000
41.683	0.000
41.693	0.000
41.703	0.000
41.713	0.000
41.723	0.000
41.733	0.000
41.743	0.000
41.753	0.000
41.763	0.000
41.773	0.000
41.783	0.000
41.793	0.000
41.803	0.000
41.813	0.000
41.823	357.628
41.833	363.299
41.843	363.419
41.853	365.367
41.863	365.877
41.873	365.949
41.883	366.247
41.893	365.772
41.903	365.515
41.913	365.457
41.923	365.219
41.933	365.079
41.943	365.369
41.953	365.178
41.963	365.249
41.973	366.329
41.983	366.190
41.993	368.042
42.003	370.345
42.013	369.507
42.023	371.896
42.033	370.498
42.043	371.083
42.053	370.044
42.063	0.000
42.073	0.000
42.083	0.000
42.093	0.000
42.103	0.000
42.113	0.000
42.123	0.000
42.133	355.198
42.143	358.427
42.153	357.229
42.163	358.782
42.173	359.117
42.183	360.686
42.193	361.261
42.203	361.093
42.213	360.389
42.223	360.785
42.233	361.460
42.243	361.931
42.253	362.687
42.263	363.731
42.273	365.646
42.283	368.040
42.293	370.129
42.303	370.559
42.313	371.425
42.323	371.874
42.333	371.566
42.343	371.024
42.353	368.932
42.363	366.695
42.373	365.985
42.383	364.475
42.393	363.210
42.403	362.308
42.413	362.175
42.423	363.437
42.433	364.243
42.443	365.025
42.453	367.617
42.463	370.304
42.473	371.454
42.483	372.713
42.493	373.553
42.503	373.623
42.513	372.810
42.523	372.561
42.533	373.070
42.543	373.602
42.553	373.478
42.563	370.737
42.573	369.548
42.583	371.696
42.593	371.209
42.603	372.444
42.613	368.562
42.623	367.660
42.633	374.410
42.643	370.792
42.653	0.000
42.663	0.000
42.673	0.000
42.683	0.000
42.693	0.000
42.703	0.000
42.713	0.000
42.723	0.000
42.733	0.000
42.743	373.056
42.753	358.092
42.763	362.811
42.773	364.220
42.783	369.134
42.793	369.698
42.803	368.791
42.813	368.707
42.823	368.675
42.833	368.317
42.843	368.326
42.853	368.282
42.863	368.254
42.873	367.612
42.883	367.239
42.893	367.074
42.903	368.215
42.913	369.103
42.923	370.647
42.933	370.795
42.943	369.828
42.953	369.825
42.963	370.274
42.973	371.748
42.983	371.555
42.993	374.018
43.003	373.615
43.013	375.426
43.023	0.000
43.033	0.000
43.043	361.718
43.053	366.400
43.063	363.952
43.073	360.767
43.083	348.513
43.093	348.704
43.103	364.772
43.113	366.204
43.123	365.691
43.133	365.879
43.143	364.507
43.153	363.290
43.163	362.438
43.173	362.030
43.183	362.161
43.193	362.615
43.203	362.829
43.213	363.602
43.223	365.351
43.233	367.691
43.243	368.838
43.253	370.883
43.263	372.327
43.273	372.243
43.283	371.829
43.293	370.778
43.303	369.215
43.313	368.183
43.323	366.093
43.333	364.367
43.343	362.550
43.353	361.615
43.363	360.751
43.373	360.857
43.383	360.892
43.393	362.277
43.403	364.500
43.413	366.874
43.423	368.265
43.433	369.865
43.443	371.155
43.453	371.622
43.463	371.503
43.473	371.304
43.483	371.173
43.493	371.164
43.503	370.753
43.513	369.833
43.523	368.347
43.533	367.567
43.543	364.749
43.553	366.432
43.563	365.616
43.573	0.000
43.583	0.000
43.593	0.000
43.603	0.000
43.613	0.000
43.623	0.000
43.633	0.000
43.643	0.000
43.653	348.940
43.663	350.434
43.673	343.347
43.683	331.814
43.693	328.368
43.703	326.948
43.713	327.407
43.723	327.390
43.733	326.624
43.743	326.421
43.753	326.561
43.763	326.299
43.773	325.960
43.783	326.170
43.793	326.286
43.803	326.278
43.813	326.823
43.823	327.071
43.833	326.780
43.843	327.195
43.853	327.669
43.863	327.812
43.873	327.074
43.883	327.360
43.893	327.058
43.903	326.944
43.913	329.472
43.923	329.540
43.933	331.378
43.943	333.905
43.953	341.230
43.963	341.989
43.973	345.772
43.983	321.723
43.993	324.080
44.003	326.564
44.013	326.842
44.023	327.018
44.033	327.207
44.043	327.539
44.053	327.435
44.063	327.015
44.073	326.726
44.083	326.488
44.093	326.865
44.103	326.578
44.113	327.068
44.123	327.194
44.133	326.873
44.143	327.194
44.153	327.587
44.163	327.261
44.173	328.613
44.183	329.978
44.193	334.715
44.203	343.479
44.213	345.297
44.223	350.481
44.233	369.199
44.243	340.875
44.253	340.998
44.263	345.932
44.273	326.717
44.283	329.712
44.293	329.657
44.303	328.479
44.313	328.008
44.323	328.068
44.333	328.234
44.343	327.868
44.353	327.984
44.363	327.798
44.373	327.361
44.383	327.692
44.393	327.658
44.403	328.185
44.413	328.304
44.423	328.775
44.433	328.732
44.443	328.629
44.453	328.934
44.463	330.661
44.473	342.547
44.483	356.028
44.493	369.701
44.503	372.531
44.513	347.047
44.523	347.725
44.533	354.082
44.543	354.378
44.553	358.320
44.563	367.744
44.573	369.620
44.583	370.674
44.593	370.614
44.603	369.648
44.613	369.190
44.623	368.628
44.633	369.697
44.643	370.584
44.653	371.644
44.663	372.182
44.673	372.776
44.683	372.795
44.693	373.548
44.703	374.402
44.713	372.809
44.723	376.079
44.733	375.987
44.743	0.000
44.753	0.000
44.763	0.000
44.773	0.000
44.783	0.000
44.793	0.000
44.803	0.000
44.813	0.000
44.823	0.000
44.833	0.000
44.843	0.000
44.853	360.671
44.863	361.714
44.873	366.757
44.883	368.763
44.893	370.158
44.903	370.407
44.913	370.485
44.923	369.641
44.933	368.972
44.943	367.238
44.953	365.007
44.963	361.541
44.973	359.908
44.983	354.029
44.993	361.826
45.003	364.416
45.013	368.258
45.023	369.635
45.033	370.460
45.043	370.050
45.053	369.882
45.063	369.629
45.073	368.887
45.083	368.441
45.093	366.040
45.103	364.974
45.113	367.457
45.123	367.205
45.133	368.184
45.143	368.630
45.153	368.982
45.163	369.734
45.173	370.173
45.183	370.266
45.193	370.038
45.203	369.505
45.213	368.969
45.223	368.299
45.233	366.593
45.243	365.716
45.253	359.050
45.263	355.629
45.273	359.949
45.283	365.018
45.293	366.105
45.303	368.695
45.313	369.799
45.323	370.316
45.333	370.640
45.343	370.751
45.353	370.690
45.363	370.371
45.373	368.624
45.383	365.665
45.393	356.435
45.403	353.354
45.413	364.100
45.423	367.586
45.433	369.329
45.443	369.504
45.453	369.847
45.463	369.226
45.473	369.127
45.483	368.632
45.493	368.543
45.503	368.401
45.513	368.438
45.523	368.654
45.533	369.584
45.543	370.090
45.553	371.468
45.563	372.437
45.573	371.676
45.583	371.764
45.593	372.850
45.603	372.768
45.613	373.742
45.623	373.203
45.633	375.223
45.643	0.000
45.653	0.000
45.663	0.000
45.673	0.000
45.683	0.000
45.693	0.000
45.703	0.000
45.713	0.000
45.723	0.000
45.733	0.000
45.743	0.000
45.753	0.000
45.763	0.000
45.773	0.000
45.783	0.000
45.793	0.000
45.803	361.871
45.813	361.391
45.823	361.968
45.833	362.801
45.843	363.864
45.853	364.945
45.863	365.630
45.873	366.605
45.883	366.719
45.893	363.186
45.903	360.597
45.913	360.742
45.923	364.478
45.933	368.808
45.943	368.638
45.953	368.284
45.963	368.672
45.973	368.707
45.983	368.613
45.993	368.603
46.003	368.594
46.013	368.625
46.023	368.354
46.033	366.799
46.043	363.939
46.053	362.045
46.063	361.781
46.073	358.516
46.083	361.736
46.093	364.172
46.103	365.943
46.113	367.675
46.123	368.301
46.133	369.112
46.143	368.942
46.153	368.871
46.163	368.079
46.173	367.006
46.183	364.962
46.193	364.199
46.203	367.291
46.213	364.732
46.223	366.603
46.233	367.403
46.243	368.912
46.253	369.339
46.263	369.463
46.273	369.166
46.283	369.007
46.293	368.909
46.303	369.008
46.313	369.588
46.323	369.235
46.333	369.410
46.343	368.833
46.353	366.069
46.363	362.905
46.373	363.741
46.383	358.527
46.393	344.023
46.403	0.000
46.413	0.000
46.423	0.000
46.433	243.247
46.443	244.307
46.453	245.045
46.463	245.641
46.473	245.982
46.483	245.389
46.493	244.763
46.503	244.407
46.513	244.891
46.523	244.615
46.533	246.077
46.543	246.710
46.553	245.503
46.563	244.639
46.573	243.838
46.583	244.747
46.593	244.848
46.603	246.167
46.613	246.232
46.623	247.031
46.633	247.444
46.643	248.361
46.653	0.000
46.663	0.000
46.673	0.000
46.683	0.000
46.693	0.000
46.703	0.000
46.713	0.000
46.723	243.512
46.733	244.340
46.743	244.923
46.753	245.129
46.763	244.946
46.773	244.823
46.783	243.795
46.793	242.898
46.803	242.748
46.813	243.198
46.823	242.524
46.833	243.440
46.843	243.534
46.853	244.701
46.863	244.852
46.873	244.938
46.883	244.998
46.893	244.982
46.903	244.982
46.913	244.887
46.923	244.798
46.933	244.510
46.943	244.177
46.953	244.146
46.963	243.798
46.973	0.000
46.983	0.000
46.993	0.000
47.003	0.000
47.013	243.557
47.023	244.507
47.033	244.434
47.043	244.628
47.053	244.744
47.063	244.487
47.073	243.993
47.083	243.509
47.093	245.828
47.103	245.240
47.113	242.720
47.123	242.719
47.133	243.086
47.143	243.296
47.153	243.770
47.163	243.848
47.173	243.832
47.183	243.578
47.193	243.278
47.203	243.065
47.213	242.476
47.223	241.959
47.233	0.000
47.243	0.000
47.253	0.000
47.263	243.294
47.273	244.358
47.283	244.417
47.293	244.803
47.303	244.582
47.313	244.541
47.323	244.255
47.333	244.224
47.343	244.379
47.353	244.290
47.363	244.132
47.373	243.470
47.383	243.291
47.393	243.044
47.403	243.740
47.413	244.373
47.423	243.674
47.433	242.833
47.443	243.269
47.453	243.185
47.463	243.435
47.473	244.297
47.483	244.365
47.493	244.380
47.503	242.599
47.513	244.417
47.523	0.000
47.533	0.000
47.543	0.000
47.553	0.000
47.563	0.000
47.573	239.263
47.583	243.455
47.593	244.908
47.603	246.002
47.613	246.086
47.623	245.966
47.633	245.111
47.643	245.390
47.653	245.247
47.663	244.024
47.673	0.000
47.683	0.000
47.693	244.731
47.703	243.498
47.713	243.942
47.723	243.941
47.733	244.139
47.743	244.050
47.753	244.199
47.763	244.180
47.773	244.234
47.783	244.635
47.793	0.000
47.803	247.261
47.813	245.224
47.823	245.167
47.833	244.826
47.843	244.772
47.853	245.045
47.863	245.677
47.873	246.156
47.883	246.206
47.893	246.292
47.903	246.391
47.913	246.119
47.923	245.965
47.933	246.809
47.943	246.072
47.953	0.000
47.963	0.000
47.973	0.000
47.983	0.000
47.993	0.000
48.003	0.000
48.013	0.000
48.023	0.000
48.033	0.000
48.043	355.915
48.053	356.014
48.063	356.807
48.073	359.706
48.083	366.302
48.093	353.754
48.103	363.143
48.113	364.271
48.123	363.830
48.133	364.619
48.143	365.560
48.153	366.057
48.163	365.954
48.173	364.509
48.183	363.466
48.193	362.452
48.203	361.877
48.213	361.685
48.223	361.660
48.233	362.354
48.243	363.713
48.253	364.455
48.263	366.311
48.273	368.693
48.283	370.284
48.293	371.008
48.303	370.838
48.313	369.988
48.323	369.645
48.333	369.259
48.343	370.149
48.353	368.748
48.363	368.779
48.373	368.541
48.383	367.643
48.393	369.667
48.403	368.317
48.413	368.492
48.423	370.394
48.433	367.839
48.443	0.000
48.453	0.000
48.463	0.000
48.473	0.000
48.483	0.000
48.493	0.000
48.503	0.000
48.513	0.000
48.523	0.000
48.533	0.000
48.543	0.000
48.553	0.000
48.563	0.000
48.573	0.000
48.583	0.000
48.593	0.000
48.603	0.000
48.613	0.000
48.623	0.000
48.633	0.000
48.643	0.000
48.653	0.000
48.663	0.000
48.673	0.000
48.683	0.000
48.693	0.000
48.703	0.000
48.713	0.000
48.723	0.000
48.733	0.000
48.743	0.000
48.753	0.000
48.763	0.000
48.773	0.000
48.783	0.000
48.793	0.000
48.803	0.000
48.813	0.000
48.823	0.000
48.833	0.000
48.843	0.000
48.853	0.000
48.863	0.000
48.873	0.000
48.883	0.000
48.893	0.000
48.903	0.000
48.913	0.000
48.923	0.000
48.933	0.000
48.943	0.000
48.953	0.000
48.963	0.000
48.973	0.000
48.983	0.000
48.993	0.000
49.003	0.000
49.013	0.000
49.023	0.000
49.033	0.000
49.043	0.000
49.053	0.000
49.063	0.000
49.073	0.000
49.083	0.000
49.093	0.000
49.103	0.000
49.113	0.000
49.123	0.000
49.133	0.000
49.143	0.000
49.153	0.000
49.163	0.000
49.173	0.000
49.183	0.000
49.193	0.000
49.203	0.000
49.213	0.000
49.223	0.000
49.233	0.000
49.243	0.000
49.253	0.000
49.263	0.000
49.273	0.000
49.283	0.000
49.293	0.000
49.303	0.000
49.313	0.000
49.323	0.000
49.333	0.000
49.343	0.000
49.353	0.000
49.363	0.000
49.373	0.000
49.383	0.000
49.393	0.000
49.403	0.000
49.413	0.000
49.423	0.000
49.433	0.000
49.443	0.000
49.453	0.000
49.463	0.000
49.473	0.000
49.483	0.000
49.493	0.000
49.503	0.000
49.513	0.000
49.523	0.000
49.533	0.000
49.543	0.000
49.553	0.000
49.563	0.000
49.573	0.000
49.583	0.000
49.593	0.000
49.603	0.000
49.613	0.000
49.623	0.000
49.633	0.000
49.643	0.000
49.653	0.000
49.663	0.000
49.673	0.000
49.683	0.000
49.693	0.000
49.703	0.000
49.713	0.000
49.723	0.000
49.733	0.000
49.743	0.000
49.753	0.000
49.763	0.000
49.773	0.000
49.783	0.000
49.793	0.000
49.803	0.000
