0.023	0.000
0.033	0.000
0.043	0.000
0.053	0.000
0.063	0.000
0.073	0.000
0.083	0.000
0.093	0.000
0.103	0.000
0.113	0.000
0.123	0.000
0.133	0.000
0.143	0.000
0.153	0.000
0.163	0.000
0.173	0.000
0.183	0.000
0.193	0.000
0.203	0.000
0.213	0.000
0.223	0.000
0.233	0.000
0.243	0.000
0.253	0.000
0.263	0.000
0.273	0.000
0.283	0.000
0.293	0.000
0.303	0.000
0.313	0.000
0.323	0.000
0.333	0.000
0.343	0.000
0.353	0.000
0.363	0.000
0.373	0.000
0.383	0.000
0.393	0.000
0.403	0.000
0.413	0.000
0.423	0.000
0.433	0.000
0.443	0.000
0.453	0.000
0.463	0.000
0.473	0.000
0.483	0.000
0.493	0.000
0.503	0.000
0.513	0.000
0.523	0.000
0.533	0.000
0.543	0.000
0.553	0.000
0.563	0.000
0.573	0.000
0.583	0.000
0.593	0.000
0.603	0.000
0.613	0.000
0.623	0.000
0.633	0.000
0.643	0.000
0.653	0.000
0.663	0.000
0.673	0.000
0.683	0.000
0.693	0.000
0.703	0.000
0.713	0.000
0.723	0.000
0.733	0.000
0.743	0.000
0.753	0.000
0.763	0.000
0.773	0.000
0.783	0.000
0.793	0.000
0.803	0.000
0.813	0.000
0.823	0.000
0.833	0.000
0.843	0.000
0.853	0.000
0.863	0.000
0.873	0.000
0.883	0.000
0.893	0.000
0.903	0.000
0.913	0.000
0.923	0.000
0.933	0.000
0.943	0.000
0.953	0.000
0.963	0.000
0.973	0.000
0.983	0.000
0.993	0.000
1.003	0.000
1.013	0.000
1.023	0.000
1.033	0.000
1.043	0.000
1.053	0.000
1.063	0.000
1.073	0.000
1.083	0.000
1.093	0.000
1.103	0.000
1.113	0.000
1.123	0.000
1.133	0.000
1.143	0.000
1.153	0.000
1.163	0.000
1.173	0.000
1.183	0.000
1.193	0.000
1.203	0.000
1.213	0.000
1.223	0.000
1.233	0.000
1.243	244.834
1.253	244.666
1.263	245.129
1.273	245.285
1.283	245.526
1.293	245.470
1.303	245.742
1.313	246.212
1.323	247.282
1.333	248.140
1.343	248.490
1.353	249.084
1.363	249.682
1.373	250.522
1.383	251.020
1.393	251.896
1.403	252.140
1.413	251.725
1.423	251.276
1.433	251.272
1.443	251.500
1.453	251.392
1.463	250.636
1.473	251.668
1.483	251.969
1.493	251.677
1.503	252.754
1.513	250.232
1.523	249.220
1.533	246.323
1.543	245.311
1.553	245.922
1.563	246.994
1.573	247.995
1.583	248.584
1.593	248.662
1.603	248.667
1.613	248.654
1.623	248.664
1.633	248.691
1.643	248.779
1.653	248.840
1.663	248.920
1.673	248.996
1.683	249.103
1.693	249.172
1.703	249.194
1.713	249.207
1.723	249.148
1.733	249.128
1.743	249.095
1.753	249.101
1.763	249.093
1.773	249.092
1.783	249.156
1.793	249.171
1.803	249.274
1.813	249.249
1.823	249.240
1.833	249.226
1.843	249.209
1.853	249.106
1.863	249.074
1.873	249.096
1.883	249.095
1.893	249.189
1.903	249.145
1.913	249.112
1.923	249.151
1.933	249.101
1.943	249.074
1.953	249.047
1.963	249.135
1.973	249.215
1.983	249.188
1.993	249.203
2.003	249.187
2.013	249.238
2.023	249.267
2.033	249.288
2.043	249.458
2.053	250.088
2.063	250.555
2.073	251.709
2.083	252.632
2.093	252.500
2.103	0.000
2.113	0.000
2.123	0.000
2.133	0.000
2.143	372.715
2.153	372.120
2.163	372.660
2.173	372.730
2.183	373.040
2.193	373.505
2.203	373.958
2.213	374.197
2.223	374.355
2.233	374.250
2.243	374.261
2.253	374.257
2.263	374.409
2.273	374.651
2.283	374.647
2.293	374.836
2.303	374.960
2.313	374.947
2.323	375.082
2.333	375.140
2.343	375.246
2.353	375.289
2.363	376.012
2.373	377.089
2.383	378.018
2.393	378.043
2.403	376.312
2.413	371.909
2.423	370.965
2.433	370.995
2.443	371.936
2.453	372.074
2.463	372.651
2.473	372.836
2.483	373.331
2.493	373.587
2.503	373.870
2.513	374.205
2.523	374.324
2.533	374.382
2.543	374.435
2.553	374.384
2.563	374.496
2.573	374.462
2.583	374.491
2.593	374.426
2.603	374.308
2.613	374.286
2.623	374.176
2.633	374.104
2.643	374.105
2.653	374.029
2.663	374.110
2.673	374.031
2.683	374.130
2.693	374.068
2.703	374.017
2.713	374.056
2.723	373.958
2.733	374.008
2.743	373.949
2.753	373.995
2.763	373.940
2.773	373.875
2.783	373.948
2.793	373.914
2.803	373.964
2.813	373.971
2.823	373.897
2.833	373.851
2.843	373.729
2.853	373.791
2.863	373.725
2.873	373.743
2.883	373.851
2.893	373.753
2.903	373.930
2.913	374.050
2.923	374.138
2.933	374.275
2.943	374.321
2.953	374.501
2.963	374.542
2.973	374.965
2.983	375.914
2.993	377.227
3.003	377.531
3.013	377.814
3.023	375.827
3.033	373.537
3.043	368.529
3.053	367.764
3.063	369.120
3.073	370.120
3.083	371.136
3.093	372.353
3.103	373.003
3.113	373.271
3.123	373.647
3.133	373.703
3.143	373.800
3.153	373.704
3.163	373.775
3.173	373.904
3.183	373.872
3.193	374.121
3.203	374.256
3.213	374.469
3.223	374.490
3.233	374.449
3.243	374.537
3.253	374.442
3.263	374.434
3.273	374.896
3.283	376.086
3.293	377.176
3.303	377.698
3.313	376.859
3.323	375.877
3.333	369.446
3.343	369.131
3.353	368.129
3.363	367.887
3.373	368.529
3.383	369.121
3.393	369.837
3.403	370.718
3.413	371.784
3.423	372.266
3.433	372.670
3.443	372.927
3.453	373.127
3.463	373.365
3.473	373.352
3.483	373.490
3.493	373.439
3.503	373.483
3.513	373.419
3.523	373.316
3.533	373.381
3.543	373.303
3.553	373.353
3.563	373.251
3.573	373.231
3.583	373.241
3.593	373.177
3.603	373.217
3.613	373.139
3.623	373.223
3.633	373.124
3.643	373.097
3.653	373.121
3.663	373.121
3.673	373.223
3.683	373.157
3.693	373.200
3.703	373.083
3.713	373.062
3.723	373.092
3.733	373.124
3.743	373.285
3.753	373.294
3.763	373.400
3.773	373.377
3.783	373.395
3.793	373.413
3.803	373.376
3.813	373.443
3.823	373.365
3.833	373.448
3.843	373.428
3.853	373.466
3.863	373.507
3.873	373.516
3.883	373.650
3.893	373.872
3.903	374.640
3.913	376.964
3.923	382.687
3.933	0.000
3.943	0.000
3.953	0.000
3.963	0.000
3.973	0.000
3.983	0.000
3.993	0.000
4.003	241.138
4.013	242.644
4.023	245.521
4.033	246.658
4.043	247.265
4.053	247.937
4.063	248.201
4.073	248.232
4.083	248.116
4.093	247.834
4.103	247.745
4.113	247.850
4.123	247.982
4.133	248.238
4.143	248.520
4.153	248.642
4.163	248.768
4.173	248.752
4.183	249.780
4.193	250.344
4.203	251.235
4.213	251.326
4.223	251.153
4.233	250.779
4.243	250.399
4.253	251.730
4.263	251.180
4.273	248.013
4.283	244.350
4.293	244.890
4.303	245.779
4.313	246.658
4.323	247.614
4.333	247.764
4.343	247.500
4.353	247.213
4.363	247.019
4.373	247.005
4.383	247.135
4.393	247.325
4.403	247.403
4.413	247.618
4.423	247.739
4.433	247.763
4.443	247.806
4.453	247.844
4.463	247.965
4.473	247.958
4.483	247.998
4.493	247.986
4.503	248.013
4.513	247.977
4.523	248.016
4.533	248.088
4.543	248.076
4.553	248.162
4.563	248.228
4.573	248.259
4.583	248.244
4.593	248.300
4.603	248.265
4.613	248.244
4.623	248.255
4.633	248.235
4.643	248.251
4.653	248.255
4.663	248.272
4.673	248.221
4.683	248.229
4.693	248.201
4.703	248.180
4.713	248.227
4.723	248.261
4.733	248.300
4.743	248.282
4.753	248.342
4.763	248.369
4.773	248.305
4.783	248.331
4.793	248.239
4.803	248.268
4.813	248.311
4.823	248.611
4.833	249.816
4.843	250.397
4.853	251.381
4.863	251.597
4.873	251.417
4.883	250.078
4.893	244.488
4.903	242.539
4.913	245.157
4.923	247.002
4.933	247.303
4.943	247.234
4.953	247.188
4.963	247.267
4.973	247.637
4.983	247.800
4.993	248.125
5.003	248.323
5.013	248.478
5.023	248.558
5.033	248.696
5.043	248.822
5.053	248.764
5.063	248.688
5.073	248.576
5.083	248.516
5.093	248.959
5.103	250.618
5.113	251.192
5.123	251.085
5.133	251.099
5.143	250.806
5.153	251.139
5.163	250.811
5.173	246.294
5.183	246.293
5.193	243.270
5.203	244.939
5.213	244.885
5.223	246.459
5.233	246.791
5.243	246.867
5.253	246.729
5.263	246.577
5.273	246.572
5.283	246.766
5.293	247.090
5.303	247.392
5.313	247.503
5.323	247.553
5.333	247.552
5.343	247.515
5.353	247.560
5.363	247.750
5.373	247.897
5.383	247.958
5.393	247.923
5.403	247.932
5.413	247.853
5.423	247.856
5.433	247.820
5.443	247.767
5.453	247.739
5.463	247.684
5.473	247.757
5.483	247.757
5.493	247.837
5.503	247.852
5.513	247.862
5.523	247.833
5.533	247.898
5.543	247.988
5.553	248.082
5.563	248.181
5.573	248.319
5.583	248.323
5.593	248.333
5.603	248.256
5.613	248.108
5.623	248.062
5.633	247.983
5.643	247.894
5.653	247.784
5.663	247.749
5.673	247.811
5.683	247.775
5.693	247.817
5.703	247.806
5.713	247.914
5.723	247.904
5.733	248.010
5.743	248.004
5.753	248.024
5.763	248.004
5.773	248.014
5.783	248.023
5.793	248.382
5.803	249.948
5.813	250.076
5.823	0.000
5.833	0.000
5.843	0.000
5.853	0.000
5.863	369.428
5.873	369.751
5.883	369.215
5.893	370.101
5.903	370.744
5.913	371.488
5.923	371.773
5.933	372.307
5.943	372.686
5.953	372.764
5.963	372.863
5.973	372.905
5.983	372.985
5.993	373.076
6.003	373.296
6.013	373.601
6.023	373.814
6.033	373.797
6.043	373.867
6.053	373.947
6.063	373.911
6.073	374.021
6.083	374.753
6.093	375.693
6.103	375.967
6.113	374.159
6.123	370.228
6.133	367.288
6.143	367.646
6.153	367.260
6.163	369.141
6.173	369.135
6.183	370.375
6.193	370.967
6.203	371.664
6.213	371.921
6.223	372.262
6.233	372.553
6.243	372.649
6.253	372.822
6.263	372.789
6.273	372.786
6.283	372.670
6.293	372.625
6.303	372.574
6.313	372.363
6.323	372.415
6.333	372.282
6.343	372.348
6.353	372.221
6.363	372.306
6.373	372.295
6.383	372.291
6.393	372.379
6.403	372.386
6.413	372.522
6.423	372.434
6.433	372.479
6.443	372.318
6.453	372.342
6.463	372.255
6.473	372.337
6.483	372.387
6.493	372.357
6.503	372.531
6.513	372.513
6.523	372.620
6.533	372.443
6.543	372.457
6.553	372.382
6.563	372.339
6.573	372.444
6.583	372.513
6.593	372.732
6.603	372.649
6.613	372.845
6.623	372.909
6.633	373.044
6.643	373.188
6.653	373.630
6.663	374.690
6.673	375.962
6.683	375.792
6.693	373.749
6.703	370.022
6.713	368.873
6.723	369.295
6.733	370.124
6.743	370.707
6.753	371.222
6.763	371.661
6.773	372.152
6.783	372.204
6.793	372.472
6.803	372.576
6.813	372.569
6.823	372.661
6.833	372.723
6.843	372.972
6.853	373.387
6.863	373.435
6.873	373.918
6.883	374.067
6.893	373.975
6.903	374.129
6.913	374.191
6.923	375.819
6.933	375.107
6.943	377.026
6.953	379.445
6.963	380.088
6.973	382.694
6.983	376.898
6.993	367.097
7.003	363.676
7.013	366.261
7.023	368.100
7.033	369.266
7.043	369.825
7.053	370.476
7.063	371.159
7.073	371.288
7.083	371.738
7.093	371.890
7.103	372.048
7.113	371.920
7.123	371.929
7.133	371.877
7.143	371.915
7.153	371.828
7.163	371.773
7.173	371.890
7.183	371.849
7.193	371.975
7.203	371.971
7.213	372.114
7.223	372.062
7.233	372.171
7.243	372.198
7.253	372.259
7.263	372.216
7.273	372.127
7.283	372.235
7.293	372.122
7.303	372.259
7.313	372.236
7.323	372.215
7.333	372.190
7.343	372.177
7.353	372.204
7.363	372.174
7.373	372.173
7.383	372.112
7.393	372.241
7.403	372.148
7.413	372.277
7.423	372.318
7.433	372.371
7.443	372.341
7.453	372.276
7.463	372.364
7.473	372.251
7.483	372.321
7.493	372.309
7.503	372.389
7.513	372.419
7.523	372.529
7.533	372.680
7.543	372.658
7.553	372.679
7.563	372.729
7.573	374.664
7.583	375.831
7.593	380.872
7.603	0.000
7.613	0.000
7.623	0.000
7.633	0.000
7.643	0.000
7.653	240.278
7.663	244.790
7.673	246.513
7.683	247.122
7.693	247.158
7.703	247.189
7.713	247.273
7.723	247.464
7.733	247.707
7.743	248.042
7.753	248.252
7.763	248.335
7.773	248.512
7.783	248.728
7.793	248.766
7.803	248.763
7.813	248.778
7.823	248.594
7.833	248.496
7.843	248.037
7.853	248.868
7.863	250.020
7.873	250.923
7.883	250.579
7.893	249.023
7.903	246.352
7.913	242.115
7.923	243.203
7.933	244.353
7.943	245.142
7.953	246.928
7.963	247.441
7.973	247.527
7.983	247.277
7.993	246.992
8.003	246.995
8.013	247.039
8.023	247.252
8.033	247.441
8.043	247.574
8.053	247.581
8.063	247.682
8.073	247.714
8.083	247.734
8.093	247.712
8.103	247.747
8.113	247.783
8.123	247.774
8.133	247.831
8.143	247.841
8.153	247.928
8.163	247.955
8.173	248.032
8.183	248.066
8.193	248.100
8.203	248.213
8.213	248.404
8.223	248.745
8.233	248.923
8.243	249.657
8.253	251.019
8.263	251.694
8.273	255.070
8.283	0.000
8.293	0.000
8.303	0.000
8.313	0.000
8.323	0.000
8.333	0.000
8.343	0.000
8.353	0.000
8.363	0.000
8.373	0.000
8.383	0.000
8.393	0.000
8.403	0.000
8.413	0.000
8.423	0.000
8.433	0.000
8.443	0.000
8.453	0.000
8.463	0.000
8.473	0.000
8.483	0.000
8.493	0.000
8.503	0.000
8.513	0.000
8.523	0.000
8.533	0.000
8.543	0.000
8.553	0.000
8.563	291.283
8.573	290.413
8.583	291.393
8.593	292.116
8.603	292.729
8.613	292.985
8.623	293.009
8.633	292.992
8.643	293.263
8.653	293.808
8.663	294.137
8.673	294.831
8.683	295.503
8.693	295.842
8.703	295.902
8.713	295.964
8.723	296.227
8.733	296.268
8.743	296.447
8.753	297.928
8.763	297.634
8.773	297.024
8.783	298.461
8.793	301.209
8.803	0.000
8.813	0.000
8.823	296.789
8.833	290.989
8.843	288.252
8.853	289.285
8.863	291.288
8.873	291.913
8.883	292.116
8.893	292.972
8.903	293.650
8.913	293.872
8.923	294.413
8.933	294.809
8.943	295.172
8.953	295.237
8.963	295.501
8.973	295.560
8.983	295.613
8.993	295.728
9.003	295.723
9.013	295.740
9.023	295.766
9.033	295.787
9.043	295.811
9.053	295.972
9.063	296.076
9.073	296.158
9.083	296.030
9.093	295.978
9.103	295.901
9.113	295.814
9.123	295.695
9.133	295.807
9.143	295.887
9.153	295.925
9.163	295.982
9.173	296.219
9.183	296.232
9.193	296.178
9.203	296.133
9.213	295.843
9.223	295.759
9.233	295.881
9.243	295.854
9.253	295.819
9.263	295.920
9.273	295.962
9.283	295.941
9.293	295.813
9.303	295.786
9.313	295.658
9.323	295.764
9.333	295.899
9.343	295.895
9.353	295.886
9.363	296.151
9.373	296.470
9.383	296.523
9.393	296.675
9.403	297.169
9.413	296.951
9.423	295.263
9.433	0.000
9.443	0.000
9.453	0.000
9.463	219.149
9.473	219.364
9.483	218.910
9.493	219.086
9.503	219.712
9.513	220.581
9.523	221.003
9.533	221.296
9.543	221.384
9.553	221.414
9.563	221.333
9.573	221.373
9.583	221.369
9.593	221.517
9.603	221.504
9.613	221.778
9.623	222.112
9.633	222.201
9.643	222.556
9.653	222.885
9.663	223.238
9.673	222.716
9.683	222.174
9.693	223.475
9.703	223.475
9.713	225.480
9.723	226.326
9.733	223.347
9.743	220.380
9.753	218.124
9.763	218.827
9.773	219.062
9.783	219.114
9.793	219.611
9.803	220.381
9.813	220.702
9.823	221.148
9.833	221.325
9.843	221.384
9.853	221.441
9.863	221.436
9.873	221.527
9.883	221.661
9.893	221.740
9.903	221.678
9.913	221.715
9.923	221.740
9.933	221.798
9.943	221.762
9.953	221.750
9.963	221.827
9.973	221.821
9.983	221.731
9.993	221.747
10.003	221.810
10.013	221.699
10.023	221.647
10.033	221.718
10.043	221.797
10.053	221.716
10.063	221.734
10.073	221.766
10.083	221.751
10.093	221.595
10.103	221.612
10.113	221.602
10.123	221.743
10.133	221.721
10.143	221.771
10.153	221.714
10.163	221.747
10.173	221.714
10.183	221.699
10.193	221.726
10.203	221.729
10.213	221.727
10.223	221.700
10.233	221.727
10.243	221.696
10.253	221.710
10.263	221.726
10.273	221.716
10.283	221.737
10.293	221.757
10.303	221.820
10.313	221.965
10.323	221.700
10.333	220.757
10.343	220.568
10.353	221.967
10.363	0.000
10.373	0.000
10.383	0.000
10.393	0.000
10.403	328.704
10.413	328.374
10.423	328.833
10.433	329.269
10.443	329.670
10.453	330.057
10.463	330.252
10.473	330.511
10.483	330.766
10.493	330.931
10.503	330.867
10.513	330.952
10.523	331.010
10.533	331.044
10.543	330.668
10.553	331.195
10.563	332.977
10.573	330.567
10.583	332.862
10.593	336.773
10.603	0.000
10.613	0.000
10.623	0.000
10.633	0.000
10.643	0.000
10.653	0.000
10.663	0.000
10.673	326.740
10.683	327.636
10.693	328.046
10.703	328.586
10.713	328.588
10.723	328.304
10.733	328.480
10.743	329.216
10.753	329.277
10.763	329.472
10.773	329.776
10.783	330.007
10.793	330.144
10.803	330.126
10.813	330.168
10.823	330.111
10.833	330.118
10.843	330.113
10.853	329.933
10.863	330.001
10.873	329.921
10.883	329.941
10.893	329.856
10.903	329.864
10.913	329.897
10.923	329.815
10.933	329.768
10.943	329.742
10.953	329.735
10.963	329.740
10.973	329.689
10.983	329.747
10.993	329.803
11.003	329.736
11.013	329.842
11.023	329.842
11.033	329.752
11.043	329.796
11.053	329.687
11.063	329.529
11.073	329.415
11.083	329.525
11.093	329.400
11.103	329.483
11.113	329.557
11.123	329.544
11.133	329.539
11.143	329.697
11.153	329.706
11.163	329.608
11.173	329.653
11.183	329.640
11.193	329.511
11.203	329.559
11.213	329.607
11.223	329.630
11.233	329.581
11.243	329.949
11.253	331.224
11.263	331.836
11.273	332.445
11.283	330.721
11.293	327.744
11.303	316.080
11.313	0.000
11.323	0.000
11.333	245.672
11.343	246.701
11.353	247.677
11.363	247.987
11.373	248.497
11.383	248.639
11.393	248.520
11.403	248.327
11.413	248.197
11.423	248.287
11.433	248.409
11.443	248.509
11.453	248.675
11.463	248.870
11.473	248.854
11.483	248.837
11.493	248.633
11.503	249.061
11.513	249.887
11.523	251.106
11.533	251.365
11.543	251.067
11.553	251.115
11.563	249.924
11.573	243.937
11.583	242.439
11.593	243.983
11.603	246.021
11.613	247.492
11.623	247.618
11.633	247.870
11.643	247.710
11.653	247.565
11.663	247.421
11.673	247.491
11.683	247.632
11.693	247.722
11.703	247.834
11.713	247.887
11.723	247.924
11.733	247.919
11.743	247.965
11.753	247.994
11.763	248.006
11.773	248.008
11.783	248.097
11.793	248.100
11.803	248.125
11.813	248.151
11.823	248.187
11.833	248.256
11.843	248.183
11.853	248.227
11.863	248.249
11.873	248.197
11.883	248.164
11.893	248.090
11.903	248.210
11.913	248.263
11.923	248.280
11.933	248.253
11.943	248.262
11.953	248.270
11.963	248.249
11.973	248.396
11.983	248.400
11.993	248.432
12.003	248.437
12.013	248.449
12.023	248.392
12.033	248.480
12.043	248.459
12.053	248.441
12.063	248.434
12.073	248.372
12.083	248.421
12.093	248.381
12.103	248.421
12.113	248.424
12.123	248.555
12.133	249.630
12.143	250.911
12.153	251.473
12.163	251.639
12.173	251.083
12.183	248.256
12.193	245.547
12.203	244.364
12.213	246.975
12.223	247.691
12.233	247.770
12.243	247.894
12.253	247.882
12.263	247.865
12.273	247.959
12.283	248.167
12.293	248.335
12.303	248.396
12.313	248.579
12.323	248.736
12.333	248.797
12.343	248.836
12.353	248.759
12.363	248.588
12.373	248.250
12.383	247.962
12.393	249.186
12.403	250.307
12.413	251.029
12.423	251.257
12.433	249.795
12.443	246.297
12.453	246.235
12.463	244.082
12.473	243.909
12.483	244.811
12.493	244.852
12.503	245.645
12.513	247.076
12.523	247.279
12.533	247.757
12.543	247.822
12.553	247.737
12.563	247.588
12.573	247.553
12.583	247.670
12.593	247.677
12.603	247.742
12.613	247.786
12.623	247.788
12.633	247.827
12.643	247.894
12.653	247.858
12.663	247.897
12.673	247.869
12.683	247.864
12.693	247.893
12.703	247.933
12.713	247.994
12.723	247.932
12.733	247.932
12.743	247.916
12.753	248.014
12.763	248.067
12.773	248.041
12.783	248.072
12.793	248.014
12.803	248.044
12.813	247.989
12.823	248.038
12.833	248.111
12.843	248.143
12.853	248.146
12.863	248.068
12.873	248.113
12.883	248.121
12.893	248.102
12.903	248.074
12.913	248.116
12.923	248.110
12.933	248.175
12.943	248.142
12.953	248.128
12.963	248.078
12.973	248.060
12.983	248.070
12.993	248.096
13.003	248.212
13.013	248.235
13.023	248.277
13.033	248.248
13.043	248.329
13.053	248.407
13.063	248.661
13.073	249.530
13.083	250.422
13.093	250.853
13.103	251.306
13.113	242.228
13.123	224.889
13.133	220.843
13.143	219.803
13.153	219.375
13.163	219.072
13.173	219.039
13.183	219.460
13.193	219.942
13.203	220.214
13.213	220.531
13.223	220.629
13.233	220.720
13.243	220.781
13.253	220.858
13.263	220.967
13.273	221.105
13.283	221.131
13.293	221.187
13.303	221.294
13.313	221.356
13.323	221.593
13.333	221.272
13.343	221.067
13.353	221.292
13.363	223.058
13.373	223.448
13.383	223.585
13.393	223.986
13.403	224.760
13.413	222.356
13.423	220.232
13.433	218.133
13.443	218.311
13.453	218.776
13.463	218.621
13.473	218.928
13.483	219.662
13.493	219.985
13.503	220.521
13.513	220.700
13.523	220.874
13.533	220.879
13.543	220.952
13.553	221.043
13.563	221.076
13.573	221.049
13.583	221.040
13.593	221.081
13.603	220.991
13.613	221.018
13.623	221.148
13.633	221.130
13.643	221.109
13.653	221.116
13.663	221.156
13.673	221.146
13.683	221.072
13.693	221.079
13.703	221.022
13.713	220.969
13.723	220.879
13.733	220.716
13.743	220.515
13.753	220.418
13.763	220.458
13.773	220.671
13.783	220.955
13.793	223.475
13.803	226.254
13.813	0.000
13.823	0.000
13.833	0.000
13.843	0.000
13.853	0.000
13.863	0.000
13.873	0.000
13.883	0.000
13.893	0.000
13.903	0.000
13.913	0.000
13.923	0.000
13.933	0.000
13.943	0.000
13.953	0.000
13.963	0.000
13.973	0.000
13.983	0.000
13.993	0.000
14.003	0.000
14.013	0.000
14.023	0.000
14.033	0.000
14.043	0.000
14.053	0.000
14.063	0.000
14.073	239.843
14.083	245.044
14.093	248.277
14.103	248.024
14.113	248.050
14.123	247.892
14.133	247.873
14.143	247.844
14.153	248.041
14.163	248.087
14.173	248.348
14.183	248.549
14.193	248.731
14.203	248.842
14.213	248.860
14.223	248.710
14.233	248.545
14.243	248.597
14.253	249.034
14.263	250.496
14.273	251.487
14.283	251.769
14.293	251.675
14.303	251.499
14.313	249.742
14.323	247.279
14.333	243.507
14.343	244.155
14.353	247.366
14.363	247.701
14.373	248.299
14.383	248.636
14.393	248.764
14.403	249.282
14.413	250.304
14.423	251.351
14.433	251.618
14.443	251.450
14.453	250.181
14.463	249.396
14.473	246.209
14.483	246.468
14.493	246.697
14.503	247.001
14.513	247.522
14.523	248.060
14.533	248.658
14.543	248.990
14.553	249.976
14.563	250.961
14.573	251.368
14.583	251.507
14.593	250.726
14.603	248.616
14.613	246.904
14.623	245.581
14.633	246.337
14.643	247.170
14.653	247.726
14.663	248.184
14.673	248.434
14.683	248.495
14.693	248.696
14.703	249.079
14.713	249.951
14.723	250.273
14.733	251.179
14.743	251.250
14.753	250.579
14.763	247.327
14.773	245.750
14.783	247.210
14.793	247.711
14.803	248.156
14.813	248.425
14.823	248.713
14.833	249.084
14.843	249.827
14.853	250.812
14.863	251.278
14.873	251.669
14.883	251.518
14.893	249.757
14.903	247.858
14.913	245.445
14.923	248.333
14.933	248.536
14.943	248.671
14.953	248.599
14.963	248.469
14.973	248.452
14.983	248.522
14.993	248.563
15.003	248.686
15.013	248.788
15.023	248.957
15.033	249.103
15.043	249.184
15.053	249.273
15.063	249.259
15.073	249.353
15.083	249.342
15.093	249.350
15.103	249.362
15.113	249.321
15.123	249.969
15.133	251.181
15.143	251.973
15.153	252.301
15.163	252.314
15.173	250.734
15.183	247.216
15.193	244.264
15.203	243.734
15.213	246.822
15.223	247.568
15.233	248.123
15.243	248.672
15.253	249.247
15.263	249.573
15.273	250.527
15.283	251.475
15.293	251.574
15.303	250.936
15.313	248.951
15.323	245.147
15.333	244.602
15.343	247.024
15.353	247.654
15.363	248.101
15.373	248.280
15.383	248.734
15.393	249.628
15.403	250.169
15.413	251.240
15.423	251.631
15.433	251.336
15.443	250.751
15.453	248.568
15.463	245.665
15.473	246.392
15.483	247.372
15.493	247.703
15.503	248.034
15.513	248.169
15.523	248.535
15.533	249.066
15.543	250.011
15.553	250.592
15.563	251.253
15.573	251.207
15.583	251.210
15.593	249.856
15.603	246.660
15.613	245.670
15.623	246.558
15.633	247.647
15.643	247.884
15.653	247.910
15.663	248.272
15.673	248.600
15.683	249.189
15.693	249.553
15.703	250.540
15.713	251.466
15.723	251.771
15.733	251.587
15.743	251.194
15.753	249.295
15.763	246.665
15.773	244.684
15.783	246.644
15.793	247.856
15.803	247.888
15.813	248.109
15.823	248.134
15.833	248.174
15.843	248.366
15.853	248.558
15.863	248.662
15.873	248.658
15.883	248.920
15.893	249.063
15.903	249.174
15.913	249.302
15.923	249.388
15.933	249.498
15.943	249.523
15.953	249.568
15.963	249.645
15.973	249.604
15.983	249.527
15.993	249.229
16.003	249.733
16.013	250.205
16.023	251.324
16.033	251.756
16.043	251.632
16.053	251.798
16.063	250.858
16.073	245.419
16.083	245.150
16.093	245.616
16.103	246.207
16.113	247.133
16.123	247.996
16.133	248.681
16.143	248.754
16.153	249.014
16.163	249.372
16.173	250.230
16.183	250.909
16.193	251.230
16.203	251.065
16.213	250.110
16.223	246.866
16.233	244.921
16.243	246.132
16.253	247.244
16.263	247.830
16.273	247.944
16.283	248.374
16.293	248.963
16.303	249.289
16.313	250.245
16.323	251.139
16.333	251.376
16.343	251.134
16.353	249.803
16.363	245.187
16.373	246.241
16.383	246.987
16.393	247.477
16.403	247.812
16.413	247.905
16.423	248.294
16.433	248.433
16.443	248.782
16.453	249.262
16.463	250.203
16.473	250.900
16.483	251.146
16.493	251.097
16.503	249.753
16.513	245.973
16.523	245.177
16.533	246.278
16.543	246.963
16.553	247.446
16.563	247.624
16.573	248.044
16.583	248.710
16.593	249.017
16.603	249.981
16.613	251.017
16.623	251.443
16.633	251.632
16.643	251.289
16.653	249.996
16.663	248.338
16.673	243.863
16.683	246.326
16.693	247.440
16.703	247.563
16.713	247.681
16.723	247.543
16.733	247.627
16.743	247.679
16.753	247.971
16.763	248.203
16.773	248.331
16.783	248.541
16.793	248.645
16.803	248.804
16.813	248.833
16.823	248.821
16.833	248.857
16.843	248.925
16.853	248.937
16.863	249.059
16.873	249.117
16.883	249.184
16.893	249.343
16.903	249.981
16.913	250.950
16.923	251.294
16.933	251.632
16.943	251.565
16.953	251.276
16.963	251.162
16.973	249.037
16.983	244.820
16.993	244.704
17.003	245.050
17.013	246.364
17.023	246.705
17.033	247.251
17.043	247.909
17.053	248.511
17.063	248.665
17.073	249.404
17.083	250.321
17.093	251.140
17.103	251.288
17.113	251.317
17.123	250.689
17.133	250.217
17.143	246.180
17.153	244.491
17.163	245.856
17.173	246.371
17.183	246.834
17.193	247.380
17.203	247.676
17.213	248.093
17.223	248.736
17.233	249.616
17.243	250.166
17.253	250.848
17.263	251.297
17.273	250.919
17.283	249.982
17.293	246.164
17.303	245.115
17.313	246.458
17.323	246.842
17.333	247.457
17.343	247.753
17.353	247.796
17.363	248.174
17.373	248.546
17.383	248.911
17.393	249.831
17.403	250.832
17.413	251.281
17.423	251.287
17.433	250.682
17.443	248.587
17.453	244.939
17.463	245.757
17.473	246.869
17.483	247.261
17.493	247.511
17.503	247.835
17.513	248.388
17.523	249.070
17.533	249.546
17.543	250.493
17.553	251.264
17.563	251.480
17.573	251.749
17.583	251.364
17.593	249.946
17.603	248.765
17.613	245.273
17.623	246.852
17.633	247.565
17.643	248.030
17.653	248.122
17.663	248.139
17.673	248.168
17.683	248.107
17.693	248.097
17.703	248.104
17.713	248.166
17.723	248.276
17.733	248.443
17.743	248.572
17.753	248.621
17.763	248.686
17.773	248.724
17.783	248.746
17.793	248.760
17.803	248.739
17.813	248.746
17.823	248.748
17.833	248.673
17.843	248.947
17.853	249.518
17.863	250.640
17.873	251.183
17.883	251.379
17.893	251.546
17.903	251.670
17.913	251.114
17.923	244.399
17.933	245.691
17.943	244.701
17.953	245.424
17.963	245.617
17.973	246.921
17.983	247.741
17.993	248.141
18.003	248.261
18.013	248.589
18.023	249.368
18.033	249.768
18.043	250.632
18.053	250.912
18.063	250.232
18.073	249.317
18.083	245.499
18.093	245.662
18.103	246.947
18.113	247.197
18.123	247.404
18.133	247.759
18.143	248.077
18.153	248.697
18.163	249.650
18.173	250.622
18.183	250.935
18.193	251.168
18.203	250.745
18.213	250.148
18.223	247.599
18.233	245.665
18.243	246.832
18.253	246.864
18.263	247.207
18.273	247.517
18.283	247.790
18.293	248.098
18.303	248.754
18.313	249.648
18.323	250.193
18.333	250.963
18.343	251.298
18.353	250.490
18.363	249.016
18.373	245.158
18.383	246.485
18.393	246.860
18.403	247.185
18.413	247.400
18.423	247.670
18.433	247.826
18.443	248.283
18.453	248.935
18.463	249.882
18.473	250.347
18.483	251.072
18.493	251.337
18.503	251.421
18.513	250.397
18.523	247.023
18.533	244.617
18.543	244.936
18.553	246.778
18.563	247.468
18.573	247.813
18.583	247.939
18.593	247.981
18.603	248.022
18.613	248.061
18.623	248.075
18.633	248.074
18.643	248.270
18.653	248.335
18.663	248.477
18.673	248.570
18.683	248.603
18.693	248.659
18.703	248.664
18.713	248.721
18.723	248.767
18.733	248.797
18.743	248.757
18.753	248.942
18.763	249.779
18.773	250.809
18.783	251.201
18.793	251.441
18.803	251.154
18.813	250.662
18.823	248.716
18.833	246.061
18.843	243.563
18.853	244.057
18.863	245.047
18.873	246.398
18.883	247.528
18.893	247.907
18.903	248.155
18.913	248.564
18.923	249.264
18.933	250.190
18.943	250.633
18.953	251.105
18.963	250.869
18.973	250.539
18.983	249.075
18.993	245.168
19.003	246.294
19.013	246.776
19.023	246.884
19.033	247.331
19.043	247.597
19.053	248.379
19.063	249.249
19.073	250.158
19.083	250.627
19.093	251.190
19.103	251.102
19.113	249.896
19.123	248.183
19.133	244.680
19.143	246.730
19.153	246.758
19.163	247.042
19.173	247.260
19.183	247.845
19.193	248.016
19.203	248.845
19.213	249.863
19.223	250.274
19.233	251.036
19.243	251.501
19.253	250.196
19.263	248.679
19.273	245.579
19.283	246.695
19.293	247.393
19.303	247.343
19.313	247.634
19.323	247.978
19.333	248.158
19.343	248.608
19.353	249.410
19.363	250.277
19.373	250.694
19.383	250.864
19.393	251.362
19.403	250.347
19.413	240.992
19.423	223.328
19.433	218.399
19.443	218.359
19.453	219.052
19.463	219.413
19.473	219.939
19.483	220.185
19.493	220.518
19.503	220.747
19.513	220.846
19.523	220.927
19.533	220.992
19.543	221.145
19.553	221.202
19.563	221.102
19.573	221.155
19.583	221.233
19.593	221.319
19.603	221.244
19.613	221.299
19.623	221.497
19.633	221.653
19.643	221.676
19.653	221.793
19.663	221.877
19.673	221.321
19.683	221.163
19.693	222.060
19.703	223.031
19.713	223.476
19.723	223.008
19.733	222.469
19.743	219.949
19.753	218.464
19.763	218.929
19.773	219.284
19.783	219.635
19.793	220.192
19.803	220.330
19.813	220.548
19.823	220.939
19.833	222.493
19.843	223.672
19.853	224.746
19.863	224.209
19.873	224.212
19.883	223.029
19.893	220.004
19.903	218.663
19.913	218.790
19.923	219.358
19.933	219.619
19.943	219.824
19.953	219.955
19.963	220.265
19.973	221.446
19.983	222.468
19.993	224.113
20.003	223.927
20.013	224.064
20.023	223.706
20.033	220.853
20.043	219.148
20.053	219.063
20.063	219.384
20.073	219.828
20.083	220.308
20.093	220.445
20.103	220.753
20.113	220.695
20.123	220.969
20.133	221.821
20.143	223.511
20.153	223.798
20.163	223.590
20.173	222.443
20.183	220.095
20.193	219.057
20.203	219.112
20.213	219.566
20.223	220.112
20.233	220.361
20.243	220.676
20.253	220.534
20.263	220.763
20.273	221.184
20.283	222.139
20.293	222.697
20.303	227.958
20.313	231.480
20.323	235.723
20.333	242.160
20.343	243.967
20.353	245.571
20.363	246.647
20.373	247.512
20.383	247.817
20.393	248.170
20.403	248.367
20.413	248.383
20.423	248.225
20.433	248.164
20.443	248.163
20.453	248.217
20.463	248.318
20.473	248.456
20.483	248.550
20.493	248.575
20.503	248.639
20.513	248.617
20.523	248.664
20.533	248.686
20.543	248.740
20.553	248.896
20.563	248.852
20.573	248.970
20.583	249.821
20.593	250.215
20.603	251.074
20.613	251.457
20.623	251.334
20.633	251.320
20.643	251.084
20.653	248.451
20.663	243.736
20.673	244.278
20.683	244.499
20.693	245.367
20.703	245.725
20.713	246.639
20.723	247.166
20.733	247.772
20.743	248.034
20.753	248.448
20.763	249.352
20.773	249.878
20.783	250.773
20.793	250.986
20.803	250.895
20.813	250.074
20.823	246.876
20.833	244.933
20.843	246.341
20.853	246.415
20.863	246.738
20.873	247.232
20.883	247.460
20.893	248.296
20.903	249.328
20.913	250.438
20.923	250.801
20.933	251.200
20.943	251.076
20.953	250.529
20.963	248.233
20.973	245.278
20.983	246.465
20.993	246.732
21.003	246.943
21.013	247.065
21.023	247.454
21.033	247.586
21.043	247.835
21.053	248.291
21.063	248.646
21.073	249.592
21.083	250.588
21.093	250.946
21.103	251.152
21.113	250.360
21.123	248.888
21.133	247.002
21.143	245.873
21.153	246.857
21.163	246.719
21.173	246.871
21.183	246.952
21.193	247.445
21.203	248.061
21.213	248.644
21.223	249.876
21.233	250.845
21.243	251.169
21.253	251.472
21.263	251.235
21.273	249.551
21.283	247.109
21.293	244.367
21.303	246.642
21.313	247.090
21.323	247.544
21.333	247.701
21.343	247.724
21.353	247.698
21.363	247.781
21.373	247.868
21.383	247.949
21.393	248.038
21.403	248.194
21.413	248.301
21.423	248.319
21.433	248.392
21.443	248.417
21.453	248.467
21.463	248.477
21.473	248.637
21.483	248.661
21.493	248.537
21.503	248.759
21.513	249.641
21.523	250.645
21.533	250.947
21.543	251.239
21.553	251.158
21.563	250.945
21.573	250.446
21.583	247.440
21.593	244.839
21.603	244.729
21.613	245.187
21.623	245.395
21.633	246.529
21.643	247.024
21.653	247.642
21.663	248.411
21.673	249.207
21.683	249.636
21.693	250.557
21.703	251.187
21.713	251.369
21.723	250.876
21.733	250.466
21.743	248.532
21.753	245.790
21.763	246.230
21.773	246.914
21.783	246.947
21.793	247.257
21.803	247.815
21.813	248.400
21.823	248.951
21.833	249.911
21.843	250.793
21.853	251.113
21.863	251.348
21.873	250.881
21.883	248.974
21.893	246.881
21.903	244.694
21.913	246.464
21.923	246.627
21.933	246.989
21.943	247.474
21.953	247.969
21.963	248.189
21.973	248.840
21.983	249.654
21.993	250.526
22.003	250.820
22.013	250.902
22.023	248.576
22.033	244.361
22.043	244.639
22.053	246.633
22.063	246.958
22.073	247.187
22.083	247.383
22.093	247.705
22.103	248.255
22.113	248.572
22.123	249.625
22.133	250.525
22.143	250.792
22.153	251.025
22.163	249.992
22.173	246.291
22.183	244.429
22.193	245.151
22.203	246.804
22.213	246.951
22.223	246.937
22.233	246.905
22.243	246.916
22.253	247.067
22.263	247.281
22.273	247.436
22.283	247.538
22.293	247.626
22.303	247.772
22.313	247.919
22.323	247.962
22.333	248.098
22.343	248.176
22.353	248.233
22.363	248.338
22.373	248.451
22.383	248.423
22.393	248.746
22.403	249.145
22.413	250.182
22.423	250.880
22.433	251.060
22.443	251.126
22.453	249.540
22.463	245.702
22.473	244.635
22.483	244.532
22.493	245.145
22.503	245.816
22.513	246.350
22.523	247.155
22.533	247.731
22.543	248.016
22.553	248.951
22.563	249.934
22.573	250.639
22.583	250.917
22.593	250.740
22.603	249.135
22.613	247.722
22.623	244.707
22.633	246.409
22.643	247.045
22.653	247.283
22.663	247.662
22.673	248.161
22.683	248.914
22.693	249.324
22.703	250.261
22.713	250.825
22.723	250.856
22.733	250.377
22.743	249.379
22.753	245.457
22.763	245.034
22.773	246.512
22.783	247.127
22.793	247.162
22.803	247.432
22.813	247.568
22.823	247.891
22.833	248.179
22.843	248.900
22.853	249.855
22.863	250.553
22.873	250.624
22.883	249.004
22.893	244.316
22.903	244.629
22.913	246.331
22.923	247.042
22.933	247.534
22.943	247.599
22.953	247.800
22.963	248.081
22.973	248.284
22.983	249.008
22.993	249.947
23.003	250.644
23.013	250.777
23.023	250.841
23.033	250.129
23.043	243.091
23.053	232.527
23.063	221.333
23.073	219.536
23.083	219.831
23.093	219.831
23.103	219.836
23.113	219.990
23.123	220.212
23.133	220.423
23.143	220.650
23.153	220.686
23.163	220.729
23.173	220.893
23.183	221.140
23.193	221.246
23.203	221.250
23.213	221.333
23.223	221.414
23.233	221.317
23.243	221.253
23.253	221.408
23.263	221.469
23.273	221.391
23.283	221.579
23.293	221.688
23.303	221.494
23.313	221.797
23.323	223.060
23.333	223.079
23.343	222.777
23.353	222.435
23.363	219.258
23.373	217.976
23.383	218.345
23.393	219.290
23.403	219.617
23.413	219.808
23.423	220.475
23.433	221.116
23.443	221.525
23.453	224.219
23.463	224.415
23.473	224.264
23.483	224.068
23.493	224.506
23.503	223.194
23.513	222.015
23.523	219.428
23.533	218.783
23.543	219.525
23.553	219.547
23.563	220.156
23.573	220.799
23.583	222.587
23.593	224.081
23.603	225.156
23.613	224.402
23.623	224.091
23.633	224.450
23.643	222.403
23.653	219.508
23.663	219.118
23.673	219.483
23.683	220.075
23.693	220.353
23.703	220.635
23.713	221.112
23.723	222.823
23.733	224.062
23.743	224.607
23.753	224.313
23.763	223.968
23.773	223.005
23.783	220.226
23.793	218.909
23.803	219.111
23.813	219.500
23.823	219.788
23.833	220.101
23.843	220.340
23.853	220.333
23.863	220.763
23.873	221.160
23.883	221.764
23.893	224.060
23.903	230.985
23.913	232.529
23.923	237.944
23.933	244.665
23.943	246.438
23.953	246.998
23.963	247.808
23.973	247.859
23.983	247.872
23.993	247.753
24.003	247.686
24.013	247.612
24.023	247.620
24.033	247.729
24.043	247.843
24.053	248.082
24.063	248.173
24.073	248.291
24.083	248.406
24.093	248.462
24.103	248.523
24.113	248.537
24.123	248.602
24.133	248.590
24.143	248.635
24.153	248.466
24.163	248.471
24.173	249.279
24.183	250.402
24.193	250.999
24.203	251.174
24.213	251.085
24.223	250.152
24.233	246.292
24.243	244.663
24.253	244.583
24.263	245.327
24.273	245.608
24.283	246.473
24.293	247.548
24.303	248.411
24.313	248.862
24.323	249.501
24.333	249.828
24.343	249.795
24.353	249.832
24.363	250.406
24.373	252.149
24.383	252.916
24.393	0.000
24.403	0.000
24.413	0.000
24.423	0.000
24.433	0.000
24.443	0.000
24.453	0.000
24.463	0.000
24.473	0.000
24.483	0.000
24.493	0.000
24.503	0.000
24.513	0.000
24.523	0.000
24.533	0.000
24.543	0.000
24.553	0.000
24.563	0.000
24.573	0.000
24.583	0.000
24.593	0.000
24.603	0.000
24.613	0.000
24.623	0.000
24.633	0.000
24.643	0.000
24.653	0.000
24.663	0.000
24.673	0.000
24.683	0.000
24.693	0.000
24.703	0.000
24.713	0.000
24.723	0.000
24.733	0.000
24.743	0.000
24.753	0.000
24.763	0.000
24.773	0.000
24.783	0.000
24.793	0.000
24.803	0.000
24.813	0.000
24.823	0.000
24.833	0.000
24.843	0.000
24.853	0.000
24.863	0.000
24.873	0.000
24.883	0.000
24.893	245.467
24.903	246.031
24.913	247.471
24.923	247.993
24.933	248.217
24.943	248.354
24.953	248.270
24.963	247.985
24.973	247.643
24.983	247.387
24.993	247.372
25.003	247.518
25.013	247.765
25.023	248.064
25.033	248.173
25.043	248.433
25.053	248.686
25.063	248.856
25.073	249.007
25.083	249.081
25.093	249.073
25.103	249.006
25.113	248.945
25.123	249.581
25.133	250.759
25.143	251.342
25.153	251.766
25.163	252.050
25.173	251.603
25.183	251.357
25.193	248.749
25.203	245.831
25.213	246.382
25.223	247.343
25.233	248.664
25.243	248.831
25.253	248.773
25.263	248.825
25.273	249.101
25.283	249.392
25.293	250.450
25.303	251.275
25.313	251.293
25.323	251.136
25.333	248.913
25.343	246.079
25.353	246.466
25.363	247.034
25.373	247.296
25.383	247.704
25.393	247.966
25.403	248.482
25.413	249.299
25.423	250.283
25.433	250.871
25.443	251.543
25.453	251.853
25.463	251.552
25.473	249.449
25.483	245.683
25.493	246.818
25.503	247.162
25.513	247.645
25.523	248.152
25.533	248.288
25.543	248.868
25.553	249.551
25.563	250.336
25.573	250.783
25.583	251.526
25.593	251.799
25.603	251.146
25.613	250.455
25.623	246.532
25.633	246.282
25.643	246.568
25.653	246.880
25.663	247.096
25.673	247.331
25.683	247.597
25.693	248.490
25.703	249.499
25.713	250.036
25.723	251.127
25.733	251.890
25.743	252.138
25.753	251.861
25.763	249.916
25.773	244.269
25.783	246.900
25.793	247.091
25.803	248.436
25.813	248.663
25.823	248.679
25.833	248.740
25.843	248.697
25.853	248.674
25.863	248.714
25.873	248.760
25.883	248.944
25.893	248.990
25.903	249.095
25.913	249.202
25.923	249.235
25.933	249.298
25.943	249.358
25.953	249.363
25.963	249.405
25.973	249.432
25.983	249.501
25.993	249.441
26.003	249.420
26.013	249.325
26.023	250.273
26.033	251.483
26.043	251.686
26.053	252.302
26.063	252.355
26.073	252.111
26.083	251.399
26.093	248.626
26.103	244.750
26.113	245.921
26.123	246.473
26.133	247.621
26.143	248.370
26.153	248.687
26.163	249.068
26.173	249.543
26.183	249.876
26.193	250.726
26.203	251.502
26.213	251.781
26.223	251.503
26.233	249.423
26.243	245.504
26.253	245.239
26.263	247.489
26.273	247.974
26.283	248.274
26.293	248.550
26.303	248.824
26.313	249.441
26.323	250.307
26.333	250.798
26.343	251.377
26.353	251.489
26.363	250.987
26.373	248.606
26.383	245.431
26.393	246.961
26.403	247.752
26.413	248.345
26.423	248.619
26.433	248.758
26.443	249.111
26.453	249.644
26.463	250.462
26.473	250.809
26.483	251.351
26.493	251.539
26.503	249.574
26.513	247.550
26.523	245.419
26.533	247.136
26.543	247.679
26.553	248.059
26.563	248.546
26.573	248.798
26.583	248.957
26.593	249.496
26.603	250.279
26.613	251.073
26.623	251.314
26.633	252.000
26.643	252.133
26.653	250.540
26.663	233.898
26.673	220.855
26.683	219.576
26.693	219.655
26.703	219.727
26.713	220.125
26.723	220.380
26.733	220.949
26.743	221.273
26.753	221.400
26.763	221.367
26.773	221.396
26.783	221.387
26.793	221.495
26.803	221.553
26.813	221.656
26.823	221.613
26.833	221.640
26.843	221.605
26.853	221.574
26.863	221.653
26.873	221.729
26.883	221.698
26.893	221.685
26.903	221.951
26.913	222.170
26.923	222.230
26.933	221.308
26.943	221.453
26.953	222.926
26.963	223.602
26.973	224.200
26.983	224.291
26.993	222.506
27.003	219.810
27.013	219.503
27.023	219.694
27.033	220.056
27.043	219.730
27.053	220.096
27.063	220.635
27.073	220.853
27.083	221.039
27.093	221.545
27.103	222.701
27.113	223.568
27.123	223.885
27.133	224.130
27.143	222.402
27.153	219.738
27.163	218.981
27.173	219.285
27.183	219.630
27.193	219.875
27.203	220.248
27.213	220.411
27.223	220.869
27.233	221.472
27.243	223.137
27.253	223.904
27.263	224.091
27.273	224.459
27.283	221.490
27.293	219.528
27.303	219.510
27.313	219.492
27.323	219.947
27.333	220.573
27.343	220.744
27.353	220.822
27.363	220.785
27.373	221.067
27.383	222.423
27.393	223.716
27.403	224.031
27.413	223.311
27.423	220.025
27.433	218.515
27.443	218.806
27.453	219.320
27.463	219.961
27.473	220.560
27.483	220.768
27.493	220.752
27.503	220.553
27.513	221.335
27.523	222.040
27.533	222.378
27.543	222.559
27.553	224.536
27.563	234.480
27.573	246.731
27.583	248.005
27.593	248.310
27.603	248.374
27.613	248.388
27.623	248.343
27.633	248.411
27.643	248.423
27.653	248.331
27.663	248.344
27.673	248.362
27.683	248.472
27.693	248.558
27.703	248.616
27.713	248.670
27.723	248.751
27.733	248.815
27.743	248.855
27.753	248.976
27.763	248.968
27.773	248.980
27.783	249.852
27.793	251.045
27.803	251.606
27.813	251.705
27.823	251.543
27.833	248.764
27.843	246.295
27.853	243.517
27.863	244.650
27.873	246.329
27.883	247.110
27.893	247.902
27.903	248.514
27.913	248.829
27.923	249.779
27.933	250.765
27.943	251.248
27.953	251.203
27.963	250.844
27.973	248.892
27.983	245.483
27.993	245.726
28.003	247.141
28.013	247.662
28.023	247.756
28.033	248.378
28.043	249.011
28.053	249.771
28.063	250.240
28.073	250.960
28.083	251.191
28.093	251.120
28.103	250.314
28.113	247.588
28.123	245.519
28.133	246.528
28.143	247.623
28.153	248.052
28.163	248.368
28.173	248.590
28.183	249.078
28.193	249.734
28.203	250.031
28.213	250.749
28.223	251.069
28.233	250.959
28.243	250.381
28.253	248.408
28.263	245.955
28.273	247.052
28.283	247.642
28.293	247.708
28.303	247.947
28.313	248.053
28.323	248.754
28.333	249.215
28.343	249.901
28.353	250.342
28.363	251.086
28.373	251.316
28.383	251.296
28.393	250.818
28.403	250.706
28.413	250.207
28.423	249.367
28.433	247.273
28.443	246.651
28.453	252.228
28.463	233.290
28.473	228.776
28.483	227.953
28.493	223.491
28.503	221.937
28.513	220.508
28.523	219.855
28.533	219.572
28.543	220.033
28.553	220.413
28.563	220.505
28.573	220.788
28.583	220.936
28.593	221.087
28.603	221.120
28.613	221.264
28.623	221.313
28.633	221.335
28.643	221.475
28.653	221.581
28.663	221.720
28.673	221.795
28.683	221.926
28.693	221.542
28.703	221.678
28.713	222.459
28.723	223.828
28.733	223.806
28.743	222.961
28.753	220.162
28.763	218.976
28.773	219.352
28.783	219.496
28.793	219.661
28.803	220.017
28.813	220.272
28.823	220.624
28.833	220.840
28.843	221.371
28.853	222.013
28.863	223.322
28.873	223.938
28.883	223.085
28.893	221.889
28.903	219.670
28.913	219.498
28.923	219.791
28.933	220.349
28.943	220.693
28.953	220.563
28.963	220.597
28.973	221.642
28.983	223.333
28.993	223.709
29.003	223.648
29.013	222.196
29.023	219.786
29.033	219.170
29.043	219.545
29.053	220.190
29.063	220.613
29.073	220.844
29.083	221.074
29.093	221.033
29.103	220.913
29.113	220.867
29.123	221.593
29.133	222.769
29.143	223.267
29.153	222.767
29.163	220.915
29.173	219.174
29.183	219.250
29.193	219.826
29.203	220.597
29.213	220.867
29.223	220.921
29.233	220.642
29.243	220.792
29.253	221.181
29.263	222.875
29.273	223.563
29.283	223.713
29.293	222.671
29.303	218.959
29.313	218.379
29.323	218.593
29.333	219.367
29.343	220.390
29.353	221.006
29.363	221.203
29.373	221.318
29.383	221.393
29.393	221.326
29.403	221.188
29.413	221.105
29.423	221.074
29.433	221.138
29.443	221.237
29.453	221.312
29.463	221.362
29.473	221.514
29.483	221.695
29.493	221.811
29.503	221.595
29.513	221.369
29.523	222.439
29.533	223.567
29.543	223.504
29.553	223.293
29.563	223.046
29.573	221.848
29.583	217.922
29.593	218.462
29.603	219.226
29.613	219.314
29.623	219.611
29.633	219.753
29.643	219.914
29.653	220.567
29.663	221.686
29.673	223.321
29.683	223.644
29.693	223.612
29.703	222.371
29.713	220.159
29.723	219.691
29.733	219.634
29.743	219.983
29.753	220.101
29.763	220.157
29.773	220.159
29.783	220.612
29.793	221.288
29.803	222.887
29.813	223.361
29.823	223.499
29.833	222.548
29.843	220.226
29.853	219.162
29.863	219.273
29.873	219.917
29.883	220.367
29.893	220.615
29.903	220.689
29.913	220.702
29.923	220.726
29.933	220.877
29.943	222.004
29.953	223.172
29.963	223.262
29.973	222.477
29.983	220.319
29.993	219.256
30.003	219.285
30.013	219.994
30.023	220.576
30.033	220.890
30.043	220.966
30.053	220.973
30.063	220.815
30.073	221.246
30.083	221.974
30.093	223.084
30.103	223.433
30.113	223.683
30.123	222.351
30.133	219.534
30.143	218.673
30.153	218.989
30.163	219.435
30.173	220.096
30.183	220.430
30.193	220.953
30.203	221.201
30.213	221.308
30.223	221.276
30.233	221.273
30.243	221.248
30.253	221.268
30.263	221.310
30.273	221.337
30.283	221.366
30.293	221.346
30.303	221.392
30.313	221.341
30.323	221.293
30.333	221.308
30.343	221.442
30.353	221.507
30.363	220.985
30.373	220.969
30.383	222.048
30.393	223.342
30.403	223.232
30.413	223.111
30.423	224.070
30.433	223.717
30.443	219.466
30.453	218.147
30.463	218.183
30.473	218.321
30.483	219.058
30.493	219.189
30.503	219.204
30.513	219.156
30.523	219.577
30.533	221.866
30.543	224.653
30.553	224.829
30.563	224.195
30.573	224.398
30.583	224.093
30.593	221.532
30.603	219.139
30.613	219.054
30.623	219.391
30.633	219.829
30.643	219.937
30.653	219.634
30.663	219.549
30.673	220.781
30.683	223.868
30.693	224.511
30.703	224.313
30.713	223.928
30.723	222.866
30.733	219.947
30.743	218.176
30.753	219.168
30.763	219.525
30.773	220.099
30.783	220.280
30.793	220.353
30.803	220.145
30.813	220.178
30.823	221.061
30.833	221.878
30.843	223.850
30.853	223.757
30.863	222.366
30.873	221.081
30.883	218.697
30.893	218.996
30.903	219.627
30.913	219.949
30.923	220.274
30.933	220.413
30.943	220.330
30.953	220.312
30.963	221.021
30.973	223.221
30.983	224.042
30.993	224.033
31.003	221.761
31.013	220.335
31.023	218.276
31.033	218.982
31.043	219.728
31.053	220.158
31.063	220.743
31.073	221.079
31.083	221.133
31.093	221.125
31.103	220.978
31.113	220.860
31.123	220.816
31.133	220.871
31.143	220.906
31.153	221.103
31.163	221.183
31.173	221.331
31.183	221.321
31.193	221.492
31.203	221.393
31.213	221.532
31.223	221.869
31.233	221.909
31.243	221.180
31.253	221.342
31.263	223.153
31.273	223.625
31.283	222.964
31.293	224.674
31.303	224.575
31.313	222.171
31.323	219.154
31.333	218.887
31.343	218.437
31.353	219.217
31.363	219.830
31.373	219.887
31.383	219.970
31.393	219.910
31.403	220.321
31.413	220.785
31.423	222.819
31.433	224.243
31.443	223.847
31.453	223.087
31.463	221.525
31.473	218.905
31.483	218.923
31.493	219.762
31.503	220.061
31.513	220.008
31.523	219.718
31.533	219.887
31.543	222.135
31.553	223.682
31.563	224.464
31.573	223.652
31.583	221.370
31.593	220.229
31.603	218.849
31.613	219.527
31.623	220.054
31.633	220.177
31.643	220.340
31.653	220.439
31.663	220.208
31.673	220.388
31.683	221.457
31.693	223.176
31.703	223.525
31.713	222.255
31.723	219.734
31.733	218.721
31.743	219.039
31.753	219.623
31.763	220.184
31.773	220.433
31.783	220.727
31.793	220.850
31.803	220.629
31.813	220.689
31.823	221.673
31.833	223.114
31.843	222.478
31.853	221.632
31.863	228.869
31.873	243.925
31.883	246.484
31.893	248.411
31.903	248.463
31.913	248.329
31.923	248.263
31.933	248.101
31.943	248.089
31.953	248.047
31.963	248.213
31.973	248.381
31.983	248.537
31.993	248.575
32.003	248.726
32.013	248.837
32.023	248.842
32.033	248.900
32.043	248.922
32.053	249.119
32.063	248.669
32.073	249.210
32.083	249.688
32.093	250.307
32.103	250.590
32.113	251.638
32.123	251.744
32.133	249.622
32.143	249.909
32.153	246.005
32.163	243.218
32.173	243.356
32.183	245.729
32.193	246.892
32.203	247.649
32.213	247.612
32.223	247.570
32.233	247.520
32.243	247.418
32.253	247.450
32.263	247.579
32.273	247.750
32.283	247.775
32.293	247.855
32.303	247.895
32.313	247.917
32.323	247.953
32.333	247.986
32.343	248.028
32.353	247.967
32.363	248.005
32.373	247.980
32.383	247.997
32.393	248.022
32.403	248.008
32.413	248.043
32.423	248.037
32.433	247.997
32.443	247.997
32.453	248.030
32.463	248.055
32.473	248.115
32.483	248.148
32.493	248.199
32.503	248.131
32.513	248.087
32.523	248.047
32.533	248.005
32.543	248.092
32.553	248.093
32.563	248.165
32.573	248.149
32.583	248.206
32.593	248.189
32.603	248.163
32.613	248.160
32.623	248.114
32.633	248.162
32.643	248.107
32.653	248.154
32.663	248.129
32.673	248.137
32.683	248.115
32.693	248.059
32.703	248.049
32.713	248.019
32.723	248.000
32.733	248.319
32.743	248.508
32.753	249.104
32.763	0.000
32.773	0.000
32.783	0.000
32.793	183.800
32.803	183.426
32.813	183.482
32.823	183.480
32.833	183.890
32.843	183.925
32.853	183.963
32.863	183.943
32.873	183.886
32.883	183.786
32.893	183.789
32.903	183.890
32.913	184.111
32.923	184.355
32.933	184.496
32.943	184.677
32.953	184.831
32.963	184.893
32.973	185.007
32.983	185.133
32.993	185.166
33.003	185.203
33.013	185.501
33.023	186.191
33.033	186.611
33.043	187.147
33.053	186.964
33.063	185.649
33.073	184.540
33.083	182.340
33.093	182.424
33.103	182.971
33.113	183.317
33.123	183.852
33.133	184.274
33.143	184.344
33.153	184.543
33.163	184.498
33.173	184.426
33.183	184.359
33.193	184.261
33.203	184.294
33.213	184.335
33.223	184.432
33.233	184.511
33.243	184.542
33.253	184.579
33.263	184.650
33.273	184.668
33.283	184.692
33.293	184.699
33.303	184.713
33.313	184.762
33.323	184.775
33.333	184.819
33.343	184.871
33.353	184.947
33.363	185.003
33.373	185.076
33.383	185.136
33.393	185.203
33.403	185.273
33.413	185.434
33.423	186.000
33.433	186.287
33.443	189.463
33.453	187.427
33.463	184.181
33.473	0.000
33.483	0.000
33.493	0.000
33.503	0.000
33.513	0.000
33.523	0.000
33.533	0.000
33.543	0.000
33.553	0.000
33.563	0.000
33.573	0.000
33.583	0.000
33.593	0.000
33.603	0.000
33.613	0.000
33.623	0.000
33.633	0.000
33.643	0.000
33.653	0.000
33.663	0.000
33.673	0.000
33.683	0.000
33.693	0.000
33.703	0.000
33.713	0.000
33.723	180.876
33.733	182.527
33.743	184.188
33.753	184.679
33.763	185.284
33.773	185.653
33.783	185.941
33.793	185.960
33.803	185.965
33.813	185.831
33.823	185.606
33.833	185.493
33.843	185.242
33.853	185.117
33.863	185.088
33.873	185.134
33.883	185.170
33.893	185.284
33.903	185.681
33.913	186.321
33.923	187.024
33.933	187.169
33.943	186.863
33.953	186.787
33.963	185.646
33.973	185.340
33.983	184.411
33.993	183.517
34.003	182.785
34.013	183.360
34.023	183.284
34.033	183.736
34.043	184.347
34.053	184.492
34.063	185.006
34.073	185.116
34.083	185.201
34.093	185.299
34.103	185.349
34.113	185.414
34.123	185.396
34.133	185.392
34.143	185.325
34.153	185.304
34.163	185.294
34.173	185.318
34.183	185.348
34.193	185.358
34.203	185.383
34.213	185.462
34.223	185.463
34.233	185.517
34.243	185.541
34.253	185.511
34.263	185.543
34.273	185.498
34.283	185.503
34.293	185.484
34.303	185.510
34.313	185.584
34.323	185.654
34.333	185.640
34.343	185.667
34.353	185.621
34.363	185.634
34.373	185.643
34.383	185.656
34.393	185.631
34.403	185.612
34.413	185.574
34.423	185.488
34.433	185.468
34.443	185.446
34.453	185.380
34.463	185.370
34.473	185.439
34.483	185.429
34.493	185.512
34.503	185.538
34.513	185.580
34.523	185.650
34.533	185.933
34.543	187.087
34.553	187.668
34.563	188.928
34.573	188.384
34.583	0.000
34.593	0.000
34.603	244.821
34.613	247.092
34.623	248.055
34.633	248.768
34.643	248.939
34.653	249.053
34.663	249.053
34.673	249.065
34.683	249.154
34.693	249.150
34.703	249.254
34.713	249.385
34.723	249.601
34.733	249.617
34.743	249.867
34.753	249.986
34.763	250.069
34.773	249.968
34.783	249.735
34.793	249.447
34.803	249.167
34.813	250.609
34.823	251.665
34.833	250.745
34.843	252.659
34.853	251.712
34.863	253.296
34.873	248.379
34.883	250.606
34.893	247.746
34.903	248.005
34.913	247.527
34.923	247.589
34.933	247.851
34.943	248.236
34.953	248.445
34.963	248.503
34.973	248.430
34.983	248.381
34.993	248.303
35.003	248.251
35.013	248.365
35.023	248.376
35.033	248.489
35.043	248.588
35.053	248.614
35.063	248.645
35.073	248.692
35.083	248.718
35.093	248.703
35.103	248.761
35.113	248.777
35.123	248.831
35.133	248.805
35.143	248.819
35.153	248.841
35.163	248.808
35.173	248.868
35.183	248.836
35.193	248.880
35.203	248.898
35.213	248.873
35.223	248.980
35.233	248.921
35.243	248.904
35.253	248.884
35.263	248.840
35.273	248.865
35.283	248.884
35.293	248.907
35.303	248.903
35.313	248.990
35.323	248.994
35.333	248.986
35.343	249.030
35.353	248.973
35.363	248.980
35.373	248.928
35.383	248.934
35.393	248.903
35.403	248.874
35.413	248.908
35.423	248.886
35.433	249.147
35.443	249.617
35.453	249.864
35.463	250.331
35.473	250.637
35.483	250.624
35.493	249.944
35.503	246.561
35.513	246.041
35.523	247.283
35.533	248.258
35.543	248.310
35.553	248.351
35.563	248.361
35.573	248.454
35.583	248.489
35.593	248.571
35.603	248.733
35.613	248.923
35.623	249.111
35.633	249.144
35.643	249.331
35.653	249.314
35.663	249.161
35.673	249.186
35.683	249.646
35.693	250.235
35.703	250.198
35.713	250.608
35.723	251.210
35.733	250.751
35.743	250.738
35.753	250.666
35.763	251.322
35.773	249.423
35.783	246.910
35.793	247.104
35.803	245.834
35.813	245.890
35.823	247.649
35.833	248.130
35.843	248.101
35.853	247.992
35.863	247.910
35.873	248.019
35.883	247.988
35.893	248.134
35.903	248.225
35.913	248.314
35.923	248.316
35.933	248.293
35.943	248.398
35.953	248.369
35.963	248.368
35.973	248.339
35.983	248.387
35.993	248.395
36.003	248.362
36.013	248.391
36.023	248.386
36.033	248.422
36.043	248.433
36.053	248.479
36.063	248.450
36.073	248.518
36.083	248.521
36.093	248.519
36.103	248.490
36.113	248.465
36.123	248.446
36.133	248.352
36.143	248.458
36.153	248.402
36.163	248.433
36.173	248.414
36.183	248.354
36.193	248.342
36.203	248.202
36.213	248.232
36.223	248.155
36.233	248.163
36.243	248.128
36.253	248.150
36.263	248.212
36.273	248.256
36.283	248.299
36.293	248.359
36.303	248.410
36.313	248.406
36.323	248.434
36.333	248.418
36.343	248.352
36.353	248.348
36.363	248.324
36.373	248.413
36.383	248.797
36.393	249.153
36.403	0.000
36.413	0.000
36.423	203.512
36.433	186.259
36.443	183.684
36.453	183.970
36.463	184.049
36.473	184.353
36.483	184.589
36.493	184.640
36.503	184.745
36.513	184.747
36.523	184.773
36.533	184.832
36.543	184.927
36.553	185.074
36.563	185.206
36.573	185.274
36.583	185.389
36.593	185.516
36.603	185.546
36.613	185.601
36.623	185.596
36.633	185.650
36.643	185.642
36.653	186.175
36.663	186.807
36.673	187.140
36.683	187.344
36.693	186.689
36.703	184.911
36.713	184.343
36.723	182.641
36.733	182.422
36.743	183.215
36.753	183.249
36.763	184.080
36.773	184.495
36.783	184.667
36.793	184.774
36.803	184.777
36.813	184.687
36.823	184.639
36.833	184.584
36.843	184.616
36.853	184.655
36.863	184.717
36.873	184.768
36.883	184.828
36.893	184.852
36.903	184.900
36.913	184.941
36.923	184.983
36.933	184.964
36.943	184.946
36.953	184.902
36.963	184.897
36.973	184.933
36.983	184.943
36.993	185.013
37.003	185.029
37.013	185.018
37.023	185.031
37.033	185.104
37.043	185.097
37.053	185.148
37.063	185.098
37.073	185.116
37.083	185.130
37.093	185.109
37.103	185.120
37.113	185.128
37.123	185.099
37.133	185.125
37.143	185.118
37.153	185.161
37.163	185.175
37.173	185.185
37.183	185.188
37.193	185.196
37.203	185.172
37.213	185.213
37.223	185.215
37.233	185.286
37.243	185.310
37.253	185.387
37.263	185.543
37.273	186.130
37.283	186.895
37.293	187.177
37.303	186.793
37.313	184.884
37.323	183.241
37.333	182.483
37.343	183.248
37.353	184.157
37.363	184.430
37.373	184.806
37.383	184.917
37.393	184.953
37.403	184.945
37.413	184.958
37.423	184.963
37.433	184.942
37.443	185.029
37.453	185.060
37.463	185.166
37.473	185.280
37.483	185.274
37.493	185.338
37.503	185.436
37.513	185.347
37.523	185.175
37.533	185.642
37.543	186.134
37.553	186.751
37.563	186.635
37.573	186.282
37.583	185.777
37.593	183.869
37.603	183.866
37.613	183.286
37.623	182.625
37.633	183.532
37.643	183.409
37.653	183.662
37.663	183.842
37.673	184.058
37.683	184.038
37.693	184.327
37.703	184.469
37.713	184.553
37.723	184.557
37.733	184.618
37.743	184.696
37.753	184.803
37.763	184.841
37.773	184.891
37.783	184.856
37.793	184.842
37.803	184.796
37.813	184.774
37.823	184.768
37.833	184.798
37.843	184.832
37.853	184.889
37.863	184.918
37.873	184.972
37.883	184.984
37.893	185.008
37.903	184.990
37.913	184.990
37.923	185.019
37.933	184.991
37.943	185.011
37.953	185.029
37.963	185.029
37.973	185.059
37.983	185.065
37.993	185.090
38.003	185.100
38.013	185.069
38.023	185.041
38.033	185.028
38.043	184.995
38.053	185.023
38.063	185.031
38.073	184.965
38.083	184.985
38.093	184.964
38.103	185.011
38.113	185.021
38.123	185.030
38.133	185.118
38.143	185.196
38.153	185.218
38.163	185.373
38.173	185.592
38.183	186.299
38.193	186.698
38.203	187.747
38.213	189.145
38.223	0.000
38.233	0.000
38.243	0.000
38.253	244.687
38.263	246.738
38.273	247.482
38.283	247.268
38.293	247.246
38.303	247.232
38.313	247.344
38.323	247.547
38.333	247.740
38.343	248.131
38.353	248.497
38.363	248.801
38.373	248.943
38.383	249.124
38.393	249.423
38.403	249.423
38.413	249.556
38.423	249.594
38.433	248.621
38.443	248.870
38.453	249.234
38.463	249.478
38.473	249.917
38.483	250.767
38.493	249.632
38.503	247.719
38.513	246.536
38.523	245.070
38.533	246.373
38.543	245.300
38.553	245.902
38.563	246.569
38.573	247.266
38.583	247.268
38.593	247.179
38.603	247.033
38.613	246.874
38.623	246.881
38.633	247.028
38.643	247.246
38.653	247.424
38.663	247.501
38.673	247.600
38.683	247.621
38.693	247.581
38.703	247.629
38.713	247.608
38.723	247.640
38.733	247.688
38.743	247.864
38.753	247.964
38.763	248.100
38.773	248.205
38.783	248.291
38.793	248.625
38.803	248.821
38.813	249.282
38.823	250.050
38.833	251.331
38.843	251.062
38.853	0.000
38.863	0.000
38.873	0.000
38.883	0.000
38.893	0.000
38.903	0.000
38.913	0.000
38.923	0.000
38.933	0.000
38.943	0.000
38.953	0.000
38.963	0.000
38.973	0.000
38.983	0.000
38.993	0.000
39.003	0.000
39.013	0.000
39.023	0.000
39.033	0.000
39.043	0.000
39.053	0.000
39.063	0.000
39.073	0.000
39.083	0.000
39.093	0.000
39.103	0.000
39.113	149.833
39.123	151.234
39.133	151.838
39.143	152.204
39.153	147.896
39.163	148.011
39.173	147.725
39.183	147.470
39.193	147.383
39.203	147.325
39.213	147.351
39.223	147.340
39.233	147.400
39.243	147.626
39.253	147.958
39.263	148.118
39.273	148.091
39.283	148.090
39.293	148.013
39.303	148.389
39.313	148.734
39.323	149.219
39.333	149.028
39.343	149.275
39.353	149.043
39.363	149.023
39.373	148.657
39.383	0.000
39.393	0.000
39.403	0.000
39.413	0.000
39.423	147.870
39.433	147.368
39.443	147.596
39.453	147.680
39.463	147.733
39.473	147.868
39.483	147.941
39.493	147.978
39.503	147.999
39.513	148.088
39.523	148.096
39.533	148.119
39.543	148.192
39.553	148.208
39.563	148.136
39.573	148.020
39.583	147.974
39.593	147.947
39.603	147.934
39.613	147.948
39.623	147.915
39.633	147.886
39.643	147.827
39.653	147.730
39.663	147.697
39.673	147.700
39.683	147.764
39.693	147.857
39.703	147.913
39.713	147.957
39.723	147.918
39.733	147.846
39.743	147.844
39.753	147.756
39.763	147.689
39.773	147.642
39.783	147.606
39.793	147.612
39.803	147.638
39.813	147.648
39.823	147.661
39.833	147.720
39.843	147.743
39.853	147.743
39.863	147.671
39.873	147.659
39.883	147.649
39.893	147.697
39.903	147.733
39.913	147.773
39.923	147.763
39.933	147.792
39.943	147.854
39.953	148.184
39.963	148.762
39.973	151.923
39.983	157.793
39.993	160.830
40.003	0.000
40.013	0.000
40.023	0.000
40.033	220.831
40.043	220.125
40.053	220.825
40.063	220.540
40.073	220.502
40.083	220.701
40.093	221.054
40.103	221.223
40.113	221.422
40.123	221.658
40.133	221.862
40.143	221.844
40.153	221.795
40.163	221.748
40.173	221.638
40.183	221.919
40.193	222.351
40.203	222.332
40.213	222.666
40.223	222.772
40.233	221.998
40.243	223.043
40.253	223.963
40.263	222.672
40.273	221.245
40.283	222.640
40.293	225.145
40.303	0.000
40.313	0.000
40.323	0.000
40.333	0.000
40.343	218.613
40.353	220.000
40.363	219.722
40.373	219.692
40.383	220.002
40.393	220.108
40.403	220.196
40.413	220.163
40.423	220.224
40.433	220.512
40.443	220.934
40.453	221.213
40.463	221.298
40.473	221.399
40.483	221.497
40.493	221.545
40.503	221.571
40.513	221.578
40.523	221.622
40.533	221.573
40.543	221.651
40.553	221.669
40.563	221.629
40.573	221.598
40.583	221.661
40.593	221.695
40.603	221.651
40.613	221.621
40.623	221.563
40.633	221.618
40.643	221.610
40.653	221.535
40.663	221.556
40.673	221.585
40.683	221.593
40.693	221.526
40.703	221.553
40.713	221.538
40.723	221.618
40.733	221.591
40.743	221.565
40.753	221.522
40.763	221.532
40.773	221.479
40.783	221.505
40.793	221.506
40.803	221.550
40.813	221.564
40.823	221.549
40.833	221.558
40.843	221.624
40.853	221.641
40.863	221.643
40.873	221.629
40.883	221.629
40.893	221.818
40.903	221.903
40.913	220.856
40.923	219.260
40.933	214.715
40.943	0.000
40.953	0.000
40.963	164.452
40.973	164.588
40.983	164.525
40.993	164.801
41.003	164.961
41.013	165.189
41.023	165.423
41.033	165.561
41.043	165.653
41.053	165.795
41.063	166.017
41.073	166.194
41.083	166.484
41.093	166.883
41.103	167.207
41.113	167.294
41.123	167.011
41.133	166.703
41.143	167.345
41.153	167.848
41.163	167.644
41.173	168.394
41.183	168.610
41.193	169.369
41.203	166.153
41.213	165.148
41.223	165.768
41.233	165.393
41.243	165.229
41.253	165.295
41.263	165.494
41.273	165.823
41.283	165.997
41.293	165.970
41.303	166.065
41.313	166.223
41.323	166.302
41.333	166.341
41.343	166.455
41.353	166.547
41.363	166.544
41.373	166.467
41.383	166.275
41.393	166.102
41.403	166.010
41.413	165.915
41.423	165.917
41.433	165.953
41.443	166.141
41.453	166.333
41.463	166.544
41.473	166.620
41.483	166.735
41.493	166.859
41.503	166.896
41.513	166.879
41.523	166.805
41.533	166.774
41.543	166.780
41.553	166.767
41.563	166.765
41.573	166.772
41.583	166.736
41.593	166.700
41.603	166.672
41.613	166.678
41.623	166.759
41.633	166.874
41.643	166.965
41.653	166.969
41.663	167.021
41.673	167.132
41.683	167.185
41.693	167.150
41.703	167.095
41.713	167.118
41.723	167.128
41.733	167.069
41.743	167.112
41.753	167.101
41.763	166.668
41.773	163.191
41.783	164.531
41.793	0.000
41.803	0.000
41.813	0.000
41.823	0.000
41.833	0.000
41.843	0.000
41.853	0.000
41.863	0.000
41.873	0.000
41.883	246.759
41.893	248.074
41.903	248.505
41.913	248.593
41.923	248.167
41.933	247.863
41.943	247.694
41.953	247.561
41.963	247.626
41.973	247.935
41.983	248.175
41.993	248.537
42.003	248.823
42.013	248.954
42.023	249.439
42.033	250.156
42.043	250.756
42.053	251.024
42.063	251.215
42.073	250.916
42.083	250.765
42.093	250.778
42.103	250.332
42.113	250.691
42.123	250.587
42.133	249.128
42.143	247.832
42.153	247.578
42.163	248.256
42.173	246.951
42.183	246.873
42.193	247.059
42.203	247.341
42.213	247.536
42.223	247.681
42.233	247.701
42.243	247.734
42.253	247.758
42.263	247.725
42.273	247.865
42.283	247.958
42.293	248.079
42.303	248.049
42.313	248.034
42.323	248.036
42.333	248.092
42.343	248.144
42.353	248.238
42.363	248.395
42.373	248.431
42.383	248.631
42.393	248.838
42.403	249.033
42.413	249.211
42.423	249.512
42.433	250.085
42.443	250.509
42.453	251.813
42.463	252.710
42.473	0.000
42.483	0.000
42.493	0.000
42.503	0.000
42.513	0.000
42.523	0.000
42.533	0.000
42.543	0.000
42.553	0.000
42.563	0.000
42.573	0.000
42.583	0.000
42.593	0.000
42.603	0.000
42.613	0.000
42.623	0.000
42.633	0.000
42.643	0.000
42.653	0.000
42.663	0.000
42.673	0.000
42.683	0.000
42.693	0.000
42.703	0.000
42.713	0.000
42.723	0.000
42.733	0.000
42.743	0.000
42.753	0.000
42.763	0.000
42.773	0.000
42.783	241.993
42.793	243.447
42.803	244.084
42.813	245.891
42.823	246.966
42.833	247.825
42.843	248.068
42.853	248.315
42.863	248.332
42.873	248.281
42.883	248.440
42.893	248.639
42.903	248.894
42.913	249.059
42.923	249.228
42.933	249.493
42.943	250.046
42.953	250.385
42.963	251.263
42.973	251.631
42.983	251.884
42.993	251.802
43.003	250.848
43.013	250.574
43.023	250.522
43.033	248.568
43.043	246.535
43.053	246.967
43.063	246.972
43.073	246.958
43.083	247.573
43.093	247.689
43.103	248.321
43.113	248.597
43.123	248.452
43.133	248.480
43.143	248.321
43.153	248.318
43.163	248.537
43.173	248.587
43.183	248.809
43.193	248.960
43.203	249.042
43.213	249.135
43.223	249.148
43.233	249.201
43.243	249.186
43.253	249.181
43.263	249.162
43.273	249.187
43.283	249.141
43.293	249.152
43.303	249.213
43.313	249.215
43.323	249.295
43.333	249.333
43.343	249.347
43.353	249.349
43.363	249.258
43.373	249.266
43.383	249.236
43.393	249.193
43.403	249.244
43.413	249.195
43.423	249.190
43.433	249.193
43.443	249.088
43.453	249.100
43.463	249.113
43.473	249.121
43.483	249.214
43.493	249.264
43.503	249.261
43.513	249.286
43.523	249.295
43.533	249.246
43.543	249.273
43.553	249.245
43.563	249.273
43.573	249.296
43.583	249.326
43.593	249.485
43.603	249.514
43.613	249.751
43.623	250.177
43.633	250.368
43.643	250.338
43.653	248.269
43.663	0.000
43.673	221.408
43.683	219.145
43.693	220.293
43.703	220.742
43.713	220.812
43.723	220.828
43.733	220.954
43.743	221.111
43.753	221.316
43.763	221.365
43.773	221.500
43.783	221.636
43.793	221.824
43.803	221.974
43.813	222.131
43.823	222.033
43.833	221.948
43.843	222.238
43.853	222.355
43.863	221.941
43.873	222.063
43.883	223.016
43.893	222.519
43.903	222.452
43.913	222.463
43.923	222.735
43.933	221.718
43.943	224.555
43.953	223.268
43.963	221.510
43.973	219.390
43.983	219.414
43.993	219.011
44.003	219.362
44.013	219.857
44.023	220.349
44.033	220.519
44.043	221.004
44.053	221.530
44.063	221.657
44.073	221.619
44.083	221.502
44.093	221.622
44.103	221.722
44.113	221.922
44.123	221.841
44.133	221.954
44.143	221.998
44.153	222.265
44.163	222.317
44.173	222.267
44.183	222.632
44.193	222.966
44.203	223.974
44.213	224.487
44.223	224.175
44.233	226.322
44.243	222.931
44.253	220.716
44.263	219.735
44.273	220.199
44.283	220.780
44.293	221.097
44.303	221.102
44.313	221.170
44.323	221.150
44.333	221.191
44.343	221.073
44.353	221.028
44.363	221.069
44.373	221.256
44.383	221.461
44.393	221.537
44.403	221.776
44.413	221.839
44.423	221.890
44.433	221.922
44.443	221.971
44.453	222.087
44.463	222.248
44.473	222.832
44.483	222.847
44.493	222.538
44.503	223.546
44.513	228.705
44.523	241.801
44.533	245.324
44.543	244.963
44.553	243.155
44.563	246.119
44.573	247.485
44.583	248.158
44.593	247.954
44.603	247.803
44.613	247.805
44.623	247.790
44.633	247.995
44.643	248.115
44.653	248.416
44.663	248.745
44.673	248.945
44.683	248.988
44.693	249.093
44.703	249.066
44.713	249.045
44.723	248.911
44.733	248.895
44.743	248.811
44.753	249.061
44.763	250.102
44.773	251.339
44.783	251.899
44.793	251.910
44.803	251.978
44.813	249.268
44.823	245.617
44.833	242.817
44.843	245.677
44.853	247.688
44.863	248.026
44.873	248.026
44.883	248.263
44.893	248.684
44.903	248.938
44.913	249.865
44.923	250.849
44.933	251.032
44.943	251.060
44.953	249.517
44.963	245.055
44.973	245.261
44.983	246.527
44.993	247.485
45.003	247.679
45.013	247.851
45.023	248.114
45.033	248.599
45.043	248.987
45.053	249.928
45.063	250.711
45.073	251.051
45.083	251.138
45.093	250.391
45.103	247.854
45.113	245.354
45.123	245.294
45.133	246.083
45.143	247.095
45.153	247.360
45.163	247.514
45.173	247.767
45.183	247.884
45.193	248.403
45.203	249.298
45.213	250.171
45.223	250.416
45.233	250.894
45.243	249.788
45.253	245.842
45.263	244.745
45.273	245.720
45.283	247.139
45.293	247.198
45.303	247.594
45.313	247.854
45.323	248.139
45.333	248.362
45.343	249.056
45.353	249.929
45.363	250.292
45.373	250.559
45.383	250.696
45.393	247.931
45.403	244.335
45.413	246.104
45.423	247.234
45.433	247.138
45.443	247.126
45.453	247.229
45.463	247.385
45.473	247.529
45.483	247.767
45.493	247.952
45.503	248.150
45.513	248.181
45.523	248.337
45.533	248.450
45.543	248.493
45.553	248.583
45.563	248.621
45.573	248.793
45.583	248.763
45.593	248.809
45.603	248.806
45.613	248.732
45.623	248.875
45.633	249.552
45.643	250.330
45.653	250.389
45.663	251.094
45.673	251.502
45.683	250.483
45.693	249.138
45.703	245.183
45.713	244.540
45.723	246.426
45.733	247.367
45.743	247.380
45.753	247.247
45.763	247.392
45.773	247.635
45.783	248.155
45.793	248.971
45.803	249.524
45.813	249.855
45.823	250.295
45.833	249.841
45.843	246.689
45.853	245.448
45.863	246.394
45.873	246.812
45.883	247.258
45.893	247.464
45.903	247.890
45.913	248.132
45.923	248.930
45.933	249.802
45.943	250.064
45.953	250.540
45.963	250.768
45.973	250.134
45.983	248.967
45.993	244.359
46.003	244.909
46.013	245.527
46.023	246.900
46.033	247.188
46.043	247.277
46.053	247.332
46.063	247.523
46.073	247.903
46.083	248.576
46.093	249.052
46.103	249.785
46.113	250.176
46.123	250.439
46.133	250.152
46.143	247.687
46.153	245.460
46.163	245.863
46.173	247.076
46.183	247.499
46.193	247.547
46.203	247.798
46.213	247.949
46.223	248.262
46.233	248.455
46.243	249.134
46.253	249.956
46.263	250.533
46.273	250.623
46.283	249.938
46.293	244.577
46.303	243.820
46.313	246.989
46.323	246.827
46.333	246.792
46.343	246.790
46.353	246.875
46.363	247.088
46.373	247.238
46.383	247.463
46.393	247.669
46.403	247.829
46.413	247.901
46.423	248.036
46.433	248.232
46.443	248.369
46.453	248.442
46.463	248.589
46.473	248.710
46.483	248.766
46.493	248.911
46.503	248.948
46.513	249.056
46.523	248.964
46.533	248.930
46.543	249.241
46.553	249.445
46.563	250.526
46.573	251.137
46.583	250.638
46.593	249.595
46.603	246.279
46.613	244.322
46.623	242.659
46.633	242.750
46.643	245.655
46.653	246.616
46.663	246.686
46.673	246.931
46.683	247.142
46.693	247.551
46.703	247.839
46.713	248.597
46.723	249.557
46.733	249.781
46.743	250.242
46.753	249.874
46.763	245.660
46.773	244.340
46.783	245.734
46.793	246.414
46.803	247.023
46.813	247.111
46.823	247.415
46.833	247.707
46.843	248.025
46.853	248.872
46.863	249.740
46.873	249.877
46.883	249.935
46.893	246.668
46.903	243.823
46.913	245.643
46.923	246.898
46.933	247.190
46.943	247.226
46.953	247.252
46.963	247.448
46.973	247.868
46.983	248.443
46.993	248.794
47.003	249.684
47.013	250.094
47.023	250.531
47.033	249.561
47.043	245.688
47.053	244.961
47.063	246.258
47.073	247.405
47.083	247.726
47.093	247.831
47.103	247.831
47.113	247.879
47.123	248.066
47.133	248.274
47.143	249.058
47.153	249.918
47.163	250.310
47.173	250.536
47.183	249.546
47.193	244.113
47.203	243.307
47.213	246.529
47.223	247.061
47.233	246.724
47.243	246.680
47.253	246.696
47.263	246.844
47.273	247.120
47.283	247.255
47.293	247.518
47.303	247.767
47.313	247.923
47.323	248.166
47.333	248.374
47.343	248.510
47.353	248.551
47.363	248.624
47.373	248.659
47.383	248.742
47.393	248.765
47.403	248.714
47.413	248.710
47.423	248.857
47.433	249.615
47.443	250.398
47.453	250.875
47.463	251.143
47.473	250.254
47.483	245.800
47.493	242.852
47.503	243.223
47.513	246.745
47.523	246.856
47.533	246.713
47.543	246.664
47.553	246.933
47.563	247.186
47.573	247.730
47.583	248.414
47.593	249.314
47.603	249.754
47.613	250.083
47.623	249.196
47.633	244.460
47.643	243.661
47.653	245.430
47.663	246.385
47.673	246.606
47.683	246.836
47.693	247.068
47.703	247.580
47.713	248.087
47.723	248.999
47.733	249.909
47.743	250.106
47.753	250.283
47.763	248.293
47.773	243.306
47.783	244.707
47.793	246.578
47.803	246.802
47.813	246.819
47.823	246.810
47.833	246.900
47.843	247.234
47.853	247.492
47.863	248.222
47.873	249.078
47.883	249.752
47.893	250.104
47.903	249.856
47.913	247.492
47.923	244.715
47.933	245.069
47.943	246.897
47.953	247.253
47.963	247.346
47.973	247.305
47.983	247.263
47.993	247.279
48.003	247.422
48.013	247.972
48.023	248.770
48.033	249.214
48.043	249.796
48.053	249.574
48.063	244.960
48.073	243.608
48.083	245.783
48.093	246.223
48.103	246.264
48.113	246.290
48.123	246.300
48.133	246.477
48.143	246.603
48.153	246.916
48.163	247.212
48.173	247.495
48.183	247.646
48.193	247.912
48.203	248.144
48.213	248.289
48.223	248.469
48.233	248.619
48.243	248.742
48.253	248.806
48.263	248.989
48.273	249.090
48.283	249.155
48.293	249.196
48.303	249.201
48.313	249.321
48.323	249.238
48.333	249.318
48.343	249.481
48.353	249.603
48.363	249.427
48.373	249.672
48.383	250.466
48.393	250.064
48.403	250.572
48.413	0.000
48.423	0.000
48.433	0.000
48.443	0.000
48.453	0.000
48.463	0.000
48.473	0.000
48.483	0.000
48.493	0.000
48.503	0.000
48.513	0.000
48.523	0.000
48.533	0.000
48.543	0.000
48.553	0.000
48.563	0.000
48.573	0.000
48.583	0.000
48.593	0.000
48.603	0.000
48.613	0.000
48.623	0.000
48.633	0.000
48.643	0.000
48.653	0.000
48.663	0.000
48.673	0.000
48.683	0.000
48.693	0.000
48.703	0.000
48.713	0.000
48.723	0.000
48.733	0.000
48.743	0.000
48.753	0.000
48.763	0.000
48.773	0.000
48.783	0.000
48.793	0.000
48.803	0.000
48.813	0.000
48.823	0.000
48.833	0.000
48.843	0.000
48.853	0.000
48.863	0.000
48.873	0.000
48.883	0.000
48.893	0.000
48.903	0.000
48.913	0.000
48.923	0.000
48.933	0.000
48.943	0.000
48.953	0.000
48.963	0.000
48.973	0.000
48.983	0.000
48.993	0.000
49.003	0.000
49.013	0.000
49.023	0.000
49.033	0.000
49.043	0.000
49.053	0.000
49.063	0.000
49.073	0.000
49.083	0.000
49.093	0.000
49.103	0.000
49.113	0.000
49.123	0.000
49.133	0.000
49.143	0.000
49.153	0.000
49.163	0.000
49.173	0.000
49.183	0.000
49.193	0.000
49.203	0.000
49.213	0.000
49.223	0.000
49.233	0.000
49.243	0.000
49.253	0.000
49.263	0.000
49.273	0.000
49.283	0.000
49.293	0.000
49.303	0.000
49.313	0.000
49.323	0.000
49.333	0.000
49.343	0.000
49.353	0.000
49.363	0.000
49.373	0.000
49.383	0.000
49.393	0.000
49.403	0.000
49.413	0.000
49.423	0.000
49.433	0.000
49.443	0.000
49.453	0.000
49.463	0.000
49.473	0.000
49.483	0.000
49.493	0.000
49.503	0.000
49.513	0.000
49.523	0.000
49.533	0.000
49.543	0.000
49.553	0.000
49.563	0.000
49.573	0.000
49.583	0.000
49.593	0.000
49.603	0.000
49.613	0.000
49.623	0.000
49.633	0.000
49.643	0.000
49.653	0.000
49.663	0.000
49.673	0.000
49.683	0.000
49.693	0.000
49.703	0.000
49.713	0.000
49.723	0.000
49.733	0.000
49.743	0.000
49.753	0.000
49.763	0.000
49.773	0.000
49.783	0.000
49.793	0.000
49.803	0.000
