0.023	0.000
0.033	0.000
0.043	0.000
0.053	0.000
0.063	0.000
0.073	0.000
0.083	0.000
0.093	0.000
0.103	0.000
0.113	0.000
0.123	0.000
0.133	0.000
0.143	0.000
0.153	0.000
0.163	0.000
0.173	0.000
0.183	0.000
0.193	0.000
0.203	0.000
0.213	0.000
0.223	0.000
0.233	0.000
0.243	0.000
0.253	0.000
0.263	0.000
0.273	0.000
0.283	0.000
0.293	0.000
0.303	0.000
0.313	0.000
0.323	0.000
0.333	0.000
0.343	0.000
0.353	0.000
0.363	0.000
0.373	0.000
0.383	0.000
0.393	0.000
0.403	0.000
0.413	0.000
0.423	0.000
0.433	0.000
0.443	0.000
0.453	0.000
0.463	0.000
0.473	0.000
0.483	0.000
0.493	0.000
0.503	0.000
0.513	0.000
0.523	0.000
0.533	0.000
0.543	0.000
0.553	0.000
0.563	0.000
0.573	0.000
0.583	0.000
0.593	0.000
0.603	0.000
0.613	0.000
0.623	0.000
0.633	0.000
0.643	0.000
0.653	0.000
0.663	0.000
0.673	0.000
0.683	0.000
0.693	0.000
0.703	0.000
0.713	0.000
0.723	0.000
0.733	0.000
0.743	0.000
0.753	0.000
0.763	0.000
0.773	0.000
0.783	0.000
0.793	0.000
0.803	0.000
0.813	0.000
0.823	0.000
0.833	0.000
0.843	0.000
0.853	0.000
0.863	0.000
0.873	0.000
0.883	0.000
0.893	0.000
0.903	0.000
0.913	0.000
0.923	0.000
0.933	237.137
0.943	238.700
0.953	242.355
0.963	244.927
0.973	245.284
0.983	245.845
0.993	245.668
1.003	245.682
1.013	245.625
1.023	245.483
1.033	245.521
1.043	245.882
1.053	246.729
1.063	250.760
1.073	258.810
1.083	267.538
1.093	270.729
1.103	272.060
1.113	273.045
1.123	273.413
1.133	274.323
1.143	275.260
1.153	275.798
1.163	275.989
1.173	276.447
1.183	277.184
1.193	278.652
1.203	279.341
1.213	280.014
1.223	286.518
1.233	288.788
1.243	289.755
1.253	289.764
1.263	290.390
1.273	290.819
1.283	291.578
1.293	291.750
1.303	291.843
1.313	291.880
1.323	291.672
1.333	291.520
1.343	291.560
1.353	291.411
1.363	291.198
1.373	290.988
1.383	290.798
1.393	290.557
1.403	290.142
1.413	290.288
1.423	290.642
1.433	291.073
1.443	290.962
1.453	289.917
1.463	285.026
1.473	280.689
1.483	271.741
1.493	271.384
1.503	288.247
1.513	290.801
1.523	291.404
1.533	291.673
1.543	291.718
1.553	292.550
1.563	292.714
1.573	292.585
1.583	292.021
1.593	291.795
1.603	292.093
1.613	292.591
1.623	292.574
1.633	293.076
1.643	294.021
1.653	292.501
1.663	291.396
1.673	288.914
1.683	0.000
1.693	0.000
1.703	0.000
1.713	0.000
1.723	0.000
1.733	0.000
1.743	0.000
1.753	0.000
1.763	0.000
1.773	0.000
1.783	0.000
1.793	0.000
1.803	276.344
1.813	277.290
1.823	277.782
1.833	278.003
1.843	277.971
1.853	277.818
1.863	277.354
1.873	276.501
1.883	276.094
1.893	275.150
1.903	273.996
1.913	272.079
1.923	270.387
1.933	265.142
1.943	250.329
1.953	248.060
1.963	246.651
1.973	246.332
1.983	246.084
1.993	246.198
2.003	246.169
2.013	246.246
2.023	246.301
2.033	246.426
2.043	246.653
2.053	246.834
2.063	246.868
2.073	246.915
2.083	247.713
2.093	249.790
2.103	251.117
2.113	267.605
2.123	274.359
2.133	275.391
2.143	276.342
2.153	277.106
2.163	277.691
2.173	277.918
2.183	278.128
2.193	278.285
2.203	278.343
2.213	278.210
2.223	278.008
2.233	277.780
2.243	277.619
2.253	277.021
2.263	276.428
2.273	275.880
2.283	275.584
2.293	275.003
2.303	274.271
2.313	273.947
2.323	273.416
2.333	273.505
2.343	273.869
2.353	274.131
2.363	274.777
2.373	275.548
2.383	276.512
2.393	276.859
2.403	277.579
2.413	278.089
2.423	278.244
2.433	278.413
2.443	278.408
2.453	278.160
2.463	277.888
2.473	277.117
2.483	276.231
2.493	275.811
2.503	275.028
2.513	274.417
2.523	273.941
2.533	273.781
2.543	273.806
2.553	274.018
2.563	274.302
2.573	274.587
2.583	275.521
2.593	276.341
2.603	276.362
2.613	275.944
2.623	275.715
2.633	275.229
2.643	274.077
2.653	272.824
2.663	274.034
2.673	273.839
2.683	0.000
2.693	0.000
2.703	0.000
2.713	0.000
2.723	272.151
2.733	273.646
2.743	274.720
2.753	274.886
2.763	275.360
2.773	275.660
2.783	275.712
2.793	276.011
2.803	276.439
2.813	277.673
2.823	279.250
2.833	283.481
2.843	287.234
2.853	288.684
2.863	290.565
2.873	291.731
2.883	292.338
2.893	292.400
2.903	292.395
2.913	292.220
2.923	292.058
2.933	292.011
2.943	292.334
2.953	292.381
2.963	290.861
2.973	288.770
2.983	288.396
2.993	0.000
3.003	0.000
3.013	0.000
3.023	328.007
3.033	328.803
3.043	329.418
3.053	329.676
3.063	329.598
3.073	329.593
3.083	329.607
3.093	329.418
3.103	329.216
3.113	329.173
3.123	329.022
3.133	329.240
3.143	329.309
3.153	329.192
3.163	329.091
3.173	0.000
3.183	0.000
3.193	0.000
3.203	0.000
3.213	0.000
3.223	0.000
3.233	0.000
3.243	0.000
3.253	0.000
3.263	0.000
3.273	0.000
3.283	0.000
3.293	0.000
3.303	0.000
3.313	0.000
3.323	0.000
3.333	327.729
3.343	327.207
3.353	326.944
3.363	326.467
3.373	326.430
3.383	326.286
3.393	326.790
3.403	326.336
3.413	325.792
3.423	327.512
3.433	326.533
3.443	327.668
3.453	326.989
3.463	329.355
3.473	332.030
3.483	0.000
3.493	0.000
3.503	0.000
3.513	0.000
3.523	0.000
3.533	0.000
3.543	0.000
3.553	0.000
3.563	273.647
3.573	274.369
3.583	273.903
3.593	270.384
3.603	274.128
3.613	279.110
3.623	288.309
3.633	289.942
3.643	290.623
3.653	290.810
3.663	290.969
3.673	290.723
3.683	290.350
3.693	289.482
3.703	288.628
3.713	287.271
3.723	286.494
3.733	284.097
3.743	281.795
3.753	279.733
3.763	279.196
3.773	278.960
3.783	279.018
3.793	279.171
3.803	279.383
3.813	279.273
3.823	279.128
3.833	278.904
3.843	278.558
3.853	278.227
3.863	278.149
3.873	277.938
3.883	277.931
3.893	278.617
3.903	278.830
3.913	279.478
3.923	286.372
3.933	291.625
3.943	292.074
3.953	292.853
3.963	294.061
3.973	294.654
3.983	295.376
3.993	295.728
4.003	295.705
4.013	295.615
4.023	295.690
4.033	295.655
4.043	295.661
4.053	295.734
4.063	295.578
4.073	295.072
4.083	294.688
4.093	293.797
4.103	293.013
4.113	292.510
4.123	292.254
4.133	291.915
4.143	291.448
4.153	291.236
4.163	290.903
4.173	291.017
4.183	291.440
4.193	291.799
4.203	292.597
4.213	293.407
4.223	293.857
4.233	294.719
4.243	295.297
4.253	295.546
4.263	295.587
4.273	295.687
4.283	295.684
4.293	295.421
4.303	295.180
4.313	294.524
4.323	293.696
4.333	293.278
4.343	292.393
4.353	291.583
4.363	290.261
4.373	289.667
4.383	289.920
4.393	290.685
4.403	290.131
4.413	290.079
4.423	291.300
4.433	292.179
4.443	292.327
4.453	0.000
4.463	0.000
4.473	0.000
4.483	0.000
4.493	0.000
4.503	0.000
4.513	0.000
4.523	0.000
4.533	0.000
4.543	237.613
4.553	238.959
4.563	241.798
4.573	242.898
4.583	243.850
4.593	244.194
4.603	244.257
4.613	244.796
4.623	245.261
4.633	246.396
4.643	246.323
4.653	246.300
4.663	246.688
4.673	248.807
4.683	260.322
4.693	270.387
4.703	275.780
4.713	277.258
4.723	278.385
4.733	278.509
4.743	279.475
4.753	280.156
4.763	280.471
4.773	280.658
4.783	281.750
4.793	283.988
4.803	284.940
4.813	284.697
4.823	0.000
4.833	0.000
4.843	0.000
4.853	294.674
4.863	294.899
4.873	294.536
4.883	294.432
4.893	294.454
4.903	294.311
4.913	294.074
4.923	293.488
4.933	293.693
4.943	294.616
4.953	294.540
4.963	293.871
4.973	293.995
4.983	294.114
4.993	293.838
5.003	293.935
5.013	294.357
5.023	294.264
5.033	294.231
5.043	294.652
5.053	294.543
5.063	293.888
5.073	292.930
5.083	289.482
5.093	289.509
5.103	290.772
5.113	0.000
5.123	0.000
5.133	0.000
5.143	283.955
5.153	291.918
5.163	292.161
5.173	293.153
5.183	294.140
5.193	294.533
5.203	294.644
5.213	294.673
5.223	294.798
5.233	294.950
5.243	295.386
5.253	295.478
5.263	294.394
5.273	293.831
5.283	293.491
5.293	292.275
5.303	290.629
5.313	290.369
5.323	286.874
5.333	0.000
5.343	0.000
5.353	0.000
5.363	0.000
5.373	0.000
5.383	0.000
5.393	0.000
5.403	0.000
5.413	0.000
5.423	0.000
5.433	0.000
5.443	0.000
5.453	0.000
5.463	0.000
5.473	0.000
5.483	276.133
5.493	276.889
5.503	277.074
5.513	277.323
5.523	277.396
5.533	276.680
5.543	276.249
5.553	275.463
5.563	275.054
5.573	273.750
5.583	271.095
5.593	270.297
5.603	246.055
5.613	245.903
5.623	245.277
5.633	244.985
5.643	244.518
5.653	244.280
5.663	244.814
5.673	244.939
5.683	245.683
5.693	246.103
5.703	246.321
5.713	246.085
5.723	245.641
5.733	246.718
5.743	249.427
5.753	253.508
5.763	0.000
5.773	273.564
5.783	275.118
5.793	276.543
5.803	276.815
5.813	276.897
5.823	277.223
5.833	277.828
5.843	278.033
5.853	277.984
5.863	277.981
5.873	278.085
5.883	278.129
5.893	278.200
5.903	278.224
5.913	278.004
5.923	277.858
5.933	277.383
5.943	276.901
5.953	276.528
5.963	275.803
5.973	274.960
5.983	274.099
5.993	273.804
6.003	273.487
6.013	273.432
6.023	273.564
6.033	273.700
6.043	274.246
6.053	275.147
6.063	275.626
6.073	276.798
6.083	277.809
6.093	278.440
6.103	278.735
6.113	279.183
6.123	279.481
6.133	279.527
6.143	279.498
6.153	279.330
6.163	278.998
6.173	278.765
6.183	278.465
6.193	277.765
6.203	277.041
6.213	276.805
6.223	276.208
6.233	275.932
6.243	276.125
6.253	276.286
6.263	277.148
6.273	0.000
6.283	0.000
6.293	0.000
6.303	0.000
6.313	0.000
6.323	0.000
6.333	0.000
6.343	0.000
6.353	0.000
6.363	270.017
6.373	273.944
6.383	275.354
6.393	275.713
6.403	276.155
6.413	276.743
6.423	276.852
6.433	277.088
6.443	277.169
6.453	277.306
6.463	277.524
6.473	279.287
6.483	283.083
6.493	286.215
6.503	287.453
6.513	289.357
6.523	290.420
6.533	291.072
6.543	291.802
6.553	291.786
6.563	290.721
6.573	290.252
6.583	290.201
6.593	292.280
6.603	293.639
6.613	0.000
6.623	0.000
6.633	0.000
6.643	0.000
6.653	0.000
6.663	0.000
6.673	0.000
6.683	323.600
6.693	325.816
6.703	326.805
6.713	326.989
6.723	327.062
6.733	326.708
6.743	326.340
6.753	326.218
6.763	326.130
6.773	326.161
6.783	326.262
6.793	326.433
6.803	326.706
6.813	327.150
6.823	327.219
6.833	327.164
6.843	326.816
6.853	326.021
6.863	326.245
6.873	325.836
6.883	325.878
6.893	326.093
6.903	326.886
6.913	326.277
6.923	327.212
6.933	328.702
6.943	0.000
6.953	0.000
6.963	0.000
6.973	0.000
6.983	0.000
6.993	0.000
7.003	0.000
7.013	359.952
7.023	368.806
7.033	369.852
7.043	369.873
7.053	369.489
7.063	369.147
7.073	368.974
7.083	368.355
7.093	367.610
7.103	366.819
7.113	366.302
7.123	365.247
7.133	364.123
7.143	363.412
7.153	0.000
7.163	324.252
7.173	325.104
7.183	325.389
7.193	326.280
7.203	326.770
7.213	326.694
7.223	327.012
7.233	326.978
7.243	326.650
7.253	326.500
7.263	326.586
7.273	326.018
7.283	322.619
7.293	320.457
7.303	0.000
7.313	0.000
7.323	0.000
7.333	0.000
7.343	291.700
7.353	291.626
7.363	291.947
7.373	292.700
7.383	293.717
7.393	297.044
7.403	296.506
7.413	293.019
7.423	290.300
7.433	290.189
7.443	290.235
7.453	287.977
7.463	282.452
7.473	281.597
7.483	281.399
7.493	280.521
7.503	280.076
7.513	279.935
7.523	279.884
7.533	279.899
7.543	280.091
7.553	280.406
7.563	280.685
7.573	279.934
7.583	279.106
7.593	277.319
7.603	274.967
7.613	273.199
7.623	268.692
7.633	268.143
7.643	249.138
7.653	247.476
7.663	246.639
7.673	245.723
7.683	246.242
7.693	246.369
7.703	246.382
7.713	246.311
7.723	246.039
7.733	245.524
7.743	244.893
7.753	244.134
7.763	243.820
7.773	243.640
7.783	243.328
7.793	243.174
7.803	243.077
7.813	243.041
7.823	243.046
7.833	243.112
7.843	243.320
7.853	243.395
7.863	243.547
7.873	243.577
7.883	243.912
7.893	244.641
7.903	245.069
7.913	245.949
7.923	246.300
7.933	246.523
7.943	246.511
7.953	246.536
7.963	246.198
7.973	245.923
7.983	245.113
7.993	244.255
8.003	243.634
8.013	243.467
8.023	243.410
8.033	243.526
8.043	243.808
8.053	244.024
8.063	244.607
8.073	245.346
8.083	245.806
8.093	246.507
8.103	247.014
8.113	246.792
8.123	245.919
8.133	244.280
8.143	244.656
8.153	245.218
8.163	0.000
8.173	0.000
8.183	0.000
8.193	0.000
8.203	0.000
8.213	0.000
8.223	0.000
8.233	0.000
8.243	287.467
8.253	291.270
8.263	291.807
8.273	292.328
8.283	292.566
8.293	292.880
8.303	292.910
8.313	292.906
8.323	292.962
8.333	292.781
8.343	293.559
8.353	0.000
8.363	0.000
8.373	0.000
8.383	0.000
8.393	0.000
8.403	0.000
8.413	325.982
8.423	327.581
8.433	328.208
8.443	328.847
8.453	328.754
8.463	328.584
8.473	328.546
8.483	328.900
8.493	330.053
8.503	0.000
8.513	0.000
8.523	0.000
8.533	371.548
8.543	371.973
8.553	372.029
8.563	372.116
8.573	372.235
8.583	372.257
8.593	372.137
8.603	371.805
8.613	371.661
8.623	371.632
8.633	371.544
8.643	371.277
8.653	371.317
8.663	371.452
8.673	371.429
8.683	369.768
8.693	369.110
8.703	368.496
8.713	369.727
8.723	367.217
8.733	366.421
8.743	0.000
8.753	0.000
8.763	0.000
8.773	0.000
8.783	0.000
8.793	0.000
8.803	0.000
8.813	0.000
8.823	0.000
8.833	0.000
8.843	0.000
8.853	366.237
8.863	366.850
8.873	368.063
8.883	368.334
8.893	368.607
8.903	369.588
8.913	370.063
8.923	370.436
8.933	370.610
8.943	370.695
8.953	370.510
8.963	370.492
8.973	370.727
8.983	368.300
8.993	368.876
9.003	0.000
9.013	0.000
9.023	0.000
9.033	0.000
9.043	0.000
9.053	0.000
9.063	0.000
9.073	0.000
9.083	0.000
9.093	0.000
9.103	0.000
9.113	0.000
9.123	0.000
9.133	0.000
9.143	325.643
9.153	327.212
9.163	327.326
9.173	327.281
9.183	327.370
9.193	327.206
9.203	327.033
9.213	326.737
9.223	326.552
9.233	326.333
9.243	326.081
9.253	325.759
9.263	324.426
9.273	0.000
9.283	0.000
9.293	293.138
9.303	293.297
9.313	293.120
9.323	293.054
9.333	293.209
9.343	293.256
9.353	293.478
9.363	293.488
9.373	293.463
9.383	293.550
9.393	293.286
9.403	292.984
9.413	294.230
9.423	295.099
9.433	296.849
9.443	300.155
9.453	310.314
9.463	324.906
9.473	328.320
9.483	330.497
9.493	330.348
9.503	331.025
9.513	331.005
9.523	330.623
9.533	329.730
9.543	328.629
9.553	327.435
9.563	326.946
9.573	326.152
9.583	325.295
9.593	324.827
9.603	324.820
9.613	324.639
9.623	324.457
9.633	324.538
9.643	324.772
9.653	325.331
9.663	326.205
9.673	326.466
9.683	327.068
9.693	327.746
9.703	328.100
9.713	328.972
9.723	329.607
9.733	330.055
9.743	330.271
9.753	330.330
9.763	329.922
9.773	329.099
9.783	328.579
9.793	327.203
9.803	326.115
9.813	325.863
9.823	324.994
9.833	324.150
9.843	324.085
9.853	324.296
9.863	324.958
9.873	325.601
9.883	326.404
9.893	326.885
9.903	328.193
9.913	328.885
9.923	328.860
9.933	328.824
9.943	328.645
9.953	328.325
9.963	328.460
9.973	0.000
9.983	0.000
9.993	0.000
10.003	0.000
10.013	0.000
10.023	0.000
10.033	0.000
10.043	0.000
10.053	0.000
10.063	324.855
10.073	325.991
10.083	323.744
10.093	325.529
10.103	327.419
10.113	325.994
10.123	325.563
10.133	324.856
10.143	324.992
10.153	326.236
10.163	325.217
10.173	325.214
10.183	326.619
10.193	327.786
10.203	0.000
10.213	367.365
10.223	369.165
10.233	370.162
10.243	370.500
10.253	370.557
10.263	370.914
10.273	370.887
10.283	370.784
10.293	370.507
10.303	370.403
10.313	371.608
10.323	373.632
10.333	376.211
10.343	389.136
10.353	389.065
10.363	391.529
10.373	392.230
10.383	392.901
10.393	393.439
10.403	393.746
10.413	393.685
10.423	393.573
10.433	393.511
10.443	393.388
10.453	393.228
10.463	393.115
10.473	393.090
10.483	393.261
10.493	393.323
10.503	392.636
10.513	392.314
10.523	392.473
10.533	392.413
10.543	391.822
10.553	391.486
10.563	392.201
10.573	392.387
10.583	392.950
10.593	393.126
10.603	398.489
10.613	398.668
10.623	395.654
10.633	0.000
10.643	0.000
10.653	0.000
10.663	391.928
10.673	390.936
10.683	390.606
10.693	390.258
10.703	390.140
10.713	390.209
10.723	390.402
10.733	390.705
10.743	390.789
10.753	390.674
10.763	390.338
10.773	390.852
10.783	391.206
10.793	391.236
10.803	391.429
10.813	391.799
10.823	392.761
10.833	393.480
10.843	392.284
10.853	389.948
10.863	390.574
10.873	389.941
10.883	389.453
10.893	392.953
10.903	394.397
10.913	393.488
10.923	396.435
10.933	394.790
10.943	0.000
10.953	0.000
10.963	0.000
10.973	0.000
10.983	0.000
10.993	363.762
11.003	364.031
11.013	364.588
11.023	365.437
11.033	366.229
11.043	366.600
11.053	366.258
11.063	365.547
11.073	365.298
11.083	364.796
11.093	0.000
11.103	325.810
11.113	326.391
11.123	327.518
11.133	327.469
11.143	327.277
11.153	327.503
11.163	327.377
11.173	327.528
11.183	327.623
11.193	327.879
11.203	327.964
11.213	327.760
11.223	327.666
11.233	327.576
11.243	327.811
11.253	0.000
11.263	0.000
11.273	0.000
11.283	0.000
11.293	0.000
11.303	370.859
11.313	371.624
11.323	372.625
11.333	372.878
11.343	371.710
11.353	368.410
11.363	366.740
11.373	362.877
11.383	361.966
11.393	362.294
11.403	362.759
11.413	363.187
11.423	363.048
11.433	362.895
11.443	363.247
11.453	364.213
11.463	365.473
11.473	366.349
11.483	368.432
11.493	370.250
11.503	370.905
11.513	371.228
11.523	372.382
11.533	373.318
11.543	373.313
11.553	373.158
11.563	372.708
11.573	371.455
11.583	370.680
11.593	369.449
11.603	368.850
11.613	368.301
11.623	367.686
11.633	365.289
11.643	364.627
11.653	364.856
11.663	365.571
11.673	367.024
11.683	369.289
11.693	370.364
11.703	371.099
11.713	371.689
11.723	372.382
11.733	373.625
11.743	373.042
11.753	373.545
11.763	373.560
11.773	372.022
11.783	372.208
11.793	373.493
11.803	0.000
11.813	0.000
11.823	0.000
11.833	0.000
11.843	0.000
11.853	0.000
11.863	0.000
11.873	0.000
11.883	0.000
11.893	0.000
11.903	0.000
11.913	288.931
11.923	291.728
11.933	292.216
11.943	292.583
11.953	292.926
11.963	293.071
11.973	293.051
11.983	293.024
11.993	292.996
12.003	293.440
12.013	293.523
12.023	293.380
12.033	0.000
12.043	0.000
12.053	0.000
12.063	0.000
12.073	328.417
12.083	328.311
12.093	328.662
12.103	329.702
12.113	330.047
12.123	330.098
12.133	330.365
12.143	330.209
12.153	331.312
12.163	332.356
12.173	333.294
12.183	356.530
12.193	362.220
12.203	367.105
12.213	368.898
12.223	370.511
12.233	370.510
12.243	370.491
12.253	370.138
12.263	370.003
12.273	369.639
12.283	369.451
12.293	369.348
12.303	369.341
12.313	369.414
12.323	369.057
12.333	367.245
12.343	366.170
12.353	365.334
12.363	365.577
12.373	366.000
12.383	361.718
12.393	0.000
12.403	0.000
12.413	0.000
12.423	0.000
12.433	0.000
12.443	0.000
12.453	0.000
12.463	0.000
12.473	0.000
12.483	0.000
12.493	0.000
12.503	365.482
12.513	367.875
12.523	367.882
12.533	367.955
12.543	367.713
12.553	367.859
12.563	368.026
12.573	368.415
12.583	368.764
12.593	368.884
12.603	368.766
12.613	368.378
12.623	367.568
12.633	367.686
12.643	367.710
12.653	0.000
12.663	0.000
12.673	0.000
12.683	0.000
12.693	0.000
12.703	0.000
12.713	0.000
12.723	0.000
12.733	0.000
12.743	0.000
12.753	0.000
12.763	0.000
12.773	0.000
12.783	0.000
12.793	324.193
12.803	325.700
12.813	325.999
12.823	326.036
12.833	325.914
12.843	325.813
12.853	325.829
12.863	325.827
12.873	325.906
12.883	326.059
12.893	326.231
12.903	324.471
12.913	323.373
12.923	0.000
12.933	291.097
12.943	291.280
12.953	292.114
12.963	292.456
12.973	292.675
12.983	292.938
12.993	292.965
13.003	292.883
13.013	292.800
13.023	292.787
13.033	292.716
13.043	293.165
13.053	294.712
13.063	295.451
13.073	0.000
13.083	331.534
13.093	330.248
13.103	329.420
13.113	329.232
13.123	329.189
13.133	328.911
13.143	327.279
13.153	326.114
13.163	325.383
13.173	324.981
13.183	324.619
13.193	324.099
13.203	324.425
13.213	324.711
13.223	324.988
13.233	326.005
13.243	326.777
13.253	327.419
13.263	328.414
13.273	327.352
13.283	326.432
13.293	0.000
13.303	0.000
13.313	0.000
13.323	0.000
13.333	0.000
13.343	0.000
13.353	0.000
13.363	0.000
13.373	0.000
13.383	0.000
13.393	323.454
13.403	327.229
13.413	328.135
13.423	328.161
13.433	328.066
13.443	328.045
13.453	328.110
13.463	328.036
13.473	327.935
13.483	327.762
13.493	327.529
13.503	327.320
13.513	327.578
13.523	328.384
13.533	327.843
13.543	328.307
13.553	328.571
13.563	328.672
13.573	0.000
13.583	0.000
13.593	0.000
13.603	0.000
13.613	0.000
13.623	0.000
13.633	0.000
13.643	0.000
13.653	0.000
13.663	0.000
13.673	0.000
13.683	0.000
13.693	271.324
13.703	272.809
13.713	280.479
13.723	288.534
13.733	291.173
13.743	291.787
13.753	292.230
13.763	292.450
13.773	292.354
13.783	291.974
13.793	289.585
13.803	287.116
13.813	285.198
13.823	284.131
13.833	282.076
13.843	280.115
13.853	279.821
13.863	279.685
13.873	279.490
13.883	279.382
13.893	279.304
13.903	279.468
13.913	279.251
13.923	279.008
13.933	278.523
13.943	278.090
13.953	277.435
13.963	276.891
13.973	275.766
13.983	274.451
13.993	269.119
14.003	0.000
14.013	245.832
14.023	246.877
14.033	246.760
14.043	246.673
14.053	246.422
14.063	246.219
14.073	246.223
14.083	246.059
14.093	245.885
14.103	245.726
14.113	245.538
14.123	245.204
14.133	244.852
14.143	244.665
14.153	243.997
14.163	243.357
14.173	242.860
14.183	242.673
14.193	242.177
14.203	242.034
14.213	242.131
14.223	242.528
14.233	242.898
14.243	243.139
14.253	243.339
14.263	243.686
14.273	243.993
14.283	244.190
14.293	244.624
14.303	245.282
14.313	245.587
14.323	245.575
14.333	245.772
14.343	245.793
14.353	245.697
14.363	245.736
14.373	245.602
14.383	245.410
14.393	245.243
14.403	244.855
14.413	244.431
14.423	244.122
14.433	243.988
14.443	243.815
14.453	243.793
14.463	243.886
14.473	244.095
14.483	244.466
14.493	244.863
14.503	245.159
14.513	245.693
14.523	246.085
14.533	246.495
14.543	246.649
14.553	246.908
14.563	247.067
14.573	247.153
14.583	247.101
14.593	246.943
14.603	246.791
14.613	246.655
14.623	246.470
14.633	246.130
14.643	245.790
14.653	245.328
14.663	244.900
14.673	244.513
14.683	244.375
14.693	244.203
14.703	244.227
14.713	244.444
14.723	244.587
14.733	244.962
14.743	245.367
14.753	245.538
14.763	245.879
14.773	246.195
14.783	246.473
14.793	246.580
14.803	246.869
14.813	247.020
14.823	247.016
14.833	247.119
14.843	247.186
14.853	247.126
14.863	247.055
14.873	246.729
14.883	246.404
14.893	246.035
14.903	245.898
14.913	245.371
14.923	244.934
14.933	244.692
14.943	244.387
14.953	244.288
14.963	244.356
14.973	244.499
14.983	244.781
14.993	245.263
15.003	245.670
15.013	245.955
15.023	246.259
15.033	246.521
15.043	246.680
15.053	246.909
15.063	247.290
15.073	247.600
15.083	247.584
15.093	247.583
15.103	247.494
15.113	247.302
15.123	247.040
15.133	246.699
15.143	246.400
15.153	246.169
15.163	245.762
15.173	245.243
15.183	244.801
15.193	244.729
15.203	244.550
15.213	244.594
15.223	244.759
15.233	244.994
15.243	245.370
15.253	245.828
15.263	246.102
15.273	246.421
15.283	246.744
15.293	246.936
15.303	247.254
15.313	247.409
15.323	247.449
15.333	247.462
15.343	247.358
15.353	247.137
15.363	246.794
15.373	246.553
15.383	246.015
15.393	245.330
15.403	245.092
15.413	244.568
15.423	244.144
15.433	243.799
15.443	243.840
15.453	243.985
15.463	244.352
15.473	244.593
15.483	244.937
15.493	245.312
15.503	245.626
15.513	245.724
15.523	246.169
15.533	246.632
15.543	246.808
15.553	246.892
15.563	246.848
15.573	246.671
15.583	246.556
15.593	246.206
15.603	245.810
15.613	245.302
15.623	245.125
15.633	244.745
15.643	244.352
15.653	244.309
15.663	243.879
15.673	243.802
15.683	244.042
15.693	244.148
15.703	244.635
15.713	245.051
15.723	245.395
15.733	245.637
15.743	245.824
15.753	246.136
15.763	246.243
15.773	246.280
15.783	246.214
15.793	246.284
15.803	246.165
15.813	246.063
15.823	245.871
15.833	245.749
15.843	0.000
15.853	0.000
15.863	0.000
15.873	0.000
15.883	0.000
15.893	0.000
15.903	0.000
15.913	0.000
15.923	0.000
15.933	0.000
15.943	0.000
15.953	0.000
15.963	0.000
15.973	0.000
15.983	0.000
15.993	0.000
16.003	0.000
16.013	0.000
16.023	0.000
16.033	0.000
16.043	0.000
16.053	0.000
16.063	0.000
16.073	0.000
16.083	0.000
16.093	0.000
16.103	0.000
16.113	0.000
16.123	0.000
16.133	0.000
16.143	0.000
16.153	0.000
16.163	0.000
16.173	0.000
16.183	0.000
16.193	0.000
16.203	0.000
16.213	0.000
16.223	0.000
16.233	0.000
16.243	0.000
16.253	0.000
16.263	0.000
16.273	0.000
16.283	0.000
16.293	0.000
16.303	0.000
16.313	0.000
16.323	0.000
16.333	0.000
16.343	0.000
16.353	0.000
16.363	0.000
16.373	0.000
16.383	0.000
16.393	0.000
16.403	0.000
16.413	0.000
16.423	0.000
16.433	0.000
16.443	0.000
16.453	0.000
16.463	0.000
16.473	0.000
16.483	0.000
16.493	0.000
16.503	0.000
16.513	0.000
16.523	0.000
16.533	0.000
16.543	0.000
16.553	0.000
16.563	0.000
16.573	0.000
16.583	0.000
16.593	0.000
16.603	0.000
16.613	0.000
16.623	0.000
16.633	0.000
16.643	0.000
16.653	0.000
16.663	0.000
16.673	0.000
16.683	0.000
16.693	0.000
16.703	0.000
16.713	0.000
16.723	0.000
16.733	0.000
16.743	0.000
16.753	0.000
16.763	0.000
16.773	0.000
16.783	0.000
16.793	0.000
16.803	0.000
16.813	0.000
16.823	0.000
16.833	0.000
16.843	0.000
16.853	0.000
16.863	0.000
16.873	0.000
16.883	0.000
16.893	0.000
16.903	0.000
16.913	0.000
16.923	0.000
16.933	0.000
16.943	0.000
16.953	0.000
16.963	0.000
16.973	0.000
16.983	0.000
16.993	0.000
17.003	0.000
17.013	0.000
17.023	0.000
17.033	0.000
17.043	0.000
17.053	0.000
17.063	0.000
17.073	0.000
17.083	0.000
17.093	0.000
17.103	0.000
17.113	0.000
17.123	0.000
17.133	0.000
17.143	0.000
17.153	0.000
17.163	0.000
17.173	0.000
17.183	0.000
17.193	0.000
17.203	0.000
17.213	0.000
17.223	0.000
17.233	0.000
17.243	0.000
17.253	0.000
17.263	0.000
17.273	0.000
17.283	0.000
17.293	0.000
17.303	0.000
17.313	0.000
17.323	0.000
17.333	0.000
17.343	0.000
17.353	0.000
17.363	0.000
17.373	0.000
17.383	0.000
17.393	0.000
17.403	0.000
17.413	0.000
17.423	0.000
17.433	0.000
17.443	0.000
17.453	0.000
17.463	0.000
17.473	0.000
17.483	0.000
17.493	0.000
17.503	0.000
17.513	0.000
17.523	0.000
17.533	0.000
17.543	0.000
17.553	0.000
17.563	0.000
17.573	0.000
17.583	0.000
17.593	0.000
17.603	0.000
17.613	0.000
17.623	0.000
17.633	0.000
17.643	0.000
17.653	0.000
17.663	0.000
17.673	0.000
17.683	0.000
17.693	745.260
17.703	747.143
17.713	748.299
17.723	750.230
17.733	751.522
17.743	752.094
17.753	752.392
17.763	752.102
17.773	750.476
17.783	749.391
17.793	747.065
17.803	744.935
17.813	742.722
17.823	741.668
17.833	739.967
17.843	738.546
17.853	737.853
17.863	736.766
17.873	736.132
17.883	736.152
17.893	736.344
17.903	737.385
17.913	739.122
17.923	741.250
17.933	742.264
17.943	744.312
17.953	746.583
17.963	747.748
17.973	749.163
17.983	750.045
17.993	750.238
18.003	749.563
18.013	747.647
18.023	745.191
18.033	743.920
18.043	741.592
18.053	738.827
18.063	736.145
18.073	734.945
18.083	733.101
18.093	732.205
18.103	732.166
18.113	732.467
18.123	733.199
18.133	734.435
18.143	735.433
18.153	738.074
18.163	741.011
18.173	743.718
18.183	744.946
18.193	747.686
18.203	749.059
18.213	749.180
18.223	750.112
18.233	749.056
18.243	747.784
18.253	746.659
18.263	743.510
18.273	740.629
18.283	738.351
18.293	737.301
18.303	735.606
18.313	734.622
18.323	734.402
18.333	734.526
18.343	735.186
18.353	736.166
18.363	736.763
18.373	738.149
18.383	740.059
18.393	741.395
18.403	744.738
18.413	747.267
18.423	745.085
18.433	744.008
18.443	739.428
18.453	734.866
18.463	735.670
18.473	736.908
18.483	738.059
18.493	736.552
18.503	735.793
18.513	735.647
18.523	0.000
18.533	0.000
18.543	0.000
18.553	0.000
18.563	0.000
18.573	0.000
18.583	0.000
18.593	726.776
18.603	731.310
18.613	732.871
18.623	735.030
18.633	737.565
18.643	740.185
18.653	741.289
18.663	742.499
18.673	742.847
18.683	743.024
18.693	743.642
18.703	743.654
18.713	742.056
18.723	741.093
18.733	739.112
18.743	737.359
18.753	736.442
18.763	734.498
18.773	732.477
18.783	730.542
18.793	729.580
18.803	727.855
18.813	726.612
18.823	727.175
18.833	727.845
18.843	729.030
18.853	730.797
18.863	732.122
18.873	735.108
18.883	738.292
18.893	741.375
18.903	742.626
18.913	744.155
18.923	744.693
18.933	744.444
18.943	743.796
18.953	742.081
18.963	740.613
18.973	739.746
18.983	737.660
18.993	735.341
19.003	733.114
19.013	731.993
19.023	729.611
19.033	727.340
19.043	726.223
19.053	725.578
19.063	726.572
19.073	728.961
19.083	730.311
19.093	732.426
19.103	734.243
19.113	736.241
19.123	737.317
19.133	739.000
19.143	739.943
19.153	740.089
19.163	739.739
19.173	738.866
19.183	737.068
19.193	736.074
19.203	734.050
19.213	731.970
19.223	730.644
19.233	727.554
19.243	723.728
19.253	722.163
19.263	722.354
19.273	724.042
19.283	727.195
19.293	730.828
19.303	732.148
19.313	733.754
19.323	734.790
19.333	736.022
19.343	736.951
19.353	733.756
19.363	734.031
19.373	734.095
19.383	735.503
19.393	735.821
19.403	735.589
19.413	734.422
19.423	734.910
19.433	734.505
19.443	734.526
19.453	0.000
19.463	0.000
19.473	0.000
19.483	0.000
19.493	0.000
19.503	656.791
19.513	656.534
19.523	655.951
19.533	655.298
19.543	654.053
19.553	653.318
19.563	651.796
19.573	650.720
19.583	650.326
19.593	649.491
19.603	648.489
19.613	648.271
19.623	648.336
19.633	647.861
19.643	647.478
19.653	647.909
19.663	648.380
19.673	649.266
19.683	650.034
19.693	650.595
19.703	652.055
19.713	653.800
19.723	656.734
19.733	657.520
19.743	657.948
19.753	658.190
19.763	658.111
19.773	657.924
19.783	657.191
19.793	655.731
19.803	654.598
19.813	651.964
19.823	650.126
19.833	648.474
19.843	647.675
19.853	647.441
19.863	649.221
19.873	650.081
19.883	651.165
19.893	652.804
19.903	655.866
19.913	657.394
19.923	658.506
19.933	658.916
19.943	659.046
19.953	659.078
19.963	658.277
19.973	656.969
19.983	656.264
19.993	653.093
20.003	651.872
20.013	650.526
20.023	649.761
20.033	648.719
20.043	649.359
20.053	649.864
20.063	651.380
20.073	653.224
20.083	656.102
20.093	657.051
20.103	657.191
20.113	657.035
20.123	657.046
20.133	656.784
20.143	656.598
20.153	655.857
20.163	655.499
20.173	654.897
20.183	654.705
20.193	654.674
20.203	654.578
20.213	654.450
20.223	654.597
20.233	653.992
20.243	654.507
20.253	653.982
20.263	653.986
20.273	654.962
20.283	656.566
20.293	666.217
20.303	686.000
20.313	688.885
20.323	687.891
20.333	727.597
20.343	730.833
20.353	733.125
20.363	735.766
20.373	738.839
20.383	740.376
20.393	743.901
20.403	745.300
20.413	745.172
20.423	743.778
20.433	742.043
20.443	740.839
20.453	740.497
20.463	739.912
20.473	738.494
20.483	736.948
20.493	736.236
20.503	735.263
20.513	734.464
20.523	734.147
20.533	733.559
20.543	732.839
20.553	732.433
20.563	732.549
20.573	733.551
20.583	735.161
20.593	736.201
20.603	738.616
20.613	741.121
20.623	742.945
20.633	743.746
20.643	744.992
20.653	745.378
20.663	744.581
20.673	743.820
20.683	742.538
20.693	740.618
20.703	739.320
20.713	736.407
20.723	733.952
20.733	731.824
20.743	730.854
20.753	728.821
20.763	727.512
20.773	727.088
20.783	727.186
20.793	728.482
20.803	729.779
20.813	730.302
20.823	731.692
20.833	733.814
20.843	736.538
20.853	737.990
20.863	741.153
20.873	743.577
20.883	744.117
20.893	744.299
20.903	743.655
20.913	741.980
20.923	741.094
20.933	738.850
20.943	736.242
20.953	734.791
20.963	732.062
20.973	729.172
20.983	726.102
20.993	725.864
21.003	726.797
21.013	728.376
21.023	730.819
21.033	731.930
21.043	734.218
21.053	736.621
21.063	737.970
21.073	740.517
21.083	742.208
21.093	743.026
21.103	743.236
21.113	743.833
21.123	742.650
21.133	740.743
21.143	737.390
21.153	735.380
21.163	734.428
21.173	734.995
21.183	736.447
21.193	0.000
21.203	0.000
21.213	0.000
21.223	0.000
21.233	0.000
21.243	0.000
21.253	0.000
21.263	728.240
21.273	731.944
21.283	733.428
21.293	735.629
21.303	738.467
21.313	739.812
21.323	742.366
21.333	743.950
21.343	744.901
21.353	745.061
21.363	745.136
21.373	744.762
21.383	743.183
21.393	741.962
21.403	739.379
21.413	736.965
21.423	735.916
21.433	734.036
21.443	732.460
21.453	729.491
21.463	726.149
21.473	724.307
21.483	723.793
21.493	723.588
21.503	723.931
21.513	725.410
21.523	727.321
21.533	728.818
21.543	732.843
21.553	736.144
21.563	739.337
21.573	740.999
21.583	743.185
21.593	743.776
21.603	743.518
21.613	742.212
21.623	740.849
21.633	739.118
21.643	738.067
21.653	735.537
21.663	732.970
21.673	730.293
21.683	728.683
21.693	725.261
21.703	723.749
21.713	723.644
21.723	723.753
21.733	724.481
21.743	725.699
21.753	726.381
21.763	727.933
21.773	729.867
21.783	731.088
21.793	733.607
21.803	735.846
21.813	737.691
21.823	738.196
21.833	738.274
21.843	737.472
21.853	736.097
21.863	735.158
21.873	732.751
21.883	729.884
21.893	728.342
21.903	726.225
21.913	725.105
21.923	724.166
21.933	723.707
21.943	722.795
21.953	722.926
21.963	723.512
21.973	724.948
21.983	726.195
21.993	727.878
22.003	729.156
22.013	731.963
22.023	734.710
22.033	737.866
22.043	739.723
22.053	743.575
22.063	743.963
22.073	743.220
22.083	0.000
22.093	0.000
22.103	0.000
22.113	0.000
22.123	0.000
22.133	0.000
22.143	0.000
22.153	0.000
22.163	0.000
22.173	0.000
22.183	0.000
22.193	719.725
22.203	721.186
22.213	722.844
22.223	724.384
22.233	727.093
22.243	730.182
22.253	731.995
22.263	734.871
22.273	736.498
22.283	737.979
22.293	738.361
22.303	739.404
22.313	740.443
22.323	740.890
22.333	740.696
22.343	738.743
22.353	736.533
22.363	735.421
22.373	733.551
22.383	731.509
22.393	729.375
22.403	728.169
22.413	725.337
22.423	721.477
22.433	720.290
22.443	719.561
22.453	720.726
22.463	723.039
22.473	724.087
22.483	726.277
22.493	729.672
22.503	731.637
22.513	734.440
22.523	736.747
22.533	739.330
22.543	740.388
22.553	741.617
22.563	741.561
22.573	741.013
22.583	740.626
22.593	739.238
22.603	736.846
22.613	735.627
22.623	733.095
22.633	730.304
22.643	726.675
22.653	724.745
22.663	721.950
22.673	721.089
22.683	721.063
22.693	721.478
22.703	722.813
22.713	725.067
22.723	726.976
22.733	732.146
22.743	736.083
22.753	738.937
22.763	740.689
22.773	743.661
22.783	744.608
22.793	744.713
22.803	743.922
22.813	742.044
22.823	739.423
22.833	737.751
22.843	734.633
22.853	731.727
22.863	728.407
22.873	726.728
22.883	724.463
22.893	723.586
22.903	724.050
22.913	726.005
22.923	729.294
22.933	732.188
22.943	733.048
22.953	734.132
22.963	734.949
22.973	735.091
22.983	735.015
22.993	734.801
23.003	733.503
23.013	733.410
23.023	0.000
23.033	0.000
23.043	0.000
23.053	0.000
23.063	0.000
23.073	0.000
23.083	0.000
23.093	0.000
23.103	0.000
23.113	0.000
23.123	657.566
23.133	657.988
23.143	657.617
23.153	657.198
23.163	657.066
23.173	656.292
23.183	655.225
23.193	654.802
23.203	653.706
23.213	653.225
23.223	652.339
23.233	651.969
23.243	651.710
23.253	651.587
23.263	651.644
23.273	652.338
23.283	653.775
23.293	656.318
23.303	657.407
23.313	658.191
23.323	658.438
23.333	658.441
23.343	658.707
23.353	658.969
23.363	658.926
23.373	658.868
23.383	658.561
23.393	658.041
23.403	657.139
23.413	656.596
23.423	654.630
23.433	652.756
23.443	652.419
23.453	651.384
23.463	650.392
23.473	650.214
23.483	650.505
23.493	651.783
23.503	653.858
23.513	655.391
23.523	658.235
23.533	658.341
23.543	658.518
23.553	658.509
23.563	658.778
23.573	658.852
23.583	658.449
23.593	658.139
23.603	657.269
23.613	656.211
23.623	655.294
23.633	651.870
23.643	650.058
23.653	648.215
23.663	647.672
23.673	647.807
23.683	648.639
23.693	649.249
23.703	650.786
23.713	653.320
23.723	656.223
23.733	657.406
23.743	657.303
23.753	656.515
23.763	656.083
23.773	655.673
23.783	653.584
23.793	652.764
23.803	652.497
23.813	652.220
23.823	651.550
23.833	652.114
23.843	652.676
23.853	653.503
23.863	653.607
23.873	653.359
23.883	654.143
23.893	654.943
23.903	654.142
23.913	653.518
23.923	653.484
23.933	0.000
23.943	0.000
23.953	0.000
23.963	0.000
23.973	483.343
23.983	486.215
23.993	490.517
24.003	491.998
24.013	492.334
24.023	492.053
24.033	491.366
24.043	490.325
24.053	488.914
24.063	488.297
24.073	486.820
24.083	485.933
24.093	485.601
24.103	485.704
24.113	486.473
24.123	487.658
24.133	488.253
24.143	489.836
24.153	491.281
24.163	491.515
24.173	492.555
24.183	492.863
24.193	493.772
24.203	494.006
24.213	494.658
24.223	495.282
24.233	495.422
24.243	495.561
24.253	494.797
24.263	494.198
24.273	493.578
24.283	492.591
24.293	491.029
24.303	489.091
24.313	488.165
24.323	485.949
24.333	484.207
24.343	483.757
24.353	483.516
24.363	484.431
24.373	486.392
24.383	487.801
24.393	490.142
24.403	492.700
24.413	494.168
24.423	494.830
24.433	495.056
24.443	495.270
24.453	495.296
24.463	495.083
24.473	494.571
24.483	493.595
24.493	492.850
24.503	491.015
24.513	488.504
24.523	487.292
24.533	484.521
24.543	482.199
24.553	481.413
24.563	481.352
24.573	482.256
24.583	484.338
24.593	487.472
24.603	489.131
24.613	491.177
24.623	492.525
24.633	492.673
24.643	492.743
24.653	492.324
24.663	491.620
24.673	491.199
24.683	490.695
24.693	490.097
24.703	489.855
24.713	489.427
24.723	490.679
24.733	494.241
24.743	496.214
24.753	496.677
24.763	492.730
24.773	489.223
24.783	488.302
24.793	490.224
24.803	490.006
24.813	0.000
24.823	0.000
24.833	0.000
24.843	0.000
24.853	0.000
24.863	0.000
24.873	0.000
24.883	0.000
24.893	0.000
24.903	0.000
24.913	0.000
24.923	0.000
24.933	0.000
24.943	0.000
24.953	725.769
24.963	728.763
24.973	730.504
24.983	730.703
24.993	730.776
25.003	730.530
25.013	730.008
25.023	729.198
25.033	728.633
25.043	727.056
25.053	727.331
25.063	727.357
25.073	726.944
25.083	725.742
25.093	725.916
25.103	726.005
25.113	725.977
25.123	726.000
25.133	726.234
25.143	726.256
25.153	725.742
25.163	725.089
25.173	725.577
25.183	726.843
25.193	727.866
25.203	728.905
25.213	729.544
25.223	731.251
25.233	733.054
25.243	735.694
25.253	737.242
25.263	740.738
25.273	742.402
25.283	742.221
25.293	741.186
25.303	740.373
25.313	739.881
25.323	739.556
25.333	738.284
25.343	736.519
25.353	735.453
25.363	733.187
25.373	730.753
25.383	728.947
25.393	728.508
25.403	729.080
25.413	730.587
25.423	732.014
25.433	732.539
25.443	733.440
25.453	735.047
25.463	736.280
25.473	739.089
25.483	741.746
25.493	742.913
25.503	742.880
25.513	742.594
25.523	742.367
25.533	741.832
25.543	739.700
25.553	737.591
25.563	735.207
25.573	734.011
25.583	732.117
25.593	730.748
25.603	729.448
25.613	729.149
25.623	729.803
25.633	731.229
25.643	732.074
25.653	733.725
25.663	735.321
25.673	736.670
25.683	736.709
25.693	734.915
25.703	734.072
25.713	734.320
25.723	735.557
25.733	735.412
25.743	735.350
25.753	735.249
25.763	737.660
25.773	733.796
25.783	734.448
25.793	734.670
25.803	735.791
25.813	737.773
25.823	738.722
25.833	740.215
25.843	739.399
25.853	736.044
25.863	734.008
25.873	729.710
25.883	727.107
25.893	727.563
25.903	729.736
25.913	732.080
25.923	733.828
25.933	734.500
25.943	736.456
25.953	739.398
25.963	742.792
25.973	744.158
25.983	745.877
25.993	747.578
26.003	747.741
26.013	747.514
26.023	747.675
26.033	747.581
26.043	746.840
26.053	744.461
26.063	741.330
26.073	739.379
26.083	735.611
26.093	732.913
26.103	731.359
26.113	730.802
26.123	729.851
26.133	729.208
26.143	729.425
26.153	730.140
26.163	732.355
26.173	734.991
26.183	736.418
26.193	739.484
26.203	742.778
26.213	745.037
26.223	745.665
26.233	746.601
26.243	746.587
26.253	746.398
26.263	745.308
26.273	743.784
26.283	741.505
26.293	740.138
26.303	737.038
26.313	734.256
26.323	731.911
26.333	730.853
26.343	728.500
26.353	726.630
26.363	726.178
26.373	726.776
26.383	728.562
26.393	730.786
26.403	732.020
26.413	735.225
26.423	738.535
26.433	740.238
26.443	742.945
26.453	743.316
26.463	742.373
26.473	741.663
26.483	739.337
26.493	737.117
26.503	735.460
26.513	735.161
26.523	735.792
26.533	737.562
26.543	738.745
26.553	741.637
26.563	741.512
26.573	735.606
26.583	0.000
26.593	0.000
26.603	0.000
26.613	0.000
26.623	0.000
26.633	0.000
26.643	0.000
26.653	0.000
26.663	0.000
26.673	0.000
26.683	0.000
26.693	0.000
26.703	0.000
26.713	659.850
26.723	659.340
26.733	658.950
26.743	658.646
26.753	658.274
26.763	658.145
26.773	657.565
26.783	656.651
26.793	654.962
26.803	653.744
26.813	652.753
26.823	652.485
26.833	652.172
26.843	650.701
26.853	648.818
26.863	648.206
26.873	648.793
26.883	650.409
26.893	652.503
26.903	653.791
26.913	658.122
26.923	659.415
26.933	659.800
26.943	660.230
26.953	660.780
26.963	661.294
26.973	661.292
26.983	660.963
26.993	659.548
27.003	657.751
27.013	656.804
27.023	653.101
27.033	650.488
27.043	649.773
27.053	649.342
27.063	648.471
27.073	649.842
27.083	651.210
27.093	654.514
27.103	658.846
27.113	660.498
27.123	660.697
27.133	661.664
27.143	662.343
27.153	662.976
27.163	663.250
27.173	662.441
27.183	660.674
27.193	659.916
27.203	658.229
27.213	656.099
27.223	652.137
27.233	651.141
27.243	649.579
27.253	648.945
27.263	649.307
27.273	650.581
27.283	652.815
27.293	656.796
27.303	658.538
27.313	659.791
27.323	660.442
27.333	661.137
27.343	661.414
27.353	661.583
27.363	661.347
27.373	660.994
27.383	659.775
27.393	658.350
27.403	656.936
27.413	655.947
27.423	653.476
27.433	652.693
27.443	652.510
27.453	652.477
27.463	652.809
27.473	653.165
27.483	653.742
27.493	655.003
27.503	655.705
27.513	656.305
27.523	0.000
27.533	0.000
27.543	0.000
27.553	0.000
27.563	0.000
27.573	0.000
27.583	728.567
27.593	734.539
27.603	739.285
27.613	743.140
27.623	744.805
27.633	746.705
27.643	747.873
27.653	748.024
27.663	747.476
27.673	744.943
27.683	741.090
27.693	737.212
27.703	735.679
27.713	733.973
27.723	733.438
27.733	733.057
27.743	732.078
27.753	731.301
27.763	730.871
27.773	730.947
27.783	731.762
27.793	733.543
27.803	735.373
27.813	736.548
27.823	738.654
27.833	740.870
27.843	742.043
27.853	744.443
27.863	746.918
27.873	748.229
27.883	748.337
27.893	748.436
27.903	746.635
27.913	745.233
27.923	742.311
27.933	739.142
27.943	735.867
27.953	734.149
27.963	731.013
27.973	728.117
27.983	726.487
27.993	725.972
28.003	725.375
28.013	725.539
28.023	726.262
28.033	728.486
28.043	731.725
28.053	735.416
28.063	737.071
28.073	740.653
28.083	743.599
28.093	743.874
28.103	743.247
28.113	740.548
28.123	737.541
28.133	736.224
28.143	734.062
28.153	732.174
28.163	730.354
28.173	729.422
28.183	727.865
28.193	727.316
28.203	727.671
28.213	729.685
28.223	732.207
28.233	734.208
28.243	735.032
28.253	737.015
28.263	740.557
28.273	741.790
28.283	737.965
28.293	734.947
28.303	0.000
28.313	0.000
28.323	0.000
28.333	0.000
28.343	0.000
28.353	0.000
28.363	0.000
28.373	0.000
28.383	0.000
28.393	0.000
28.403	0.000
28.413	0.000
28.423	555.756
28.433	557.217
28.443	557.594
28.453	557.649
28.463	557.652
28.473	557.564
28.483	557.395
28.493	557.427
28.503	557.666
28.513	557.984
28.523	557.881
28.533	557.667
28.543	557.394
28.553	557.622
28.563	557.759
28.573	558.108
28.583	558.280
28.593	558.912
28.603	559.616
28.613	559.110
28.623	560.720
28.633	560.423
28.643	0.000
28.653	0.000
28.663	0.000
28.673	0.000
28.683	0.000
28.693	0.000
28.703	0.000
28.713	0.000
28.723	0.000
28.733	0.000
28.743	544.456
28.753	554.348
28.763	556.849
28.773	556.822
28.783	556.410
28.793	554.981
28.803	553.869
28.813	553.417
28.823	552.789
28.833	552.617
28.843	554.140
28.853	554.825
28.863	555.253
28.873	557.454
28.883	556.996
28.893	551.741
28.903	0.000
28.913	0.000
28.923	0.000
28.933	0.000
28.943	0.000
28.953	0.000
28.963	0.000
28.973	0.000
28.983	0.000
28.993	0.000
29.003	444.233
29.013	438.859
29.023	438.640
29.033	438.634
29.043	439.010
29.053	439.362
29.063	439.505
29.073	439.678
29.083	439.689
29.093	439.824
29.103	439.817
29.113	439.821
29.123	439.798
29.133	439.761
29.143	439.839
29.153	440.189
29.163	441.117
29.173	441.187
29.183	440.686
29.193	439.376
29.203	440.019
29.213	440.127
29.223	439.622
29.233	440.143
29.243	0.000
29.253	0.000
29.263	0.000
29.273	0.000
29.283	0.000
29.293	0.000
29.303	555.462
29.313	558.162
29.323	558.861
29.333	559.340
29.343	558.804
29.353	558.169
29.363	557.660
29.373	556.556
29.383	555.360
29.393	554.910
29.403	554.416
29.413	555.343
29.423	555.969
29.433	556.659
29.443	557.399
29.453	558.329
29.463	558.952
29.473	560.348
29.483	560.906
29.493	564.468
29.503	567.226
29.513	0.000
29.523	0.000
29.533	0.000
29.543	0.000
29.553	0.000
29.563	0.000
29.573	0.000
29.583	0.000
29.593	0.000
29.603	550.370
29.613	553.010
29.623	555.020
29.633	554.829
29.643	554.320
29.653	553.593
29.663	553.533
29.673	554.223
29.683	554.801
29.693	556.203
29.703	557.662
29.713	558.652
29.723	558.789
29.733	559.377
29.743	559.843
29.753	559.568
29.763	0.000
29.773	0.000
29.783	0.000
29.793	0.000
29.803	0.000
29.813	0.000
29.823	0.000
29.833	0.000
29.843	0.000
29.853	436.170
29.863	435.919
29.873	438.590
29.883	439.016
29.893	438.644
29.903	438.782
29.913	438.971
29.923	439.292
29.933	439.373
29.943	439.504
29.953	439.481
29.963	439.467
29.973	439.360
29.983	439.282
29.993	439.291
30.003	439.298
30.013	439.317
30.023	439.485
30.033	439.468
30.043	439.432
30.053	439.562
30.063	439.646
30.073	439.186
30.083	439.258
30.093	439.613
30.103	440.274
30.113	439.849
30.123	438.147
30.133	435.832
30.143	432.293
30.153	427.441
30.163	426.527
30.173	431.461
30.183	434.127
30.193	437.342
30.203	440.591
30.213	442.587
30.223	443.148
30.233	443.489
30.243	443.773
30.253	444.057
30.263	444.955
30.273	444.994
30.283	440.086
30.293	436.773
30.303	437.411
30.313	432.636
30.323	427.067
30.333	429.699
30.343	434.931
30.353	438.370
30.363	441.036
30.373	442.231
30.383	443.310
30.393	443.303
30.403	443.170
30.413	442.088
30.423	441.150
30.433	441.007
30.443	439.284
30.453	438.434
30.463	436.130
30.473	434.999
30.483	434.424
30.493	435.417
30.503	436.176
30.513	436.446
30.523	435.506
30.533	435.232
30.543	436.310
30.553	436.574
30.563	438.621
30.573	438.231
30.583	435.181
30.593	428.925
30.603	428.043
30.613	429.889
30.623	430.774
30.633	432.697
30.643	434.623
30.653	435.274
30.663	435.570
30.673	434.354
30.683	432.464
30.693	431.541
30.703	431.096
30.713	431.710
30.723	433.012
30.733	432.561
30.743	431.286
30.753	430.965
30.763	431.337
30.773	432.759
30.783	434.275
30.793	434.925
30.803	434.767
30.813	433.477
30.823	433.603
30.833	435.157
30.843	438.460
30.853	433.788
30.863	426.809
30.873	425.913
30.883	427.080
30.893	429.687
30.903	432.536
30.913	433.503
30.923	434.431
30.933	433.590
30.943	432.811
30.953	430.654
30.963	428.966
30.973	430.317
30.983	432.925
30.993	439.550
31.003	432.663
31.013	428.902
31.023	428.066
31.033	431.121
31.043	434.840
31.053	436.314
31.063	439.003
31.073	441.828
31.083	442.755
31.093	442.283
31.103	441.416
31.113	440.530
31.123	440.202
31.133	439.364
31.143	438.361
31.153	437.788
31.163	437.552
31.173	437.502
31.183	437.243
31.193	436.986
31.203	436.657
31.213	437.141
31.223	437.658
31.233	437.841
31.243	437.992
31.253	437.994
31.263	438.282
31.273	438.610
31.283	438.982
31.293	440.389
31.303	441.273
31.313	443.703
31.323	441.103
31.333	438.815
31.343	438.932
31.353	439.055
31.363	440.072
31.373	440.723
31.383	441.260
31.393	440.640
31.403	439.174
31.413	438.281
31.423	438.752
31.433	439.940
31.443	440.117
31.453	441.292
31.463	441.807
31.473	442.099
31.483	441.203
31.493	444.024
31.503	0.000
31.513	0.000
31.523	0.000
31.533	0.000
31.543	0.000
31.553	0.000
31.563	0.000
31.573	0.000
31.583	0.000
31.593	0.000
31.603	0.000
31.613	0.000
31.623	490.378
31.633	490.787
31.643	491.889
31.653	492.947
31.663	493.415
31.673	493.411
31.683	493.182
31.693	493.471
31.703	493.465
31.713	493.491
31.723	493.929
31.733	496.650
31.743	508.066
31.753	553.897
31.763	557.864
31.773	559.295
31.783	560.687
31.793	561.307
31.803	561.560
31.813	561.669
31.823	561.235
31.833	561.175
31.843	561.403
31.853	560.784
31.863	559.151
31.873	553.785
31.883	560.416
31.893	585.231
31.903	593.226
31.913	594.201
31.923	594.359
31.933	594.097
31.943	594.072
31.953	594.219
31.963	594.030
31.973	593.601
31.983	593.089
31.993	592.755
32.003	591.869
32.013	591.120
32.023	590.794
32.033	590.317
32.043	589.429
32.053	589.197
32.063	588.783
32.073	588.117
32.083	587.068
32.093	588.179
32.103	588.154
32.113	588.569
32.123	588.576
32.133	588.074
32.143	587.127
32.153	586.424
32.163	588.765
32.173	598.728
32.183	0.000
32.193	0.000
32.203	0.000
32.213	0.000
32.223	595.102
32.233	595.384
32.243	595.295
32.253	594.432
32.263	593.005
32.273	590.924
32.283	589.781
32.293	587.784
32.303	587.344
32.313	587.092
32.323	586.465
32.333	586.248
32.343	586.311
32.353	586.321
32.363	587.110
32.373	587.040
32.383	586.617
32.393	586.964
32.403	587.335
32.413	586.612
32.423	586.581
32.433	587.034
32.443	588.508
32.453	586.435
32.463	586.482
32.473	589.086
32.483	0.000
32.493	0.000
32.503	0.000
32.513	555.401
32.523	556.924
32.533	557.233
32.543	556.840
32.553	555.866
32.563	555.788
32.573	555.342
32.583	554.354
32.593	553.557
32.603	553.302
32.613	553.137
32.623	551.667
32.633	540.864
32.643	0.000
32.653	494.372
32.663	492.839
32.673	492.471
32.683	491.253
32.693	492.055
32.703	493.321
32.713	493.372
32.723	493.300
32.733	493.406
32.743	493.563
32.753	493.682
32.763	493.782
32.773	496.586
32.783	499.684
32.793	508.157
32.803	528.072
32.813	550.536
32.823	554.205
32.833	557.990
32.843	560.587
32.853	561.016
32.863	560.997
32.873	560.470
32.883	559.078
32.893	558.172
32.903	556.104
32.913	554.388
32.923	553.470
32.933	553.324
32.943	553.387
32.953	553.369
32.963	553.232
32.973	553.320
32.983	554.176
32.993	555.566
33.003	556.295
33.013	558.052
33.023	559.942
33.033	560.777
33.043	562.404
33.053	563.731
33.063	564.159
33.073	564.096
33.083	563.059
33.093	561.792
33.103	560.427
33.113	559.572
33.123	557.213
33.133	555.341
33.143	554.649
33.153	553.790
33.163	553.547
33.173	554.161
33.183	554.606
33.193	555.814
33.203	557.615
33.213	558.622
33.223	560.647
33.233	562.024
33.243	563.093
33.253	563.401
33.263	563.320
33.273	562.515
33.283	561.460
33.293	561.015
33.303	560.533
33.313	560.439
33.323	560.614
33.333	560.388
33.343	560.411
33.353	560.745
33.363	561.099
33.373	560.435
33.383	565.169
33.393	568.029
33.403	570.673
33.413	562.417
33.423	539.495
33.433	546.547
33.443	552.660
33.453	556.107
33.463	557.906
33.473	558.300
33.483	559.073
33.493	559.598
33.503	559.832
33.513	560.284
33.523	560.674
33.533	560.727
33.543	560.955
33.553	566.610
33.563	579.840
33.573	582.606
33.583	584.927
33.593	586.101
33.603	587.397
33.613	588.497
33.623	590.971
33.633	592.482
33.643	592.864
33.653	593.656
33.663	599.103
33.673	614.431
33.683	619.840
33.693	636.008
33.703	652.667
33.713	662.573
33.723	663.147
33.733	664.541
33.743	665.059
33.753	665.124
33.763	665.455
33.773	665.509
33.783	665.689
33.793	665.796
33.803	665.538
33.813	665.111
33.823	664.362
33.833	664.607
33.843	663.657
33.853	662.381
33.863	662.463
33.873	0.000
33.883	0.000
33.893	0.000
33.903	0.000
33.913	0.000
33.923	0.000
33.933	0.000
33.943	0.000
33.953	0.000
33.963	0.000
33.973	0.000
33.983	0.000
33.993	0.000
34.003	0.000
34.013	0.000
34.023	0.000
34.033	0.000
34.043	0.000
34.053	657.113
34.063	656.817
34.073	656.643
34.083	656.783
34.093	657.550
34.103	657.685
34.113	657.737
34.123	657.675
34.133	657.822
34.143	657.577
34.153	657.150
34.163	656.692
34.173	656.904
34.183	656.719
34.193	657.760
34.203	0.000
34.213	0.000
34.223	0.000
34.233	0.000
34.243	0.000
34.253	0.000
34.263	0.000
34.273	0.000
34.283	0.000
34.293	0.000
34.303	0.000
34.313	0.000
34.323	0.000
34.333	587.914
34.343	590.019
34.353	589.466
34.363	588.973
34.373	588.666
34.383	588.268
34.393	587.482
34.403	587.131
34.413	585.684
34.423	583.617
34.433	580.861
34.443	578.738
34.453	569.272
34.463	563.394
34.473	562.800
34.483	561.781
34.493	560.866
34.503	561.464
34.513	561.355
34.523	560.830
34.533	561.131
34.543	562.011
34.553	562.014
34.563	561.800
34.573	562.419
34.583	563.212
34.593	567.447
34.603	574.484
34.613	576.483
34.623	576.732
34.633	589.554
34.643	594.633
34.653	595.182
34.663	595.250
34.673	595.235
34.683	595.785
34.693	596.085
34.703	596.272
34.713	595.708
34.723	594.625
34.733	593.943
34.743	592.636
34.753	591.329
34.763	590.600
34.773	588.449
34.783	586.162
34.793	584.040
34.803	582.935
34.813	581.727
34.823	580.918
34.833	580.293
34.843	580.393
34.853	581.779
34.863	584.650
34.873	586.526
34.883	590.436
34.893	592.919
34.903	594.196
34.913	594.682
34.923	595.003
34.933	595.176
34.943	595.220
34.953	594.595
34.963	593.087
34.973	590.802
34.983	589.419
34.993	586.777
35.003	585.039
35.013	583.691
35.023	583.584
35.033	583.781
35.043	584.516
35.053	585.289
35.063	586.599
35.073	587.761
35.083	588.862
35.093	588.974
35.103	588.882
35.113	588.740
35.123	588.527
35.133	588.430
35.143	587.542
35.153	585.898
35.163	585.464
35.173	584.760
35.183	0.000
35.193	0.000
35.203	472.031
35.213	485.702
35.223	489.608
35.233	491.020
35.243	492.543
35.253	493.303
35.263	493.474
35.273	493.257
35.283	493.240
35.293	493.052
35.303	492.951
35.313	492.450
35.323	491.755
35.333	490.872
35.343	490.946
35.353	493.497
35.363	529.227
35.373	546.236
35.383	551.286
35.393	555.579
35.403	558.373
35.413	559.125
35.423	560.187
35.433	560.395
35.443	560.945
35.453	560.684
35.463	560.268
35.473	559.496
35.483	558.219
35.493	557.270
35.503	570.021
35.513	581.051
35.523	583.160
35.533	586.669
35.543	588.431
35.553	589.687
35.563	590.243
35.573	590.233
35.583	590.024
35.593	590.032
35.603	590.026
35.613	590.581
35.623	590.989
35.633	591.070
35.643	590.316
35.653	589.524
35.663	588.857
35.673	588.824
35.683	588.318
35.693	588.621
35.703	588.587
35.713	588.430
35.723	587.839
35.733	588.811
35.743	588.863
35.753	588.383
35.763	588.341
35.773	586.990
35.783	588.951
35.793	0.000
35.803	0.000
35.813	0.000
35.823	0.000
35.833	589.693
35.843	590.039
35.853	590.058
35.863	589.634
35.873	589.433
35.883	589.293
35.893	589.419
35.903	589.794
35.913	590.077
35.923	590.317
35.933	589.874
35.943	588.633
35.953	588.837
35.963	589.431
35.973	590.144
35.983	589.777
35.993	589.746
36.003	589.672
36.013	588.327
36.023	585.470
36.033	587.266
36.043	589.178
36.053	588.479
36.063	590.135
36.073	594.292
36.083	595.846
36.093	538.778
36.103	542.032
36.113	548.619
36.123	550.445
36.133	550.105
36.143	549.523
36.153	548.437
36.163	547.038
36.173	546.295
36.183	545.822
36.193	547.782
36.203	549.110
36.213	549.418
36.223	549.217
36.233	533.961
36.243	504.432
36.253	494.046
36.263	492.150
36.273	491.601
36.283	491.437
36.293	490.539
36.303	489.991
36.313	489.936
36.323	490.010
36.333	490.169
36.343	490.744
36.353	491.077
36.363	493.625
36.373	498.734
36.383	504.849
36.393	515.448
36.403	543.941
36.413	554.619
36.423	556.782
36.433	559.218
36.443	560.379
36.453	560.180
36.463	560.173
36.473	559.064
36.483	557.781
36.493	557.091
36.503	555.860
36.513	554.454
36.523	553.097
36.533	552.425
36.543	551.028
36.553	550.228
36.563	550.952
36.573	551.561
36.583	552.824
36.593	554.416
36.603	555.233
36.613	556.804
36.623	558.316
36.633	559.543
36.643	559.963
36.653	560.674
36.663	561.239
36.673	561.304
36.683	561.250
36.693	560.513
36.703	559.430
36.713	558.525
36.723	556.796
36.733	554.578
36.743	552.988
36.753	552.407
36.763	551.567
36.773	550.829
36.783	550.441
36.793	550.016
36.803	550.651
36.813	552.026
36.823	553.055
36.833	555.142
36.843	557.263
36.853	559.739
36.863	561.237
36.873	562.997
36.883	563.053
36.893	562.928
36.903	562.737
36.913	562.666
36.923	562.597
36.933	562.572
36.943	562.575
36.953	562.994
36.963	562.955
36.973	0.000
36.983	0.000
36.993	0.000
37.003	0.000
37.013	0.000
37.023	0.000
37.033	547.686
37.043	549.649
37.053	553.924
37.063	556.728
37.073	557.468
37.083	558.282
37.093	558.115
37.103	557.785
37.113	557.887
37.123	557.953
37.133	557.954
37.143	557.875
37.153	558.015
37.163	561.441
37.173	575.039
37.183	579.466
37.193	583.963
37.203	586.494
37.213	587.929
37.223	588.577
37.233	589.645
37.243	590.740
37.253	590.935
37.263	590.968
37.273	591.003
37.283	592.503
37.293	592.750
37.303	601.696
37.313	645.244
37.323	652.678
37.333	658.198
37.343	658.978
37.353	659.268
37.363	659.471
37.373	659.697
37.383	659.795
37.393	659.560
37.403	659.484
37.413	659.120
37.423	658.806
37.433	658.724
37.443	658.518
37.453	658.444
37.463	658.142
37.473	658.214
37.483	657.433
37.493	657.267
37.503	657.221
37.513	656.723
37.523	0.000
37.533	0.000
37.543	0.000
37.553	0.000
37.563	0.000
37.573	0.000
37.583	0.000
37.593	0.000
37.603	0.000
37.613	0.000
37.623	710.921
37.633	721.509
37.643	724.272
37.653	724.901
37.663	725.406
37.673	725.913
37.683	726.398
37.693	728.039
37.703	730.115
37.713	730.903
37.723	730.273
37.733	725.657
37.743	683.241
37.753	668.119
37.763	662.809
37.773	658.794
37.783	656.700
37.793	656.882
37.803	656.095
37.813	656.153
37.823	656.388
37.833	656.456
37.843	656.611
37.853	656.601
37.863	656.528
37.873	656.602
37.883	656.832
37.893	656.756
37.903	0.000
37.913	0.000
37.923	589.212
37.933	590.709
37.943	590.770
37.953	590.263
37.963	589.015
37.973	588.174
37.983	586.502
37.993	584.303
38.003	582.773
38.013	582.326
38.023	581.178
38.033	579.695
38.043	577.877
38.053	576.951
38.063	570.516
38.073	558.874
38.083	556.903
38.093	557.150
38.103	558.115
38.113	558.181
38.123	557.988
38.133	557.599
38.143	557.105
38.153	556.998
38.163	557.050
38.173	556.697
38.183	555.607
38.193	555.094
38.203	554.378
38.213	553.501
38.223	544.570
38.233	516.471
38.243	495.932
38.253	495.489
38.263	495.572
38.273	495.972
38.283	496.448
38.293	496.001
38.303	495.449
38.313	494.514
38.323	493.687
38.333	492.931
38.343	492.053
38.353	491.370
38.363	491.030
38.373	490.988
38.383	491.006
38.393	491.213
38.403	491.743
38.413	492.038
38.423	492.424
38.433	492.955
38.443	493.099
38.453	494.107
38.463	495.159
38.473	495.852
38.483	496.169
38.493	496.746
38.503	496.872
38.513	496.674
38.523	495.916
38.533	494.475
38.543	492.987
38.553	492.060
38.563	490.626
38.573	489.673
38.583	489.265
38.593	489.283
38.603	489.881
38.613	490.810
38.623	491.343
38.633	492.694
38.643	494.185
38.653	495.295
38.663	495.700
38.673	496.084
38.683	496.382
38.693	496.326
38.703	496.292
38.713	495.677
38.723	494.757
38.733	493.712
38.743	492.753
38.753	490.452
38.763	491.912
38.773	492.616
38.783	494.622
38.793	496.382
38.803	501.189
38.813	0.000
38.823	0.000
38.833	0.000
38.843	0.000
38.853	0.000
38.863	0.000
38.873	577.573
38.883	581.156
38.893	582.988
38.903	584.199
38.913	584.446
38.923	584.873
38.933	585.090
38.943	584.903
38.953	584.993
38.963	584.844
38.973	588.979
38.983	591.442
38.993	602.572
39.003	601.380
39.013	641.874
39.023	650.230
39.033	655.482
39.043	657.813
39.053	656.943
39.063	658.360
39.073	657.552
39.083	656.455
39.093	656.620
39.103	655.870
39.113	0.000
39.123	0.000
39.133	732.096
39.143	734.857
39.153	733.969
39.163	733.763
39.173	734.248
39.183	735.180
39.193	735.495
39.203	735.885
39.213	736.434
39.223	735.893
39.233	735.699
39.243	735.745
39.253	736.089
39.263	736.329
39.273	736.251
39.283	735.709
39.293	734.650
39.303	734.329
39.313	734.211
39.323	734.330
39.333	734.520
39.343	734.345
39.353	734.224
39.363	734.295
39.373	734.875
39.383	734.480
39.393	710.587
39.403	710.919
39.413	718.740
39.423	724.648
39.433	732.448
39.443	735.978
39.453	736.153
39.463	736.441
39.473	736.036
39.483	735.585
39.493	735.560
39.503	735.774
39.513	736.075
39.523	735.731
39.533	734.912
39.543	734.286
39.553	733.307
39.563	732.809
39.573	733.740
39.583	732.388
39.593	725.305
39.603	0.000
39.613	0.000
39.623	0.000
39.633	0.000
39.643	0.000
39.653	0.000
39.663	0.000
39.673	0.000
39.683	0.000
39.693	0.000
39.703	0.000
39.713	656.081
39.723	657.158
39.733	657.278
39.743	657.353
39.753	657.399
39.763	656.550
39.773	655.465
39.783	654.772
39.793	652.959
39.803	652.860
39.813	626.648
39.823	596.402
39.833	594.095
39.843	593.538
39.853	593.080
39.863	592.677
39.873	592.278
39.883	592.383
39.893	592.242
39.903	591.871
39.913	591.695
39.923	591.553
39.933	591.730
39.943	591.987
39.953	592.742
39.963	595.253
39.973	602.062
39.983	617.959
39.993	621.740
40.003	636.473
40.013	646.212
40.023	657.210
40.033	660.360
40.043	662.873
40.053	663.404
40.063	663.661
40.073	660.825
40.083	655.819
40.093	652.719
40.103	652.870
40.113	654.839
40.123	657.632
40.133	658.461
40.143	658.177
40.153	658.039
40.163	657.651
40.173	657.292
40.183	656.695
40.193	656.059
40.203	654.608
40.213	654.175
40.223	653.703
40.233	653.721
40.243	654.325
40.253	656.914
40.263	659.403
40.273	660.671
40.283	661.353
40.293	663.194
40.303	664.868
40.313	666.251
40.323	666.993
40.333	667.233
40.343	667.205
40.353	667.040
40.363	665.660
40.373	663.975
40.383	662.181
40.393	661.160
40.403	659.272
40.413	658.535
40.423	658.847
40.433	658.174
40.443	656.030
40.453	656.183
40.463	656.845
40.473	658.346
40.483	0.000
40.493	0.000
40.503	0.000
40.513	0.000
40.523	655.387
40.533	655.853
40.543	655.947
40.553	656.063
40.563	653.681
40.573	637.653
40.583	644.019
40.593	652.632
40.603	657.024
40.613	657.387
40.623	657.825
40.633	657.763
40.643	657.742
40.653	657.675
40.663	657.665
40.673	657.653
40.683	657.667
40.693	658.626
40.703	0.000
40.713	0.000
40.723	740.848
40.733	741.956
40.743	742.469
40.753	742.496
40.763	742.940
40.773	743.605
40.783	745.115
40.793	745.670
40.803	746.408
40.813	746.851
40.823	746.942
40.833	746.898
40.843	746.425
40.853	748.007
40.863	749.738
40.873	759.177
40.883	785.146
40.893	789.464
40.903	793.732
40.913	794.174
40.923	793.896
40.933	793.655
40.943	792.785
40.953	791.672
40.963	790.085
40.973	789.188
40.983	786.896
40.993	785.438
41.003	785.327
41.013	785.023
41.023	784.636
41.033	783.493
41.043	783.453
41.053	782.669
41.063	782.786
41.073	782.785
41.083	782.766
41.093	782.710
41.103	782.602
41.113	785.091
41.123	787.791
41.133	788.498
41.143	790.310
41.153	0.000
41.163	0.000
41.173	0.000
41.183	0.000
41.193	0.000
41.203	777.388
41.213	776.778
41.223	776.137
41.233	776.078
41.243	776.962
41.253	777.565
41.263	779.057
41.273	780.990
41.283	782.736
41.293	783.531
41.303	784.599
41.313	784.876
41.323	784.854
41.333	784.682
41.343	784.592
41.353	784.414
41.363	783.942
41.373	783.760
41.383	784.002
41.393	785.158
41.403	786.000
41.413	786.412
41.423	787.500
41.433	786.111
41.443	782.596
41.453	784.418
41.463	784.730
41.473	782.025
41.483	790.101
41.493	0.000
41.503	0.000
41.513	0.000
41.523	0.000
41.533	735.296
41.543	736.569
41.553	737.626
41.563	737.407
41.573	737.371
41.583	737.732
41.593	738.972
41.603	740.437
41.613	741.055
41.623	741.027
41.633	738.959
41.643	0.000
41.653	0.000
41.663	657.944
41.673	657.336
41.683	657.619
41.693	657.237
41.703	657.680
41.713	657.464
41.723	657.352
41.733	657.295
41.743	657.311
41.753	657.388
41.763	657.553
41.773	657.842
41.783	658.488
41.793	661.177
41.803	695.672
41.813	720.260
41.823	727.008
41.833	732.327
41.843	737.118
41.853	738.771
41.863	739.094
41.873	739.110
41.883	738.914
41.893	738.698
41.903	738.350
41.913	736.476
41.923	732.798
41.933	728.002
41.943	727.765
41.953	728.204
41.963	727.652
41.973	727.706
41.983	728.423
41.993	730.175
42.003	731.548
42.013	732.343
42.023	734.614
42.033	737.242
42.043	737.574
42.053	737.350
42.063	737.484
42.073	737.609
42.083	737.475
42.093	736.673
42.103	735.165
42.113	732.915
42.123	731.428
42.133	729.108
42.143	728.580
42.153	727.944
42.163	727.609
42.173	727.180
42.183	728.466
42.193	729.568
42.203	731.695
42.213	733.977
42.223	737.060
42.233	738.149
42.243	738.067
42.253	737.767
42.263	737.705
42.273	737.215
42.283	736.223
42.293	735.613
42.303	735.809
42.313	736.281
42.323	734.772
42.333	734.225
42.343	733.996
42.353	734.541
42.363	0.000
42.373	0.000
42.383	0.000
42.393	0.000
42.403	0.000
42.413	0.000
42.423	0.000
42.433	0.000
42.443	0.000
42.453	0.000
42.463	579.584
42.473	582.193
42.483	583.329
42.493	583.937
42.503	584.251
42.513	584.288
42.523	584.204
42.533	584.028
42.543	584.427
42.553	587.063
42.563	607.308
42.573	636.515
42.583	641.697
42.593	645.707
42.603	654.046
42.613	656.543
42.623	656.979
42.633	657.232
42.643	656.496
42.653	653.622
42.663	652.304
42.673	650.090
42.683	645.239
42.693	640.280
42.703	638.749
42.713	634.908
42.723	0.000
42.733	0.000
42.743	733.089
42.753	733.205
42.763	733.398
42.773	733.386
42.783	733.409
42.793	732.627
42.803	731.794
42.813	729.734
42.823	729.588
42.833	729.066
42.843	728.768
42.853	728.400
42.863	728.854
42.873	729.405
42.883	729.622
42.893	730.076
42.903	730.580
42.913	730.909
42.923	732.504
42.933	733.952
42.943	734.363
42.953	734.271
42.963	734.939
42.973	735.105
42.983	735.515
42.993	734.882
43.003	733.782
43.013	0.000
43.023	0.000
43.033	0.000
43.043	0.000
43.053	0.000
43.063	725.983
43.073	730.573
43.083	733.318
43.093	734.467
43.103	737.225
43.113	737.555
43.123	736.954
43.133	736.934
43.143	737.002
43.153	737.283
43.163	737.531
43.173	737.519
43.183	737.510
43.193	737.404
43.203	737.270
43.213	736.163
43.223	0.000
43.233	0.000
43.243	0.000
43.253	0.000
43.263	0.000
43.273	0.000
43.283	0.000
43.293	0.000
43.303	0.000
43.313	0.000
43.323	0.000
43.333	0.000
43.343	0.000
43.353	0.000
43.363	649.850
43.373	656.124
43.383	657.043
43.393	657.366
43.403	656.016
43.413	653.185
43.423	651.663
43.433	645.082
43.443	619.565
43.453	604.241
43.463	595.513
43.473	591.993
43.483	590.371
43.493	590.678
43.503	589.808
43.513	589.547
43.523	589.513
43.533	589.407
43.543	590.354
43.553	590.373
43.563	589.981
43.573	589.061
43.583	624.083
43.593	646.012
43.603	652.228
43.613	660.547
43.623	662.203
43.633	663.190
43.643	664.663
43.653	665.175
43.663	665.273
43.673	665.191
43.683	664.362
43.693	663.235
43.703	662.033
43.713	661.520
43.723	659.060
43.733	654.560
43.743	655.186
43.753	655.677
43.763	647.266
43.773	638.319
43.783	645.086
43.793	638.112
43.803	632.546
43.813	640.793
43.823	637.315
43.833	0.000
43.843	0.000
43.853	0.000
43.863	0.000
43.873	0.000
43.883	644.873
43.893	648.842
43.903	650.727
43.913	652.640
43.923	654.097
43.933	657.676
43.943	659.199
43.953	659.608
43.963	659.826
43.973	660.221
43.983	660.792
43.993	661.043
44.003	661.681
44.013	662.566
44.023	662.720
44.033	662.598
44.043	662.235
44.053	661.295
44.063	660.276
44.073	0.000
44.083	0.000
44.093	0.000
44.103	0.000
44.113	0.000
44.123	0.000
44.133	0.000
44.143	0.000
44.153	0.000
44.163	0.000
44.173	0.000
44.183	0.000
44.193	0.000
44.203	0.000
44.213	0.000
44.223	578.428
44.233	583.483
44.243	587.111
44.253	587.068
44.263	586.693
44.273	586.235
44.283	586.068
44.293	585.748
44.303	585.304
44.313	583.690
44.323	582.606
44.333	580.982
44.343	578.879
44.353	575.022
44.363	563.587
44.373	561.495
44.383	562.180
44.393	562.203
44.403	563.038
44.413	561.644
44.423	560.197
44.433	559.572
44.443	558.511
44.453	556.968
44.463	556.148
44.473	554.476
44.483	550.523
44.493	538.392
44.503	0.000
44.513	490.061
44.523	491.642
44.533	491.522
44.543	492.223
44.553	492.440
44.563	493.296
44.573	493.503
44.583	494.268
44.593	494.468
44.603	494.474
44.613	494.391
44.623	494.253
44.633	494.209
44.643	494.240
44.653	494.113
44.663	493.936
44.673	493.465
44.683	493.326
44.693	492.865
44.703	492.270
44.713	491.413
44.723	490.734
44.733	489.942
44.743	489.438
44.753	489.138
44.763	489.100
44.773	489.377
44.783	489.853
44.793	490.222
44.803	490.572
44.813	491.513
44.823	491.955
44.833	493.135
44.843	494.191
44.853	494.829
44.863	495.111
44.873	495.722
44.883	496.187
44.893	496.454
44.903	496.311
44.913	495.635
44.923	494.325
44.933	493.657
44.943	492.453
44.953	491.417
44.963	490.238
44.973	489.742
44.983	488.956
44.993	488.424
45.003	487.998
45.013	488.013
45.023	488.158
45.033	488.598
45.043	488.750
45.053	489.495
45.063	489.774
45.073	490.057
45.083	490.235
45.093	491.109
45.103	492.386
45.113	492.874
45.123	493.523
45.133	493.559
45.143	493.042
45.153	492.799
45.163	492.204
45.173	491.302
45.183	490.791
45.193	490.243
45.203	489.852
45.213	489.483
45.223	489.329
45.233	488.912
45.243	488.699
45.253	488.479
45.263	488.357
45.273	488.190
45.283	488.334
45.293	488.484
45.303	488.521
45.313	488.827
45.323	489.544
45.333	489.835
45.343	490.724
45.353	491.829
45.363	492.226
45.373	492.830
45.383	493.340
45.393	494.192
45.403	494.253
45.413	494.525
45.423	493.981
45.433	493.035
45.443	492.615
45.453	491.536
45.463	490.244
45.473	489.812
45.483	488.924
45.493	488.391
45.503	487.840
45.513	487.781
45.523	487.381
45.533	487.299
45.543	487.545
45.553	488.204
45.563	489.497
45.573	490.552
45.583	491.104
45.593	492.283
45.603	493.584
45.613	494.331
45.623	494.759
45.633	495.120
45.643	495.324
45.653	495.106
45.663	494.152
45.673	492.857
45.683	491.582
45.693	490.756
45.703	489.467
45.713	487.964
45.723	487.048
45.733	486.707
45.743	486.388
45.753	486.719
45.763	487.009
45.773	487.959
45.783	489.024
45.793	490.381
45.803	490.941
45.813	492.789
45.823	494.198
45.833	494.800
45.843	495.358
45.853	495.922
45.863	496.039
45.873	495.774
45.883	495.030
45.893	493.890
45.903	492.662
45.913	491.999
45.923	490.859
45.933	489.586
45.943	488.986
45.953	488.349
45.963	488.211
45.973	488.509
45.983	489.010
45.993	489.918
46.003	490.969
46.013	491.717
46.023	493.502
46.033	494.971
46.043	495.692
46.053	496.070
46.063	496.734
46.073	496.831
46.083	496.407
46.093	495.845
46.103	494.478
46.113	492.869
46.123	492.297
46.133	491.312
46.143	490.670
46.153	490.658
46.163	490.963
46.173	492.045
46.183	493.208
46.193	493.726
46.203	494.145
46.213	494.282
46.223	494.034
46.233	493.608
46.243	492.337
46.253	490.239
46.263	491.327
46.273	490.528
46.283	0.000
46.293	0.000
46.303	0.000
46.313	0.000
46.323	0.000
46.333	0.000
46.343	0.000
46.353	0.000
46.363	244.413
46.373	245.568
46.383	245.984
46.393	246.079
46.403	246.154
46.413	246.063
46.423	246.401
46.433	246.474
46.443	246.361
46.453	246.262
46.463	246.302
46.473	246.679
46.483	246.317
46.493	246.659
46.503	246.617
46.513	246.642
46.523	246.546
46.533	246.579
46.543	246.589
46.553	246.431
46.563	246.267
46.573	246.113
46.583	246.000
46.593	245.969
46.603	245.855
46.613	245.533
46.623	245.306
46.633	245.194
46.643	245.197
46.653	245.139
46.663	245.206
46.673	245.024
46.683	244.986
46.693	245.077
46.703	245.168
46.713	245.414
46.723	245.773
46.733	245.919
46.743	246.116
46.753	246.381
46.763	246.778
46.773	246.869
46.783	247.127
46.793	247.213
46.803	247.273
46.813	247.290
46.823	247.116
46.833	246.990
46.843	246.834
46.853	246.649
46.863	246.354
46.873	245.874
46.883	245.567
46.893	245.195
46.903	244.846
46.913	244.659
46.923	244.447
46.933	244.221
46.943	244.090
46.953	244.070
46.963	244.142
46.973	244.415
46.983	244.691
46.993	244.774
47.003	244.887
47.013	245.003
47.023	245.187
47.033	245.490
47.043	245.737
47.053	245.952
47.063	246.065
47.073	246.254
47.083	246.365
47.093	246.341
47.103	246.273
47.113	246.079
47.123	245.732
47.133	245.582
47.143	245.220
47.153	244.832
47.163	244.592
47.173	244.555
47.183	244.234
47.193	244.125
47.203	244.023
47.213	243.958
47.223	243.824
47.233	243.777
47.243	243.897
47.253	244.044
47.263	244.437
47.273	244.875
47.283	245.111
47.293	245.590
47.303	246.043
47.313	246.133
47.323	246.472
47.333	246.706
47.343	246.959
47.353	246.970
47.363	247.029
47.373	246.910
47.383	246.871
47.393	246.678
47.403	246.448
47.413	246.221
47.423	246.030
47.433	245.705
47.443	245.365
47.453	244.873
47.463	244.739
47.473	244.384
47.483	244.099
47.493	243.951
47.503	243.795
47.513	243.807
47.523	243.922
47.533	244.089
47.543	244.396
47.553	244.825
47.563	245.073
47.573	245.676
47.583	246.138
47.593	246.491
47.603	246.574
47.613	246.853
47.623	246.955
47.633	246.979
47.643	246.900
47.653	246.687
47.663	246.321
47.673	246.150
47.683	245.636
47.693	245.090
47.703	244.543
47.713	244.294
47.723	243.788
47.733	243.344
47.743	243.142
47.753	242.894
47.763	242.767
47.773	242.969
47.783	243.247
47.793	243.868
47.803	244.550
47.813	245.387
47.823	245.667
47.833	246.340
47.843	246.718
47.853	246.839
47.863	247.215
47.873	247.336
47.883	247.061
47.893	246.887
47.903	246.487
47.913	245.996
47.923	245.802
47.933	245.346
47.943	245.067
47.953	245.009
47.963	245.039
47.973	245.255
47.983	245.399
47.993	245.397
48.003	245.197
48.013	244.232
48.023	244.586
48.033	244.477
48.043	245.213
48.053	245.055
48.063	244.803
48.073	0.000
48.083	0.000
48.093	0.000
48.103	0.000
48.113	0.000
48.123	0.000
48.133	0.000
48.143	496.942
48.153	497.660
48.163	498.177
48.173	497.429
48.183	497.309
48.193	496.992
48.203	497.031
48.213	496.969
48.223	497.477
48.233	496.906
48.243	496.806
48.253	497.184
48.263	496.452
48.273	495.169
48.283	494.613
48.293	493.413
48.303	491.857
48.313	493.646
48.323	493.319
48.333	494.247
48.343	493.706
48.353	493.905
48.363	493.840
48.373	493.284
48.383	493.488
48.393	493.076
48.403	494.065
48.413	494.707
48.423	494.079
48.433	493.979
48.443	495.692
48.453	493.275
48.463	491.285
48.473	484.081
48.483	496.067
48.493	0.000
48.503	0.000
48.513	0.000
48.523	0.000
48.533	0.000
48.543	0.000
48.553	0.000
48.563	0.000
48.573	0.000
48.583	0.000
48.593	0.000
48.603	0.000
48.613	0.000
48.623	0.000
48.633	0.000
48.643	0.000
48.653	0.000
48.663	0.000
48.673	0.000
48.683	0.000
48.693	0.000
48.703	0.000
48.713	0.000
48.723	0.000
48.733	0.000
48.743	0.000
48.753	0.000
48.763	0.000
48.773	0.000
48.783	0.000
48.793	0.000
48.803	0.000
48.813	0.000
48.823	0.000
48.833	0.000
48.843	0.000
48.853	0.000
48.863	0.000
48.873	0.000
48.883	0.000
48.893	0.000
48.903	0.000
48.913	0.000
48.923	0.000
48.933	0.000
48.943	0.000
48.953	0.000
48.963	0.000
48.973	0.000
48.983	0.000
48.993	0.000
49.003	0.000
49.013	0.000
49.023	0.000
49.033	0.000
49.043	0.000
49.053	0.000
49.063	0.000
49.073	0.000
49.083	0.000
49.093	0.000
49.103	0.000
49.113	0.000
49.123	0.000
49.133	0.000
49.143	0.000
49.153	0.000
49.163	0.000
49.173	0.000
49.183	0.000
49.193	0.000
49.203	0.000
49.213	0.000
49.223	0.000
49.233	0.000
49.243	0.000
49.253	0.000
49.263	0.000
49.273	0.000
49.283	0.000
49.293	0.000
49.303	0.000
49.313	0.000
49.323	0.000
49.333	0.000
49.343	0.000
49.353	0.000
49.363	0.000
49.373	0.000
49.383	0.000
49.393	0.000
49.403	0.000
49.413	0.000
49.423	0.000
49.433	0.000
49.443	0.000
49.453	0.000
49.463	0.000
49.473	0.000
49.483	0.000
49.493	0.000
49.503	0.000
49.513	0.000
49.523	0.000
49.533	0.000
49.543	0.000
49.553	0.000
49.563	0.000
49.573	0.000
49.583	0.000
49.593	0.000
49.603	0.000
49.613	0.000
49.623	0.000
49.633	0.000
49.643	0.000
49.653	0.000
49.663	0.000
49.673	0.000
49.683	0.000
49.693	0.000
49.703	0.000
49.713	0.000
49.723	0.000
49.733	0.000
49.743	0.000
49.753	0.000
49.763	0.000
49.773	0.000
49.783	0.000
49.793	0.000
49.803	0.000
